3.115470912763450281e-09 2.228032553871079581e-10 5.505399965816702568e-11 2.023227075073988217e-11 -7.772020544660619900e-11 -1.892021770153375504e-11 -6.726024745050562186e-11 3.852732550356615556e-11 -1.390013883105862655e-11 -7.384284849733043298e-12 3.946199575232106440e-11 3.224676344860838109e-11 3.181039072195537732e-11 3.986894964178191525e-11 1.469681523760433992e-11 4.073991001258909381e-12 2.117613209251204258e-11 7.563846726537416197e-12 -1.517055703738258866e-11 -6.457571452084306067e-12 1.046749780228272033e-12 -1.973284953613443791e-11 3.633588809392961582e-12 5.054342514384707888e-12 4.261959754059029796e-12 -5.566350140235648737e-12
2.228032553871079581e-10 1.549742716916638342e-09 8.217695410470364974e-11 3.649382187252131933e-11 7.466371219293037931e-11 -8.515646283167547926e-11 -1.751103601173287176e-11 -7.883451997330800892e-13 -1.956665848490584011e-12 -2.564109822764856250e-11 -1.907547218244859475e-11 -9.927598166939181863e-12 -8.632633534924021202e-12 2.142019643269657058e-12 1.420630631801232693e-11 3.170340237069665885e-12 -9.779150267063808418e-12 -8.586956329867959010e-12 -2.910777876795814995e-12 -9.023292204006465931e-12 -5.756861266246812419e-12 -2.067684788388632082e-11 -4.639721172885141730e-12 1.837716448695359772e-11 5.640698326258095091e-12 -3.079275201472607912e-12
5.505399965816702568e-11 8.217695410470364974e-11 1.106855269245935601e-09 4.294944066841248748e-11 5.673922522647212666e-11 3.044037100747357244e-12 -1.400368050886257742e-13 -2.946440555540987704e-11 1.365661477235339306e-11 -6.215132609403947672e-12 -4.318438472043556579e-12 2.121000909792880992e-11 6.938351199058530685e-14 1.192207936620778102e-11 1.747253864573351773e-11 3.726564155239490640e-12 -1.269749503645842525e-11 -4.459671462685453000e-12 -2.093814598477472473e-12 -7.679960383261854248e-12 2.379452432317501838e-13 7.878631007353644830e-13 7.343435930943626451e-12 -6.254460413589209079e-13 1.459046569166885161e-13 -1.526669393573932153e-13
2.023227075073988217e-11 3.649382187252131933e-11 4.294944066841248748e-11 6.312248034805745968e-10 2.823514732527793933e-11 -9.298853359429689366e-12 -2.428396579903816744e-11 -1.727258139691981154e-11 -4.696619534748565820e-12 -7.592412962922695403e-12 2.046621607735013540e-11 -4.685662139889547147e-12 1.210862232954699515e-11 1.401501017855060954e-11 3.588200347790315633e-12 -1.262976886104289668e-11 -1.054917022886036155e-11 -1.484959659039798942e-11 -1.423537159683339375e-11 -8.867197111657551655e-12 -1.333789193008689231e-11 -7.808946626241347918e-12 -3.542845153741186067e-12 -2.719375256211759818e-12 -1.064929192428597678e-12 3.212395526298377673e-12
-7.772020544660619900e-11 7.466371219293037931e-11 5.673922522647212666e-11 2.823514732527793933e-11 5.162555077761270837e-10 7.514131131446550451e-11 6.096292908362066358e-11 8.311944041042491174e-12 6.314785075001021030e-12 -1.545365788169878264e-12 -6.096183673117025200e-12 6.508267018249436368e-12 -2.532248810540641127e-13 1.331621443405342162e-13 1.321369956375984927e-11 1.615882859336128885e-11 9.733804188324321809e-13 -4.308918934262226840e-12 -2.688550605321447390e-12 3.254778555530271851e-12 9.895297793574749379e-12 2.805710267389545297e-12 3.280334191313715015e-12 3.748116126554508016e-12 1.399995643787134878e-12 -8.718515120321653768e-13
-1.892021770153375504e-11 -8.515646283167547926e-11 3.044037100747357244e-12 -9.298853359429689366e-12 7.514131131446550451e-11 2.926849879071157611e-10 4.258892128135856662e-11 2.245376672583361033e-11 1.321942233118175897e-11 6.465900144320741725e-12 -2.722140809887248269e-12 -6.181260302415436484e-12 -4.964324879175134751e-12 -9.734790221051214332e-12 -1.777476753198466340e-11 -6.229185639693571855e-12 -1.677840798328783460e-12 4.303991113596905668e-12 3.095218273023885334e-12 3.265858290271652619e-12 2.640012559598597400e-12 7.969004389910997407e-12 3.299107740421903202e-12 2.047763710883051606e-12 -1.395968898919926413e-12 -4.729737819549230907e-13
-6.726024745050562186e-11 -1.751103601173287176e-11 -1.400368050886257742e-13 -2.428396579903816744e-11 6.096292908362066358e-11 4.258892128135856662e-11 1.973739683665667709e-10 2.657020134912525972e-11 1.501382400848330165e-11 5.820731550601238797e-12 8.301361249088319733e-12 1.805249895367744090e-12 7.409047764246085367e-14 -2.495306397024519597e-12 -2.503021871937519124e-12 -4.601385010338326638e-12 -2.666266207005336804e-12 7.906325974638576998e-13 -7.016411776797201143e-12 -3.789095544010938055e-12 4.091383922000070095e-12 4.030325405679033561e-12 9.777214889317814307e-13 6.295340738593314397e-13 5.419034512867029855e-13 1.849191360289030333e-12
3.852732550356615556e-11 -7.883451997330800892e-13 -2.946440555540987704e-11 -1.727258139691981154e-11 8.311944041042491174e-12 2.245376672583361033e-11 2.657020134912525972e-11 1.671174127836555764e-10 3.375469580734083651e-11 1.248980758004459639e-11 -3.391024269946831659e-13 4.246521310323294730e-12 1.474035589796791699e-12 -4.190788648610160660e-12 -3.214202170971121729e-12 4.912515005690433973e-14 4.243095848951269877e-12 -2.280038493443488749e-14 -2.274546732678002693e-12 -1.471722362215272623e-12 8.274906558756546440e-13 -2.150796020085547326e-12 -2.508160431422092073e-12 9.816185048156245232e-14 2.149437389219354411e-13 -7.555988466530139578e-13
-1.390013883105862655e-11 -1.956665848490584011e-12 1.365661477235339306e-11 -4.696619534748565820e-12 6.314785075001021030e-12 1.321942233118175897e-11 1.501382400848330165e-11 3.375469580734083651e-11 1.121578517526680769e-10 2.468690688867585430e-11 1.176491417897386834e-11 9.167414127237885418e-12 1.119958640878379648e-11 -4.929677216808306465e-12 -4.627086504605548009e-13 -1.749698510945342974e-12 -3.629058579652576586e-12 -2.839131736694488080e-12 -3.890054625744427527e-13 -2.766801616513780535e-13 2.204624743713057694e-13 3.012556000732116994e-12 2.123903485878748881e-12 -1.143473857167575922e-12 -1.615625376097495612e-12 -5.122650304150132305e-13
-7.384284849733043298e-12 -2.564109822764856250e-11 -6.215132609403947672e-12 -7.592412962922695403e-12 -1.545365788169878264e-12 6.465900144320741725e-12 5.820731550601238797e-12 1.248980758004459639e-11 2.468690688867585430e-11 8.056202537402288759e-11 2.122136955754940545e-11 1.494032677236290718e-11 5.306017421766024073e-12 2.180519206674773480e-13 2.943688865498541939e-12 -4.914754713905049604e-13 1.947539277123519636e-12 -2.173118797058157645e-12 -2.014954161944581734e-12 -2.548571243235289313e-12 1.244494269455396970e-12 3.344523319855350050e-13 -2.137266695892178218e-12 2.595054552696302982e-13 8.980873360630330036e-14 1.195181673140190335e-12
3.946199575232106440e-11 -1.907547218244859475e-11 -4.318438472043556579e-12 2.046621607735013540e-11 -6.096183673117025200e-12 -2.722140809887248269e-12 8.301361249088319733e-12 -3.391024269946831659e-13 1.176491417897386834e-11 2.122136955754940545e-11 6.977061484835104744e-11 2.246092260798126082e-11 1.490723119970399331e-11 7.223568194636355988e-12 7.787843988751670824e-12 5.722930488355853659e-12 1.259415307766816817e-12 -2.080586119892749465e-13 -4.261742373267399254e-12 -2.655989076592187521e-12 -1.329796561495605517e-12 -1.143646724340320641e-12 4.267962055425086356e-13 -1.411527548869521927e-12 -6.234812889748391225e-13 9.077624532113122643e-15
3.224676344860838109e-11 -9.927598166939181863e-12 2.121000909792880992e-11 -4.685662139889547147e-12 6.508267018249436368e-12 -6.181260302415436484e-12 1.805249895367744090e-12 4.246521310323294730e-12 9.167414127237885418e-12 1.494032677236290718e-11 2.246092260798126082e-11 4.643934818719120696e-11 2.115634028557336111e-11 7.919096254505557788e-12 8.270535686409474193e-12 5.023453437557890861e-12 3.728333155404394557e-12 -4.777089473826565434e-13 5.455133439997009838e-13 2.248037554216510744e-12 2.253496186151079115e-12 2.345928515304221674e-12 1.664323939254248304e-12 -8.460780582887768090e-13 -1.644805754598412849e-12 -1.033191340123069621e-13
3.181039072195537732e-11 -8.632633534924021202e-12 6.938351199058530685e-14 1.210862232954699515e-11 -2.532248810540641127e-13 -4.964324879175134751e-12 7.409047764246085367e-14 1.474035589796791699e-12 1.119958640878379648e-11 5.306017421766024073e-12 1.490723119970399331e-11 2.115634028557336111e-11 4.682547516935567913e-11 1.959845590372473223e-11 1.111298523837252284e-11 4.914132385981442150e-12 3.703446334420372090e-12 1.639561468530554166e-12 3.255536496093455460e-12 5.322618184325908017e-12 4.693270329554148723e-13 9.126422569965146768e-13 8.749591154017419475e-13 3.587593517880265807e-13 -1.264427436357540214e-12 -6.764910785880944150e-13
3.986894964178191525e-11 2.142019643269657058e-12 1.192207936620778102e-11 1.401501017855060954e-11 1.331621443405342162e-13 -9.734790221051214332e-12 -2.495306397024519597e-12 -4.190788648610160660e-12 -4.929677216808306465e-12 2.180519206674773480e-13 7.223568194636355988e-12 7.919096254505557788e-12 1.959845590372473223e-11 4.562802106537343753e-11 2.140889142959526223e-11 8.641309743958720645e-12 1.176443246648940727e-12 7.566295461874004805e-13 1.508487587929983657e-12 1.294943972990414387e-12 -2.461400481793259014e-12 -3.715490164840968841e-12 -5.868960916015651886e-13 4.819955175699607222e-13 -1.589341564948572995e-14 2.617898585764929368e-13
1.469681523760433992e-11 1.420630631801232693e-11 1.747253864573351773e-11 3.588200347790315633e-12 1.321369956375984927e-11 -1.777476753198466340e-11 -2.503021871937519124e-12 -3.214202170971121729e-12 -4.627086504605548009e-13 2.943688865498541939e-12 7.787843988751670824e-12 8.270535686409474193e-12 1.111298523837252284e-11 2.140889142959526223e-11 3.128859597670758905e-11 1.480761797423906887e-11 6.369025509568480602e-12 2.417386898370846669e-12 1.275044036842250348e-12 1.298135725967667340e-12 -1.497638372411553892e-12 -3.097415490149766225e-12 4.998658451647531878e-13 9.339135362870222067e-14 -2.058718646213718035e-13 6.195843009906746274e-13
4.073991001258909381e-12 3.170340237069665885e-12 3.726564155239490640e-12 -1.262976886104289668e-11 1.615882859336128885e-11 -6.229185639693571855e-12 -4.601385010338326638e-12 4.912515005690433973e-14 -1.749698510945342974e-12 -4.914754713905049604e-13 5.722930488355853659e-12 5.023453437557890861e-12 4.914132385981442150e-12 8.641309743958720645e-12 1.480761797423906887e-11 2.801735534576492960e-11 1.260167739609925472e-11 4.148279494482295243e-12 2.928010329882104336e-12 1.717589713277819569e-12 -1.370911336219611882e-12 -1.313767660569040593e-12 1.419928100191441222e-13 -4.225451163272805401e-13 -7.285124962035401971e-13 1.626837715538451086e-13
2.117613209251204258e-11 -9.779150267063808418e-12 -1.269749503645842525e-11 -1.054917022886036155e-11 9.733804188324321809e-13 -1.677840798328783460e-12 -2.666266207005336804e-12 4.243095848951269877e-12 -3.629058579652576586e-12 1.947539277123519636e-12 1.259415307766816817e-12 3.728333155404394557e-12 3.703446334420372090e-12 1.176443246648940727e-12 6.369025509568480602e-12 1.260167739609925472e-11 2.233125888673365964e-11 9.726200017932492419e-12 2.728038893054743915e-12 2.202916607064832203e-12 5.252721493232937938e-14 -8.553695767417560844e-13 8.847924912591581460e-14 -7.536019966819479968e-14 3.068817784687356685e-13 9.741312202561788734e-13
7.563846726537416197e-12 -8.586956329867959010e-12 -4.459671462685453000e-12 -1.484959659039798942e-11 -4.308918934262226840e-12 4.303991113596905668e-12 7.906325974638576998e-13 -2.280038493443488749e-14 -2.839131736694488080e-12 -2.173118797058157645e-12 -2.080586119892749465e-13 -4.777089473826565434e-13 1.639561468530554166e-12 7.566295461874004805e-13 2.417386898370846669e-12 4.148279494482295243e-12 9.726200017932492419e-12 2.090006130769722584e-11 7.935235287285167430e-12 3.449047898082092216e-12 1.389542065572813542e-12 3.502397160497185890e-13 -5.845599378111176023e-13 -4.065581859768550455e-13 7.041514623829321527e-13 2.224974630169098150e-13
-1.517055703738258866e-11 -2.910777876795814995e-12 -2.093814598477472473e-12 -1.423537159683339375e-11 -2.688550605321447390e-12 3.095218273023885334e-12 -7.016411776797201143e-12 -2.274546732678002693e-12 -3.890054625744427527e-13 -2.014954161944581734e-12 -4.261742373267399254e-12 5.455133439997009838e-13 3.255536496093455460e-12 1.508487587929983657e-12 1.275044036842250348e-12 2.928010329882104336e-12 2.728038893054743915e-12 7.935235287285167430e-12 1.671679562068033593e-11 9.349059814601017796e-12 1.938511197483073444e-12 1.063915832649347830e-13 2.870021003345000858e-13 3.173154519022155824e-14 2.965552123435938620e-13 -4.379409622454958017e-13
-6.457571452084306067e-12 -9.023292204006465931e-12 -7.679960383261854248e-12 -8.867197111657551655e-12 3.254778555530271851e-12 3.265858290271652619e-12 -3.789095544010938055e-12 -1.471722362215272623e-12 -2.766801616513780535e-13 -2.548571243235289313e-12 -2.655989076592187521e-12 2.248037554216510744e-12 5.322618184325908017e-12 1.294943972990414387e-12 1.298135725967667340e-12 1.717589713277819569e-12 2.202916607064832203e-12 3.449047898082092216e-12 9.349059814601017796e-12 1.631214656242746756e-11 5.095586290927637719e-12 8.549973908187507009e-13 1.985168799909618225e-12 9.511881514307941080e-13 4.095431478363399666e-13 -5.706048909616964448e-13
1.046749780228272033e-12 -5.756861266246812419e-12 2.379452432317501838e-13 -1.333789193008689231e-11 9.895297793574749379e-12 2.640012559598597400e-12 4.091383922000070095e-12 8.274906558756546440e-13 2.204624743713057694e-13 1.244494269455396970e-12 -1.329796561495605517e-12 2.253496186151079115e-12 4.693270329554148723e-13 -2.461400481793259014e-12 -1.497638372411553892e-12 -1.370911336219611882e-12 5.252721493232937938e-14 1.389542065572813542e-12 1.938511197483073444e-12 5.095586290927637719e-12 1.267052984205804229e-11 4.824537276170855175e-12 2.045409556876370616e-12 1.106473898288257219e-12 3.246701647134384969e-13 -5.132566720765196285e-13
-1.973284953613443791e-11 -2.067684788388632082e-11 7.878631007353644830e-13 -7.808946626241347918e-12 2.805710267389545297e-12 7.969004389910997407e-12 4.030325405679033561e-12 -2.150796020085547326e-12 3.012556000732116994e-12 3.344523319855350050e-13 -1.143646724340320641e-12 2.345928515304221674e-12 9.126422569965146768e-13 -3.715490164840968841e-12 -3.097415490149766225e-12 -1.313767660569040593e-12 -8.553695767417560844e-13 3.502397160497185890e-13 1.063915832649347830e-13 8.549973908187507009e-13 4.824537276170855175e-12 1.126616346122384783e-11 4.129383919163576938e-12 1.411639779292987309e-13 -3.658050150235327466e-13 -1.767514764777446816e-13
3.633588809392961582e-12 -4.639721172885141730e-12 7.343435930943626451e-12 -3.542845153741186067e-12 3.280334191313715015e-12 3.299107740421903202e-12 9.777214889317814307e-13 -2.508160431422092073e-12 2.123903485878748881e-12 -2.137266695892178218e-12 4.267962055425086356e-13 1.664323939254248304e-12 8.749591154017419475e-13 -5.868960916015651886e-13 4.998658451647531878e-13 1.419928100191441222e-13 8.847924912591581460e-14 -5.845599378111176023e-13 2.870021003345000858e-13 1.985168799909618225e-12 2.045409556876370616e-12 4.129383919163576938e-12 8.537453868546771406e-12 1.386995607559804488e-12 -1.029712496903217632e-12 1.197575488530046862e-13
5.054342514384707888e-12 1.837716448695359772e-11 -6.254460413589209079e-13 -2.719375256211759818e-12 3.748116126554508016e-12 2.047763710883051606e-12 6.295340738593314397e-13 9.816185048156245232e-14 -1.143473857167575922e-12 2.595054552696302982e-13 -1.411527548869521927e-12 -8.460780582887768090e-13 3.587593517880265807e-13 4.819955175699607222e-13 9.339135362870222067e-14 -4.225451163272805401e-13 -7.536019966819479968e-14 -4.065581859768550455e-13 3.173154519022155824e-14 9.511881514307941080e-13 1.106473898288257219e-12 1.411639779292987309e-13 1.386995607559804488e-12 5.396568173558435080e-12 5.708737543706341548e-13 -9.938374902251121440e-14
4.261959754059029796e-12 5.640698326258095091e-12 1.459046569166885161e-13 -1.064929192428597678e-12 1.399995643787134878e-12 -1.395968898919926413e-12 5.419034512867029855e-13 2.149437389219354411e-13 -1.615625376097495612e-12 8.980873360630330036e-14 -6.234812889748391225e-13 -1.644805754598412849e-12 -1.264427436357540214e-12 -1.589341564948572995e-14 -2.058718646213718035e-13 -7.285124962035401971e-13 3.068817784687356685e-13 7.041514623829321527e-13 2.965552123435938620e-13 4.095431478363399666e-13 3.246701647134384969e-13 -3.658050150235327466e-13 -1.029712496903217632e-12 5.708737543706341548e-13 3.355274112139825903e-12 -5.456943519521994031e-14
-5.566350140235648737e-12 -3.079275201472607912e-12 -1.526669393573932153e-13 3.212395526298377673e-12 -8.718515120321653768e-13 -4.729737819549230907e-13 1.849191360289030333e-12 -7.555988466530139578e-13 -5.122650304150132305e-13 1.195181673140190335e-12 9.077624532113122643e-15 -1.033191340123069621e-13 -6.764910785880944150e-13 2.617898585764929368e-13 6.195843009906746274e-13 1.626837715538451086e-13 9.741312202561788734e-13 2.224974630169098150e-13 -4.379409622454958017e-13 -5.706048909616964448e-13 -5.132566720765196285e-13 -1.767514764777446816e-13 1.197575488530046862e-13 -9.938374902251121440e-14 -5.456943519521994031e-14 2.757790382474944348e-12
