3.937193702368915891e-09 -2.288746354216971680e-10 5.353281824242420647e-11 1.148554835418160851e-10 1.293014446172448246e-11 8.094475709074613990e-11 -6.770372670987125561e-11 5.578430684788990428e-11 1.745680381117521681e-11 8.093275551152133628e-12 -2.547977727566320210e-11 1.461209899558242107e-11 3.056915440484092648e-11 -2.686278847279101055e-11 -3.748099578277879347e-11 -3.484176164236003718e-11 -2.606065298591581275e-11 -3.427169860874600666e-11 6.345789124067017882e-12 9.541346134992438044e-12 2.391583305740764152e-11 2.959365975918702250e-11 2.186888540440170663e-11 -5.580776638095375013e-12 -1.238976523512606687e-11 -4.055587907301378761e-12
-2.288746354216971680e-10 2.635505465993965136e-09 5.547136094093224152e-11 -4.813390421031172834e-11 9.200440988125606964e-11 1.364676073833337551e-11 -3.260319436607711695e-12 -7.203115921413511368e-11 3.571525738352303025e-11 1.281354273307665562e-11 -2.212216820147072532e-11 -2.745714964771463465e-11 -1.085799102060337434e-12 -1.191335760503347023e-11 -2.935202273015429601e-11 -8.476875333089985780e-12 2.485882465115089616e-11 3.055151603956475630e-11 4.279653761255928514e-11 1.261397669564539375e-11 8.430693849049474255e-12 -4.733233638436832628e-12 -1.069714364971398159e-12 1.673478022316708008e-11 6.814245795464615117e-12 3.524099189981777950e-12
5.353281824242420647e-11 5.547136094093224152e-11 1.871388569964295706e-09 6.618397013748609226e-11 7.268771495799270769e-11 -9.685044625703131735e-12 -4.143190260942451369e-11 -1.395705302049730405e-11 7.448881105322618144e-13 6.881608562122702824e-12 -3.510954452826977715e-11 -4.020622826622942723e-11 -2.301271714693075571e-11 -1.820691447894196250e-11 -4.760828892150252959e-11 -2.757696602999811839e-11 3.357672767623883617e-12 2.758162881115576971e-12 1.340474724231943317e-11 -9.680300382905399520e-12 -1.361168032728506403e-11 -2.052989461798077042e-11 -1.213311435216325085e-11 1.591763352123683704e-11 -9.857344957753017783e-12 9.314129794651436328e-12
1.148554835418160851e-10 -4.813390421031172834e-11 6.618397013748609226e-11 1.319969796232198184e-09 -9.390334166251938034e-11 1.895563889933792646e-10 2.742596141648112215e-11 2.041222395660211610e-11 6.867219221303339306e-11 -4.702406018067716427e-13 -2.096809408538809814e-11 -4.051625615795181472e-12 -7.742694422533361276e-12 -3.834515730344439442e-11 1.383856381823699690e-11 1.754802212123871746e-11 2.279241709357913234e-11 9.067210967655977756e-12 3.961697477970245766e-12 -6.181991895726119618e-12 -8.052508901809145536e-12 -1.926648581396633943e-11 -7.286836940797878556e-12 1.153696440349157164e-12 9.030882830659452421e-13 -3.798402072959862454e-12
1.293014446172448246e-11 9.200440988125606964e-11 7.268771495799270769e-11 -9.390334166251938034e-11 9.245528389190951894e-10 6.791678398959104474e-11 5.552640219080392801e-11 8.282544953556022308e-11 4.138964869671085796e-11 8.720039525975571037e-11 2.078900837150234257e-13 2.263924546808627611e-11 2.053990047927283621e-11 2.083925045602500056e-11 2.709678772607746252e-11 4.203738550492888240e-11 1.515436520105170222e-11 8.139234379160331089e-12 -6.436044847261647341e-12 -1.360211788682902546e-12 5.476924075478843044e-12 9.877670836380558801e-12 9.151559977735924331e-12 8.060724729891527614e-12 -2.387890726473236793e-12 2.711077342159682342e-12
8.094475709074613990e-11 1.364676073833337551e-11 -9.685044625703131735e-12 1.895563889933792646e-10 6.791678398959104474e-11 5.516939431495481461e-10 5.849867679626833326e-11 7.344187334123955417e-11 1.828499809391279751e-11 4.620294459228929340e-11 1.748464994315642560e-12 -1.171887679547195074e-11 -7.854471421365417834e-12 -2.848901995522688127e-11 -1.562195368224281060e-11 -2.661705731791999327e-12 2.684132143366743170e-12 -6.290948876366353864e-12 -5.847370050144666924e-12 3.994447838177972025e-12 7.740113315104645658e-12 -1.854594137555584722e-12 4.035121358143045697e-12 3.576907048369990789e-12 2.352844908628087013e-12 -3.556422131958092479e-13
-6.770372670987125561e-11 -3.260319436607711695e-12 -4.143190260942451369e-11 2.742596141648112215e-11 5.552640219080392801e-11 5.849867679626833326e-11 3.275770542023468216e-10 4.740401566736125656e-11 4.418544893233950278e-11 3.840424032846278699e-11 1.722046944601480952e-11 5.651819822388526126e-12 2.223301607874105313e-13 -1.386778819880981472e-12 6.433346976536760737e-12 1.274921854722157065e-11 8.063891978786633534e-12 6.836979997392102703e-13 8.393839864936364395e-12 1.092030074751831140e-11 4.720123669577122232e-12 1.569447511529727845e-11 3.528320200071821097e-12 -3.463752310630466985e-12 -1.550111352181047596e-12 2.925119576532150659e-12
5.578430684788990428e-11 -7.203115921413511368e-11 -1.395705302049730405e-11 2.041222395660211610e-11 8.282544953556022308e-11 7.344187334123955417e-11 4.740401566736125656e-11 2.478396786704030827e-10 1.311534013314996319e-11 2.862625273874011932e-11 1.457655608896000044e-11 1.049348308029432831e-11 6.487859320122247798e-12 -7.154152479093043535e-12 -4.997667081712916787e-12 8.934351166143537594e-12 1.051047685646580757e-11 2.282630496276245559e-12 4.841928502781713576e-12 4.192948022026508944e-12 -4.209172020350943635e-13 5.995971274997479962e-12 1.156105824913791161e-11 1.184165325399088917e-12 -4.628712821088818230e-12 1.227721821195661246e-12
1.745680381117521681e-11 3.571525738352303025e-11 7.448881105322618144e-13 6.867219221303339306e-11 4.138964869671085796e-11 1.828499809391279751e-11 4.418544893233950278e-11 1.311534013314996319e-11 1.878218962383346061e-10 4.460324916304148112e-11 2.182134329002067527e-11 2.006687221257507327e-11 8.700478748330348642e-12 3.792096335254073243e-12 3.666269795112847883e-12 1.061945994833582210e-11 1.223040075026837457e-11 5.198669049621010277e-12 8.643321354680194309e-12 1.640506163153533521e-12 3.399864570686235971e-12 3.168666008178444759e-12 -1.691874091838800083e-13 -3.788668827628842570e-12 -3.899690450230500435e-12 -3.232861039386003414e-13
8.093275551152133628e-12 1.281354273307665562e-11 6.881608562122702824e-12 -4.702406018067716427e-13 8.720039525975571037e-11 4.620294459228929340e-11 3.840424032846278699e-11 2.862625273874011932e-11 4.460324916304148112e-11 1.575768215812935309e-10 4.528100254432478134e-11 3.353902502111105869e-11 1.395905565959825043e-11 9.619644962628669833e-12 6.528286665652152605e-12 1.074782959984573165e-11 3.935068477336087743e-12 4.060148769898026239e-12 2.838272437749718451e-12 -1.595976745404879343e-13 4.274942856525762337e-12 5.629775592227809908e-12 -1.386401960403786752e-12 -5.819864276345566631e-12 -1.575773157201626123e-12 3.714145678303135557e-12
-2.547977727566320210e-11 -2.212216820147072532e-11 -3.510954452826977715e-11 -2.096809408538809814e-11 2.078900837150234257e-13 1.748464994315642560e-12 1.722046944601480952e-11 1.457655608896000044e-11 2.182134329002067527e-11 4.528100254432478134e-11 9.796717376693140226e-11 2.908054963998818423e-11 2.088749102567744161e-11 1.208188600168383442e-11 5.157440121259720658e-12 8.089514689164164012e-12 -1.564561902930485871e-12 -3.233200628336959231e-12 -1.423321378999021457e-12 -7.126402260847253050e-13 -4.875788650405141387e-12 4.276020501163430012e-12 2.535888025883579631e-12 -1.640358166534515114e-12 8.489272123274279351e-13 5.843242916369974507e-13
1.461209899558242107e-11 -2.745714964771463465e-11 -4.020622826622942723e-11 -4.051625615795181472e-12 2.263924546808627611e-11 -1.171887679547195074e-11 5.651819822388526126e-12 1.049348308029432831e-11 2.006687221257507327e-11 3.353902502111105869e-11 2.908054963998818423e-11 8.143164288605386272e-11 3.309358311676299869e-11 1.988313668323808451e-11 1.577502184536814382e-11 1.183736828322840811e-11 -1.116364800630375690e-12 6.613651702861023836e-12 3.979706677546119190e-12 1.482992751329035591e-12 6.204145809537166657e-13 4.754112124257696115e-12 3.648177601273027670e-13 -8.450789439459313051e-13 -7.074228253217221086e-13 6.236308877649180679e-13
3.056915440484092648e-11 -1.085799102060337434e-12 -2.301271714693075571e-11 -7.742694422533361276e-12 2.053990047927283621e-11 -7.854471421365417834e-12 2.223301607874105313e-13 6.487859320122247798e-12 8.700478748330348642e-12 1.395905565959825043e-11 2.088749102567744161e-11 3.309358311676299869e-11 6.645250473307744264e-11 3.122417189844659774e-11 2.016376505664089211e-11 1.644785577632344954e-11 9.190540304815412050e-12 7.473316810001340295e-12 3.483419631795369006e-12 -3.950130750255599900e-12 -3.484277170722183519e-12 8.464074489050154155e-14 8.414198146077029075e-13 6.121028517543047938e-13 -2.903680890210587372e-12 1.210335813038878358e-12
-2.686278847279101055e-11 -1.191335760503347023e-11 -1.820691447894196250e-11 -3.834515730344439442e-11 2.083925045602500056e-11 -2.848901995522688127e-11 -1.386778819880981472e-12 -7.154152479093043535e-12 3.792096335254073243e-12 9.619644962628669833e-12 1.208188600168383442e-11 1.988313668323808451e-11 3.122417189844659774e-11 6.295282812620864960e-11 3.410988179586518451e-11 1.799139643922352716e-11 4.536700572453864337e-12 3.525784629478542226e-12 2.386501587135758294e-12 -1.077159964976882489e-12 -1.890440133270392327e-12 -3.111860766686274713e-12 -5.735425582321891982e-12 -5.717977739418078504e-12 -3.140130873883387730e-12 4.989316518754007261e-13
-3.748099578277879347e-11 -2.935202273015429601e-11 -4.760828892150252959e-11 1.383856381823699690e-11 2.709678772607746252e-11 -1.562195368224281060e-11 6.433346976536760737e-12 -4.997667081712916787e-12 3.666269795112847883e-12 6.528286665652152605e-12 5.157440121259720658e-12 1.577502184536814382e-11 2.016376505664089211e-11 3.410988179586518451e-11 6.233978022940023219e-11 3.620980701744666918e-11 1.768310325284459689e-11 1.266869945776048614e-11 8.893669144932040004e-12 5.625021007768136303e-12 4.094145928445985508e-12 3.140053879643570976e-12 -1.914283410530702024e-12 -5.079782271120893392e-12 -3.051906172046138317e-12 -5.965666925262430932e-13
-3.484176164236003718e-11 -8.476875333089985780e-12 -2.757696602999811839e-11 1.754802212123871746e-11 4.203738550492888240e-11 -2.661705731791999327e-12 1.274921854722157065e-11 8.934351166143537594e-12 1.061945994833582210e-11 1.074782959984573165e-11 8.089514689164164012e-12 1.183736828322840811e-11 1.644785577632344954e-11 1.799139643922352716e-11 3.620980701744666918e-11 5.753388371072400579e-11 3.634361222192107315e-11 1.831726189970537237e-11 1.199730162595391970e-11 8.670312623698868665e-12 6.100890143515670951e-12 6.843428109358946589e-12 1.868959468506678483e-12 -1.111809187162240528e-12 -1.806800109446001316e-12 -1.455892237593289503e-12
-2.606065298591581275e-11 2.485882465115089616e-11 3.357672767623883617e-12 2.279241709357913234e-11 1.515436520105170222e-11 2.684132143366743170e-12 8.063891978786633534e-12 1.051047685646580757e-11 1.223040075026837457e-11 3.935068477336087743e-12 -1.564561902930485871e-12 -1.116364800630375690e-12 9.190540304815412050e-12 4.536700572453864337e-12 1.768310325284459689e-11 3.634361222192107315e-11 5.390241874095115274e-11 2.901884406364356578e-11 1.780423203966471866e-11 1.129670082089567378e-11 3.297000015185607248e-12 4.109798162929512187e-12 6.577827597638090452e-14 1.656560686343488367e-12 -1.271428405724206415e-12 -7.820961900752097326e-13
-3.427169860874600666e-11 3.055151603956475630e-11 2.758162881115576971e-12 9.067210967655977756e-12 8.139234379160331089e-12 -6.290948876366353864e-12 6.836979997392102703e-13 2.282630496276245559e-12 5.198669049621010277e-12 4.060148769898026239e-12 -3.233200628336959231e-12 6.613651702861023836e-12 7.473316810001340295e-12 3.525784629478542226e-12 1.266869945776048614e-11 1.831726189970537237e-11 2.901884406364356578e-11 4.366852154634592065e-11 2.620872563861257797e-11 1.319614598311707424e-11 5.614572837291343689e-12 4.244999565391359684e-12 2.069904923224101700e-12 3.178328516534193874e-13 -2.238523470367762341e-12 -4.719401863616059234e-13
6.345789124067017882e-12 4.279653761255928514e-11 1.340474724231943317e-11 3.961697477970245766e-12 -6.436044847261647341e-12 -5.847370050144666924e-12 8.393839864936364395e-12 4.841928502781713576e-12 8.643321354680194309e-12 2.838272437749718451e-12 -1.423321378999021457e-12 3.979706677546119190e-12 3.483419631795369006e-12 2.386501587135758294e-12 8.893669144932040004e-12 1.199730162595391970e-11 1.780423203966471866e-11 2.620872563861257797e-11 4.261295116637436450e-11 2.693581854617996785e-11 1.087093800635443436e-11 6.326112938696151301e-12 -4.387495817566718381e-13 -2.262520648642450109e-13 -1.193731010497979148e-12 -5.812107622203090154e-14
9.541346134992438044e-12 1.261397669564539375e-11 -9.680300382905399520e-12 -6.181991895726119618e-12 -1.360211788682902546e-12 3.994447838177972025e-12 1.092030074751831140e-11 4.192948022026508944e-12 1.640506163153533521e-12 -1.595976745404879343e-13 -7.126402260847253050e-13 1.482992751329035591e-12 -3.950130750255599900e-12 -1.077159964976882489e-12 5.625021007768136303e-12 8.670312623698868665e-12 1.129670082089567378e-11 1.319614598311707424e-11 2.693581854617996785e-11 4.596081144116063524e-11 2.444189644171198899e-11 1.259554941278944339e-11 -3.129831177161640111e-13 9.884877207415603693e-13 -2.250160520529946743e-12 -2.352368424966728095e-12
2.391583305740764152e-11 8.430693849049474255e-12 -1.361168032728506403e-11 -8.052508901809145536e-12 5.476924075478843044e-12 7.740113315104645658e-12 4.720123669577122232e-12 -4.209172020350943635e-13 3.399864570686235971e-12 4.274942856525762337e-12 -4.875788650405141387e-12 6.204145809537166657e-13 -3.484277170722183519e-12 -1.890440133270392327e-12 4.094145928445985508e-12 6.100890143515670951e-12 3.297000015185607248e-12 5.614572837291343689e-12 1.087093800635443436e-11 2.444189644171198899e-11 3.623338685934528215e-11 1.928547490632371886e-11 4.668978866170495135e-12 4.258771997328695317e-13 -1.074833402143399369e-12 -8.693204694177195811e-13
2.959365975918702250e-11 -4.733233638436832628e-12 -2.052989461798077042e-11 -1.926648581396633943e-11 9.877670836380558801e-12 -1.854594137555584722e-12 1.569447511529727845e-11 5.995971274997479962e-12 3.168666008178444759e-12 5.629775592227809908e-12 4.276020501163430012e-12 4.754112124257696115e-12 8.464074489050154155e-14 -3.111860766686274713e-12 3.140053879643570976e-12 6.843428109358946589e-12 4.109798162929512187e-12 4.244999565391359684e-12 6.326112938696151301e-12 1.259554941278944339e-11 1.928547490632371886e-11 2.889519567111511216e-11 1.010665188721473521e-11 1.507160853933006824e-12 -9.882164044911500199e-13 -1.366159411267232267e-12
2.186888540440170663e-11 -1.069714364971398159e-12 -1.213311435216325085e-11 -7.286836940797878556e-12 9.151559977735924331e-12 4.035121358143045697e-12 3.528320200071821097e-12 1.156105824913791161e-11 -1.691874091838800083e-13 -1.386401960403786752e-12 2.535888025883579631e-12 3.648177601273027670e-13 8.414198146077029075e-13 -5.735425582321891982e-12 -1.914283410530702024e-12 1.868959468506678483e-12 6.577827597638090452e-14 2.069904923224101700e-12 -4.387495817566718381e-13 -3.129831177161640111e-13 4.668978866170495135e-12 1.010665188721473521e-11 1.827750401929940395e-11 5.998558549970689422e-12 3.000039808270431356e-13 -7.062308926631463923e-13
-5.580776638095375013e-12 1.673478022316708008e-11 1.591763352123683704e-11 1.153696440349157164e-12 8.060724729891527614e-12 3.576907048369990789e-12 -3.463752310630466985e-12 1.184165325399088917e-12 -3.788668827628842570e-12 -5.819864276345566631e-12 -1.640358166534515114e-12 -8.450789439459313051e-13 6.121028517543047938e-13 -5.717977739418078504e-12 -5.079782271120893392e-12 -1.111809187162240528e-12 1.656560686343488367e-12 3.178328516534193874e-13 -2.262520648642450109e-13 9.884877207415603693e-13 4.258771997328695317e-13 1.507160853933006824e-12 5.998558549970689422e-12 1.319115669572196467e-11 1.896551775847948830e-12 9.503789434543944385e-13
-1.238976523512606687e-11 6.814245795464615117e-12 -9.857344957753017783e-12 9.030882830659452421e-13 -2.387890726473236793e-12 2.352844908628087013e-12 -1.550111352181047596e-12 -4.628712821088818230e-12 -3.899690450230500435e-12 -1.575773157201626123e-12 8.489272123274279351e-13 -7.074228253217221086e-13 -2.903680890210587372e-12 -3.140130873883387730e-12 -3.051906172046138317e-12 -1.806800109446001316e-12 -1.271428405724206415e-12 -2.238523470367762341e-12 -1.193731010497979148e-12 -2.250160520529946743e-12 -1.074833402143399369e-12 -9.882164044911500199e-13 3.000039808270431356e-13 1.896551775847948830e-12 7.756707610448921468e-12 7.080161171622721792e-13
-4.055587907301378761e-12 3.524099189981777950e-12 9.314129794651436328e-12 -3.798402072959862454e-12 2.711077342159682342e-12 -3.556422131958092479e-13 2.925119576532150659e-12 1.227721821195661246e-12 -3.232861039386003414e-13 3.714145678303135557e-12 5.843242916369974507e-13 6.236308877649180679e-13 1.210335813038878358e-12 4.989316518754007261e-13 -5.965666925262430932e-13 -1.455892237593289503e-12 -7.820961900752097326e-13 -4.719401863616059234e-13 -5.812107622203090154e-14 -2.352368424966728095e-12 -8.693204694177195811e-13 -1.366159411267232267e-12 -7.062308926631463923e-13 9.503789434543944385e-13 7.080161171622721792e-13 7.996179161767583957e-12
