2.662055780729002159e-09 3.000075560602908597e-10 5.979093977076505979e-11 1.225681129637999036e-11 7.140867272530447765e-11 6.113053959109865886e-11 -3.534238774483476875e-11 1.057984735268320331e-10 4.101156285559791068e-12 4.069954894671284764e-11 -1.542717130596258355e-11 -9.256170066573350926e-14 -3.367523240193113175e-11 -6.378545643757774031e-12 -1.990802707771887307e-11 5.964606777903847957e-12 -1.750838929359854969e-11 5.908281148575289034e-12 2.027348908118116867e-11 -2.677047752259824013e-12 1.015461822265724314e-11 -3.374266473102478679e-12 -7.479833683582545881e-13 1.874664173159037651e-12 3.523310572100116200e-12 -3.361285510484043963e-13
3.000075560602908597e-10 1.832784274119363741e-09 1.337004212230535610e-10 -9.585239458171598672e-12 -1.026779146091897109e-10 1.701376590350576003e-11 2.375894475033059482e-11 7.386033369426465224e-11 -1.003164954716351742e-11 -5.812882274644455181e-13 -8.089856932949533919e-12 5.673851779963209203e-13 -6.564321907302648452e-12 -1.557562500118818465e-12 -4.585599239675936702e-12 7.987079597642383896e-12 -1.499838854474121404e-11 7.014252057649589295e-12 -5.281633553342900613e-12 -1.014132751305799163e-11 -1.345961389052555532e-11 -6.755388526094129641e-12 1.536595864089711053e-12 1.014644165926676251e-12 3.238619427587096484e-12 -3.470925836456675694e-12
5.979093977076505979e-11 1.337004212230535610e-10 1.070232884346119376e-09 6.055718501828143382e-11 3.455203004514404931e-11 3.601564619351887688e-12 -2.142158408573336276e-11 2.480439125644602566e-11 -2.586669755506882894e-11 3.385876723655217981e-11 3.563408015554103296e-11 1.730349095305076322e-11 1.373975692063688748e-11 2.990874591083619832e-12 -1.166320723708345192e-11 -9.570016630730611681e-12 -6.135901022273021318e-12 -3.388224103912054398e-12 2.193107088802258617e-12 -1.086184189804613677e-11 -1.522925762345186274e-11 -7.730297850762521039e-12 4.024626795154122181e-13 4.166438549549544557e-12 1.700602726214368390e-12 6.037355146589607099e-12
1.225681129637999036e-11 -9.585239458171598672e-12 6.055718501828143382e-11 8.071950553013174536e-10 3.839885305050832172e-11 -3.058256536915329151e-11 3.116606926218423297e-11 5.225058836572995982e-12 1.898683659580244609e-11 1.424660070180871432e-11 -4.365141056772663967e-12 -1.868809930805585737e-11 -1.042116382510073366e-11 -3.776886393706283639e-12 1.668288089263572552e-12 -2.796052494253409692e-12 -9.303293336662815613e-13 1.952688546311034379e-12 4.406140339686441355e-12 -4.276663196189480128e-12 -1.076081268874511806e-12 3.334832065677221955e-12 5.807108823297550430e-12 6.680932908989785514e-12 -3.299596622317148399e-13 5.576573403916273160e-12
7.140867272530447765e-11 -1.026779146091897109e-10 3.455203004514404931e-11 3.839885305050832172e-11 5.296433161173856861e-10 5.686617714865107351e-11 -8.630678009546277174e-12 2.650701214089372998e-11 1.176657277476325348e-11 -4.730119975680646081e-12 -1.449753260372962067e-11 1.276193817642687181e-11 -3.729768473507439117e-12 4.241816462758595897e-12 -6.894429484813023176e-12 8.413744906663056211e-12 -1.667068577421873832e-12 -9.327359005706528992e-12 -1.308623160754587374e-11 -7.925850812199110491e-12 1.474961557915148195e-12 3.079882641856927406e-12 3.801726478287809263e-12 -8.814612168096989960e-13 -1.410708116232791328e-12 2.599377284405253004e-12
6.113053959109865886e-11 1.701376590350576003e-11 3.601564619351887688e-12 -3.058256536915329151e-11 5.686617714865107351e-11 3.565470745389952589e-10 6.126643128821952983e-11 4.686027784998024854e-11 1.185607564813122090e-11 -1.096890116019317311e-12 -2.812660474708611618e-12 1.335348352556964126e-11 -4.229803489432877546e-12 5.167487481744399336e-13 1.079238667295890591e-13 4.189216089432836303e-13 -6.340690302586648996e-12 -5.809537204265242022e-12 1.633016822090366980e-12 -2.804659421276828516e-12 -3.359201526410040159e-12 -5.398147699611293634e-12 -5.214145856985476840e-12 -1.456871354850789265e-12 -7.984498174661455042e-13 -1.686993040190816110e-12
-3.534238774483476875e-11 2.375894475033059482e-11 -2.142158408573336276e-11 3.116606926218423297e-11 -8.630678009546277174e-12 6.126643128821952983e-11 2.426266974515865048e-10 1.881540259138173593e-11 2.528842785293467151e-11 9.474449025276560372e-12 2.881661030645402817e-13 1.690748327636041326e-12 -8.480367367529824625e-12 -2.041772293211675062e-12 5.713555313849674276e-12 7.627068459571673250e-12 -2.043838408771045762e-12 1.075472339573840141e-12 6.457574634267495872e-12 2.324671704676199628e-12 4.548013597959075810e-12 1.829291578275293402e-12 -2.242346896570751781e-12 -6.268878157532383584e-13 -5.108078923083901104e-13 1.841271315835509530e-12
1.057984735268320331e-10 7.386033369426465224e-11 2.480439125644602566e-11 5.225058836572995982e-12 2.650701214089372998e-11 4.686027784998024854e-11 1.881540259138173593e-11 1.495823379733288611e-10 2.855371240356083006e-11 2.386632956219639028e-11 2.057615170514777426e-12 1.535351751571773902e-11 -1.721424283749260585e-12 4.989292748499770645e-12 2.341310671773888410e-12 3.659385586161447788e-12 -2.774006418395327292e-12 -1.321565294679457882e-12 -1.571679134243686520e-12 -3.493587967275208961e-12 1.183795555784175262e-12 -1.342167325151835904e-13 -3.118787207801540499e-12 -7.005288890940539916e-13 4.208499304528010417e-14 3.476772158068785556e-13
4.101156285559791068e-12 -1.003164954716351742e-11 -2.586669755506882894e-11 1.898683659580244609e-11 1.176657277476325348e-11 1.185607564813122090e-11 2.528842785293467151e-11 2.855371240356083006e-11 9.825617038439813730e-11 1.628293487283632125e-11 5.223433043186528069e-12 4.593342522252377563e-12 -1.781592104713704761e-12 2.214237500297398325e-12 -1.854509783009958844e-12 3.083338460645983293e-12 -8.202365771893107903e-13 1.275700716930510137e-12 5.906974286403796941e-13 5.861129109141242998e-13 -9.973133183210032688e-13 -2.833122742522605655e-13 4.107028964142391064e-13 8.346615237922560964e-13 1.746235261077002899e-13 4.889895354212439824e-13
4.069954894671284764e-11 -5.812882274644455181e-13 3.385876723655217981e-11 1.424660070180871432e-11 -4.730119975680646081e-12 -1.096890116019317311e-12 9.474449025276560372e-12 2.386632956219639028e-11 1.628293487283632125e-11 7.197886083882787873e-11 1.663333083386894757e-11 1.073631366518655582e-11 2.525153433598918856e-12 4.335149874966906000e-12 2.750196934375960549e-12 1.386120943238699887e-12 -1.352797378903008453e-12 -3.133236162759855772e-12 -7.350792863216163180e-13 -6.327042621320285802e-13 -1.250928333680885758e-12 -8.039015061469060515e-13 -1.292442765032361215e-12 -3.452198982891235781e-13 -1.536655051171385851e-13 -2.878687894591542295e-13
-1.542717130596258355e-11 -8.089856932949533919e-12 3.563408015554103296e-11 -4.365141056772663967e-12 -1.449753260372962067e-11 -2.812660474708611618e-12 2.881661030645402817e-13 2.057615170514777426e-12 5.223433043186528069e-12 1.663333083386894757e-11 6.398901150329630651e-11 1.068789325623183280e-11 5.426940586498233622e-12 5.138511321305075121e-12 4.049602408846209353e-12 3.307679033097198861e-12 5.531013088251981132e-13 1.481330481616373344e-12 -8.570110334095517525e-14 -1.320171220197362422e-12 -2.805618353567484348e-12 -1.742079247456528826e-12 -1.656415460700819089e-12 -2.857491113144277984e-13 -4.342554212095543939e-13 -8.362526947581206272e-14
-9.256170066573350926e-14 5.673851779963209203e-13 1.730349095305076322e-11 -1.868809930805585737e-11 1.276193817642687181e-11 1.335348352556964126e-11 1.690748327636041326e-12 1.535351751571773902e-11 4.593342522252377563e-12 1.073631366518655582e-11 1.068789325623183280e-11 4.206757340205395872e-11 9.600112296274722328e-12 5.211832847944446935e-12 3.106187536333453099e-12 4.188034878092108026e-12 2.130362087214934715e-12 3.227284522648065554e-12 2.160454320236341392e-12 -9.067601678582062641e-13 -7.231710168771878873e-13 -6.123932252274431620e-14 -6.327060398821163554e-13 -8.084076624213755833e-13 -4.897017726516895125e-13 4.738859799892283303e-13
-3.367523240193113175e-11 -6.564321907302648452e-12 1.373975692063688748e-11 -1.042116382510073366e-11 -3.729768473507439117e-12 -4.229803489432877546e-12 -8.480367367529824625e-12 -1.721424283749260585e-12 -1.781592104713704761e-12 2.525153433598918856e-12 5.426940586498233622e-12 9.600112296274722328e-12 3.239503699498206749e-11 1.244585042122086802e-11 5.162103545507203254e-12 5.847572476764800851e-12 2.175308346264427518e-12 1.900567462613774895e-12 -1.804496314586359256e-12 -1.989961654613176863e-12 -1.390956830634805372e-12 -1.518461614483238115e-12 -1.585439782455867403e-12 -9.617789433591308704e-13 -3.808965439207191901e-13 -4.989169904638879340e-13
-6.378545643757774031e-12 -1.557562500118818465e-12 2.990874591083619832e-12 -3.776886393706283639e-12 4.241816462758595897e-12 5.167487481744399336e-13 -2.041772293211675062e-12 4.989292748499770645e-12 2.214237500297398325e-12 4.335149874966906000e-12 5.138511321305075121e-12 5.211832847944446935e-12 1.244585042122086802e-11 2.620389558917721464e-11 1.180483752720596205e-11 5.333394523486021931e-12 9.722093371687680603e-13 6.189138522145937673e-13 -8.407348453625135423e-13 -1.461031977619052147e-12 -1.150754337607517120e-12 -1.947911606811443838e-12 -1.187564145419306224e-12 1.047753598841384955e-13 -9.548739301264292972e-14 -3.105728999204495158e-13
-1.990802707771887307e-11 -4.585599239675936702e-12 -1.166320723708345192e-11 1.668288089263572552e-12 -6.894429484813023176e-12 1.079238667295890591e-13 5.713555313849674276e-12 2.341310671773888410e-12 -1.854509783009958844e-12 2.750196934375960549e-12 4.049602408846209353e-12 3.106187536333453099e-12 5.162103545507203254e-12 1.180483752720596205e-11 2.245660488578228135e-11 5.972806930313394376e-12 2.620188258303415659e-12 1.635450725960117865e-12 5.770591736504991282e-14 -8.789684429967394157e-13 -2.544964870400960289e-13 -9.198423099710178279e-13 -3.500019715874273585e-13 -6.648323045810053157e-13 6.884414473801708424e-13 -9.359227893909796453e-14
5.964606777903847957e-12 7.987079597642383896e-12 -9.570016630730611681e-12 -2.796052494253409692e-12 8.413744906663056211e-12 4.189216089432836303e-13 7.627068459571673250e-12 3.659385586161447788e-12 3.083338460645983293e-12 1.386120943238699887e-12 3.307679033097198861e-12 4.188034878092108026e-12 5.847572476764800851e-12 5.333394523486021931e-12 5.972806930313394376e-12 1.764170529308011282e-11 5.729474601586750167e-12 2.704415094546382369e-12 1.714211630407305061e-13 5.109205851839750075e-13 -3.051636147871938741e-13 -9.798761101254855982e-13 1.828020751333720442e-13 -1.068101318752611639e-13 5.539152234934996284e-13 1.391988129085737555e-13
-1.750838929359854969e-11 -1.499838854474121404e-11 -6.135901022273021318e-12 -9.303293336662815613e-13 -1.667068577421873832e-12 -6.340690302586648996e-12 -2.043838408771045762e-12 -2.774006418395327292e-12 -8.202365771893107903e-13 -1.352797378903008453e-12 5.531013088251981132e-13 2.130362087214934715e-12 2.175308346264427518e-12 9.722093371687680603e-13 2.620188258303415659e-12 5.729474601586750167e-12 1.456967081535778595e-11 5.234324297260200414e-12 1.180341964460485421e-12 8.213076132299781020e-13 -2.546346285841734837e-13 -3.413509767515044215e-13 3.625748263517071253e-13 -5.121551268574963905e-13 1.513277276244020200e-13 1.448104373726677182e-13
5.908281148575289034e-12 7.014252057649589295e-12 -3.388224103912054398e-12 1.952688546311034379e-12 -9.327359005706528992e-12 -5.809537204265242022e-12 1.075472339573840141e-12 -1.321565294679457882e-12 1.275700716930510137e-12 -3.133236162759855772e-12 1.481330481616373344e-12 3.227284522648065554e-12 1.900567462613774895e-12 6.189138522145937673e-13 1.635450725960117865e-12 2.704415094546382369e-12 5.234324297260200414e-12 1.334587641709612409e-11 6.163769909800156039e-12 2.043565471215001815e-12 6.154063577304689347e-13 -4.976382004564712164e-14 -1.344183853421334714e-13 -3.111496186040477311e-13 2.813044600315755930e-13 -3.189990837113551558e-13
2.027348908118116867e-11 -5.281633553342900613e-12 2.193107088802258617e-12 4.406140339686441355e-12 -1.308623160754587374e-11 1.633016822090366980e-12 6.457574634267495872e-12 -1.571679134243686520e-12 5.906974286403796941e-13 -7.350792863216163180e-13 -8.570110334095517525e-14 2.160454320236341392e-12 -1.804496314586359256e-12 -8.407348453625135423e-13 5.770591736504991282e-14 1.714211630407305061e-13 1.180341964460485421e-12 6.163769909800156039e-12 1.186161215456811625e-11 3.604033639358553689e-12 3.739908884975222253e-13 -2.686023456801286975e-13 -7.790836062139008263e-13 -4.658138904728752407e-13 -1.047208705783562587e-14 1.977477754876376373e-14
-2.677047752259824013e-12 -1.014132751305799163e-11 -1.086184189804613677e-11 -4.276663196189480128e-12 -7.925850812199110491e-12 -2.804659421276828516e-12 2.324671704676199628e-12 -3.493587967275208961e-12 5.861129109141242998e-13 -6.327042621320285802e-13 -1.320171220197362422e-12 -9.067601678582062641e-13 -1.989961654613176863e-12 -1.461031977619052147e-12 -8.789684429967394157e-13 5.109205851839750075e-13 8.213076132299781020e-13 2.043565471215001815e-12 3.604033639358553689e-12 9.213656149319088528e-12 3.058937461646982149e-12 1.628293413510151937e-13 -5.643069406883933133e-13 -4.604629795956143828e-13 2.259748366749317535e-13 -1.317578934143052091e-13
1.015461822265724314e-11 -1.345961389052555532e-11 -1.522925762345186274e-11 -1.076081268874511806e-12 1.474961557915148195e-12 -3.359201526410040159e-12 4.548013597959075810e-12 1.183795555784175262e-12 -9.973133183210032688e-13 -1.250928333680885758e-12 -2.805618353567484348e-12 -7.231710168771878873e-13 -1.390956830634805372e-12 -1.150754337607517120e-12 -2.544964870400960289e-13 -3.051636147871938741e-13 -2.546346285841734837e-13 6.154063577304689347e-13 3.739908884975222253e-13 3.058937461646982149e-12 7.661294402767426523e-12 2.577682554236482082e-12 -5.602208830535809813e-14 -3.531101029029150876e-13 -6.033391205754530417e-13 -9.060768678755902445e-13
-3.374266473102478679e-12 -6.755388526094129641e-12 -7.730297850762521039e-12 3.334832065677221955e-12 3.079882641856927406e-12 -5.398147699611293634e-12 1.829291578275293402e-12 -1.342167325151835904e-13 -2.833122742522605655e-13 -8.039015061469060515e-13 -1.742079247456528826e-12 -6.123932252274431620e-14 -1.518461614483238115e-12 -1.947911606811443838e-12 -9.198423099710178279e-13 -9.798761101254855982e-13 -3.413509767515044215e-13 -4.976382004564712164e-14 -2.686023456801286975e-13 1.628293413510151937e-13 2.577682554236482082e-12 6.063632623849436584e-12 1.904316113748948905e-12 7.315786600982731490e-13 -4.534797630626222281e-14 -5.528435720697225138e-13
-7.479833683582545881e-13 1.536595864089711053e-12 4.024626795154122181e-13 5.807108823297550430e-12 3.801726478287809263e-12 -5.214145856985476840e-12 -2.242346896570751781e-12 -3.118787207801540499e-12 4.107028964142391064e-13 -1.292442765032361215e-12 -1.656415460700819089e-12 -6.327060398821163554e-13 -1.585439782455867403e-12 -1.187564145419306224e-12 -3.500019715874273585e-13 1.828020751333720442e-13 3.625748263517071253e-13 -1.344183853421334714e-13 -7.790836062139008263e-13 -5.643069406883933133e-13 -5.602208830535809813e-14 1.904316113748948905e-12 5.504678063312615306e-12 1.827874353302045282e-12 2.627719925983098193e-13 -2.350836085965657482e-13
1.874664173159037651e-12 1.014644165926676251e-12 4.166438549549544557e-12 6.680932908989785514e-12 -8.814612168096989960e-13 -1.456871354850789265e-12 -6.268878157532383584e-13 -7.005288890940539916e-13 8.346615237922560964e-13 -3.452198982891235781e-13 -2.857491113144277984e-13 -8.084076624213755833e-13 -9.617789433591308704e-13 1.047753598841384955e-13 -6.648323045810053157e-13 -1.068101318752611639e-13 -5.121551268574963905e-13 -3.111496186040477311e-13 -4.658138904728752407e-13 -4.604629795956143828e-13 -3.531101029029150876e-13 7.315786600982731490e-13 1.827874353302045282e-12 3.441964533716441346e-12 6.611196983836932660e-13 -4.388972695730361180e-14
3.523310572100116200e-12 3.238619427587096484e-12 1.700602726214368390e-12 -3.299596622317148399e-13 -1.410708116232791328e-12 -7.984498174661455042e-13 -5.108078923083901104e-13 4.208499304528010417e-14 1.746235261077002899e-13 -1.536655051171385851e-13 -4.342554212095543939e-13 -4.897017726516895125e-13 -3.808965439207191901e-13 -9.548739301264292972e-14 6.884414473801708424e-13 5.539152234934996284e-13 1.513277276244020200e-13 2.813044600315755930e-13 -1.047208705783562587e-14 2.259748366749317535e-13 -6.033391205754530417e-13 -4.534797630626222281e-14 2.627719925983098193e-13 6.611196983836932660e-13 2.297984133259905536e-12 5.382775813936715604e-13
-3.361285510484043963e-13 -3.470925836456675694e-12 6.037355146589607099e-12 5.576573403916273160e-12 2.599377284405253004e-12 -1.686993040190816110e-12 1.841271315835509530e-12 3.476772158068785556e-13 4.889895354212439824e-13 -2.878687894591542295e-13 -8.362526947581206272e-14 4.738859799892283303e-13 -4.989169904638879340e-13 -3.105728999204495158e-13 -9.359227893909796453e-14 1.391988129085737555e-13 1.448104373726677182e-13 -3.189990837113551558e-13 1.977477754876376373e-14 -1.317578934143052091e-13 -9.060768678755902445e-13 -5.528435720697225138e-13 -2.350836085965657482e-13 -4.388972695730361180e-14 5.382775813936715604e-13 2.242992914390154130e-12
