3.373648967176575306e-09 2.681775899857325462e-10 -7.756962253366976185e-11 5.012263604990522836e-11 5.768377298477244665e-11 -1.294123676007151288e-10 4.223761407141417298e-11 4.757776815054327477e-11 5.393392175622012544e-11 6.756438907255718552e-11 1.181021368778334826e-11 -2.856317391266640627e-12 2.792118757483901029e-11 2.572916139890806848e-11 4.510943105891555234e-11 3.820161168422950860e-11 2.905493145187183955e-11 5.441727822739180519e-11 3.914131082957195955e-11 2.646282407232043005e-11 -1.692007411340667736e-11 1.100035213195215708e-11 -8.321727604081007585e-12 -9.672664021763745928e-12 -1.942181402704140614e-11 -2.451314508449951017e-12
2.681775899857325462e-10 2.591866293133277733e-09 -2.129419990175925425e-10 -3.502922249031095670e-11 1.273816159992477369e-10 2.924807886482758412e-11 -2.989171357012381483e-12 7.733685973722840441e-13 -5.061940628723290524e-11 4.681915818983340579e-11 2.917584083351558720e-11 -7.507796181328867304e-12 -1.956400316342423060e-11 -2.351514354665550152e-11 -4.120669118804201400e-11 -2.531688891142099273e-11 1.553288785520291782e-13 -8.143463412507127231e-12 7.337230181266542938e-12 -4.298242464530437071e-12 9.098299920479302526e-13 -5.103381335339795591e-12 -6.867204307638971476e-12 2.504527319847549825e-12 -3.161841176418195967e-12 -5.053178229894615766e-12
-7.756962253366976185e-11 -2.129419990175925425e-10 1.470074749811194511e-09 1.061537738982954011e-10 -3.030946949198196122e-11 -3.137956957266516671e-11 3.655281509358254433e-11 3.167918279578089493e-11 1.833828082183262543e-11 -2.998776918093445896e-11 1.256044902849757136e-11 -1.145425896784408831e-11 -1.193851997828555078e-11 1.668625387846590870e-11 -1.444941798400635511e-12 2.628136051862389283e-11 3.056801377244766847e-11 1.070234647925244578e-11 1.001763955354853764e-11 1.745131326414675842e-11 6.076905405157603974e-12 -1.018413491714081863e-11 -5.030783775408121801e-12 4.314219191517092486e-12 7.125948426965106732e-12 -2.428831413298484018e-12
5.012263604990522836e-11 -3.502922249031095670e-11 1.061537738982954011e-10 7.579542399781116851e-10 2.130838484391851492e-11 -2.426068599579180972e-11 2.255070010592762402e-11 -9.502161679822081017e-12 -4.171738307989907559e-11 -2.113097562813925301e-12 -4.464790034880539147e-12 5.757365640141256802e-12 -7.020091952452201305e-12 3.811836906482998839e-12 4.188552032082295280e-12 -3.773708654799545575e-12 -4.532079920615952718e-13 5.680861098376778730e-12 5.777790632665782548e-12 7.984674319278290544e-12 1.734133098074206339e-11 1.520187963590745522e-12 -8.305756410310169273e-12 7.962977716123453723e-12 5.472695611578732225e-12 -8.308565852399966840e-12
5.768377298477244665e-11 1.273816159992477369e-10 -3.030946949198196122e-11 2.130838484391851492e-11 5.091191723321138518e-10 1.071717319793525457e-10 3.884811049684298607e-11 -3.462583665388475994e-12 -8.562764725835324443e-13 1.062212433047969558e-11 -5.755654951016249187e-12 -9.668252158450158620e-12 -6.322166958255312764e-12 -5.421371056834139313e-12 -8.686177099102380892e-14 -7.022380017307332815e-12 -3.144868136243855803e-12 -8.061446543168567932e-12 -1.636719683340825918e-11 -1.734441518909520142e-12 8.942949936444134786e-13 -5.587533133514320606e-12 -8.225802140274488952e-12 -4.908131700603246282e-12 -4.062143381055688922e-12 1.106401939880973678e-12
-1.294123676007151288e-10 2.924807886482758412e-11 -3.137956957266516671e-11 -2.426068599579180972e-11 1.071717319793525457e-10 3.895226539547702907e-10 2.126110000919964221e-11 1.044427586074598697e-11 -1.204302112302761646e-11 1.010990721843345750e-11 -3.252538327873532183e-12 -3.811546664880102295e-12 -1.497019378277816732e-11 -1.807576842453134375e-11 -1.232599063203570832e-11 -1.892632176270452231e-11 -4.213463122283268145e-12 -6.854653492854866052e-12 -3.681705962399454099e-12 2.868069969267204067e-12 2.047939852409794189e-12 -6.096080955002540912e-12 -5.871518980402948902e-13 -1.069681043216780655e-11 -4.297976935738495134e-12 -3.344792434984946565e-12
4.223761407141417298e-11 -2.989171357012381483e-12 3.655281509358254433e-11 2.255070010592762402e-11 3.884811049684298607e-11 2.126110000919964221e-11 2.589545623738283594e-10 4.191107818773538917e-11 2.768016335593713467e-11 2.760391061231671852e-11 9.303255303509677050e-12 -2.035490157330040328e-12 -6.407137131578943497e-12 -1.045625540476791619e-11 -9.620035625014023469e-12 1.468360483141812842e-12 8.573858840008674933e-12 1.221741901881157234e-11 5.047654986119082810e-12 -2.427262763360243481e-12 4.437707851105464336e-12 -4.342916137378606731e-13 -2.278267236875813635e-12 1.362770748799514844e-12 2.341613593602984004e-12 -1.233184102947335749e-13
4.757776815054327477e-11 7.733685973722840441e-13 3.167918279578089493e-11 -9.502161679822081017e-12 -3.462583665388475994e-12 1.044427586074598697e-11 4.191107818773538917e-11 1.743223047711423677e-10 5.456868649014575838e-11 2.695262069014952161e-11 8.075334197503573036e-12 -3.169548445005398061e-14 -2.892981789603487865e-12 -1.216589563935811988e-12 -1.605210745696649421e-12 -1.795734075745409480e-12 2.492829529290595248e-12 7.120135389603709881e-12 6.767318950037192115e-12 -1.355309643763807418e-12 -2.944131206446635520e-12 -5.083173412582493888e-12 3.473498070300998977e-13 2.808680867746451395e-12 -1.953097608235561696e-12 -3.655050467778892716e-12
5.393392175622012544e-11 -5.061940628723290524e-11 1.833828082183262543e-11 -4.171738307989907559e-11 -8.562764725835324443e-13 -1.204302112302761646e-11 2.768016335593713467e-11 5.456868649014575838e-11 1.384607417222906605e-10 4.523338289984613766e-11 1.479036707710846485e-11 1.418858125038212677e-11 5.868410003309054890e-12 7.263263040164675534e-12 2.188912855878445699e-12 -2.745734754052401411e-13 -1.044701363452232671e-12 2.830650079591408467e-12 6.344618190850295994e-13 -2.183604823204728945e-12 -4.231127881776315631e-12 -5.141464484269511903e-12 1.462038259835127663e-14 -1.663727226337527053e-13 -7.035959873914223431e-12 -8.209127235119806770e-13
6.756438907255718552e-11 4.681915818983340579e-11 -2.998776918093445896e-11 -2.113097562813925301e-12 1.062212433047969558e-11 1.010990721843345750e-11 2.760391061231671852e-11 2.695262069014952161e-11 4.523338289984613766e-11 1.038397887358101199e-10 2.636010880510930215e-11 1.799607713041395421e-11 1.414711910494619947e-11 5.170302278514281671e-12 3.146079988781899983e-12 -4.445569800382688865e-12 -1.811349801442059784e-12 3.726010229381241704e-13 2.295328253720900607e-13 -3.682771169573285569e-12 -4.932623682927308968e-12 -3.683226696660493710e-12 -1.256243128413522451e-12 -1.551699982434522164e-12 -3.939187705799540368e-12 2.433462447197683654e-13
1.181021368778334826e-11 2.917584083351558720e-11 1.256044902849757136e-11 -4.464790034880539147e-12 -5.755654951016249187e-12 -3.252538327873532183e-12 9.303255303509677050e-12 8.075334197503573036e-12 1.479036707710846485e-11 2.636010880510930215e-11 7.747931989002100803e-11 2.132117869095784224e-11 1.468652655496469568e-11 1.010030268442752165e-11 4.646538635502223648e-12 3.671365428915495902e-12 4.509117955040915902e-12 5.796749276965828147e-12 -4.934061374729817757e-12 -4.590333175103541066e-12 -5.766205776163950870e-12 -4.079479898982682395e-12 -2.824051734952148873e-12 6.872872294591034966e-13 2.019218710710541780e-12 2.550461625430043999e-12
-2.856317391266640627e-12 -7.507796181328867304e-12 -1.145425896784408831e-11 5.757365640141256802e-12 -9.668252158450158620e-12 -3.811546664880102295e-12 -2.035490157330040328e-12 -3.169548445005398061e-14 1.418858125038212677e-11 1.799607713041395421e-11 2.132117869095784224e-11 6.308260646762410471e-11 2.224137564909126112e-11 1.856574676775812248e-11 9.117930985072147221e-12 9.962366934964460735e-12 1.007972684201862606e-12 1.811140070225421555e-12 -7.076509757641739626e-12 -4.441592192225324089e-12 -9.269877770217350352e-13 1.492004037298263262e-12 -4.240731784085169086e-13 -1.665341156853762190e-12 -1.284304948802466151e-12 1.458294321714212134e-12
2.792118757483901029e-11 -1.956400316342423060e-11 -1.193851997828555078e-11 -7.020091952452201305e-12 -6.322166958255312764e-12 -1.497019378277816732e-11 -6.407137131578943497e-12 -2.892981789603487865e-12 5.868410003309054890e-12 1.414711910494619947e-11 1.468652655496469568e-11 2.224137564909126112e-11 4.823843199866872956e-11 2.437269828268596833e-11 1.497045694306820533e-11 1.346104405273458931e-11 4.048736129326681848e-12 3.309171226908487048e-13 -1.337585854578424078e-12 8.609635382329008253e-13 -3.818207854543963735e-12 -7.667822906079871604e-13 1.005902442327836594e-12 -2.090057578066108009e-12 -1.268128484589914491e-12 1.567347139203993217e-12
2.572916139890806848e-11 -2.351514354665550152e-11 1.668625387846590870e-11 3.811836906482998839e-12 -5.421371056834139313e-12 -1.807576842453134375e-11 -1.045625540476791619e-11 -1.216589563935811988e-12 7.263263040164675534e-12 5.170302278514281671e-12 1.010030268442752165e-11 1.856574676775812248e-11 2.437269828268596833e-11 4.736761683903181072e-11 2.635958315433562846e-11 1.806688680856270364e-11 6.160536681286907910e-12 2.827161916395965488e-12 8.015344302282457995e-13 1.296330905429083330e-12 -9.950814170726110521e-13 1.266155435453321228e-12 1.628307976746118292e-12 -1.407744792142785806e-12 -1.128968626209246370e-12 1.654847611796280130e-12
4.510943105891555234e-11 -4.120669118804201400e-11 -1.444941798400635511e-12 4.188552032082295280e-12 -8.686177099102380892e-14 -1.232599063203570832e-11 -9.620035625014023469e-12 -1.605210745696649421e-12 2.188912855878445699e-12 3.146079988781899983e-12 4.646538635502223648e-12 9.117930985072147221e-12 1.497045694306820533e-11 2.635958315433562846e-11 4.041125334355210835e-11 2.362637681438147110e-11 1.180520299519939182e-11 4.424508393473258181e-12 4.429443075970487547e-12 4.180852212080468339e-12 -5.067052582388254005e-15 5.125415297076395857e-13 4.789922528891725944e-13 -8.971699146062962833e-14 -2.162136724505874939e-13 1.309129688516409000e-12
3.820161168422950860e-11 -2.531688891142099273e-11 2.628136051862389283e-11 -3.773708654799545575e-12 -7.022380017307332815e-12 -1.892632176270452231e-11 1.468360483141812842e-12 -1.795734075745409480e-12 -2.745734754052401411e-13 -4.445569800382688865e-12 3.671365428915495902e-12 9.962366934964460735e-12 1.346104405273458931e-11 1.806688680856270364e-11 2.362637681438147110e-11 4.159966926127890993e-11 2.384852406110470238e-11 1.106789109707932809e-11 6.721071839513241296e-12 4.565028695617237287e-12 -2.975565340447916250e-13 2.184583873664319176e-12 1.928733140767387851e-12 1.197145333463077537e-13 -1.381188289623899027e-12 2.136576981418180848e-12
2.905493145187183955e-11 1.553288785520291782e-13 3.056801377244766847e-11 -4.532079920615952718e-13 -3.144868136243855803e-12 -4.213463122283268145e-12 8.573858840008674933e-12 2.492829529290595248e-12 -1.044701363452232671e-12 -1.811349801442059784e-12 4.509117955040915902e-12 1.007972684201862606e-12 4.048736129326681848e-12 6.160536681286907910e-12 1.180520299519939182e-11 2.384852406110470238e-11 3.663911558360198019e-11 1.913947540085826988e-11 8.408640870408846803e-12 3.498962456059783468e-12 4.461628977066954671e-13 8.705527030061591338e-13 2.202421607380248339e-12 7.119065108036798051e-13 -6.250432118129760818e-13 4.241432220030942393e-13
5.441727822739180519e-11 -8.143463412507127231e-12 1.070234647925244578e-11 5.680861098376778730e-12 -8.061446543168567932e-12 -6.854653492854866052e-12 1.221741901881157234e-11 7.120135389603709881e-12 2.830650079591408467e-12 3.726010229381241704e-13 5.796749276965828147e-12 1.811140070225421555e-12 3.309171226908487048e-13 2.827161916395965488e-12 4.424508393473258181e-12 1.106789109707932809e-11 1.913947540085826988e-11 3.464263885030066646e-11 1.889895828648932009e-11 9.824192064930814769e-12 4.740004573468242263e-12 1.896600237382004334e-12 2.762729107674985386e-12 2.765310558845689203e-13 -1.272411174625930993e-13 3.858845505377956039e-14
3.914131082957195955e-11 7.337230181266542938e-12 1.001763955354853764e-11 5.777790632665782548e-12 -1.636719683340825918e-11 -3.681705962399454099e-12 5.047654986119082810e-12 6.767318950037192115e-12 6.344618190850295994e-13 2.295328253720900607e-13 -4.934061374729817757e-12 -7.076509757641739626e-12 -1.337585854578424078e-12 8.015344302282457995e-13 4.429443075970487547e-12 6.721071839513241296e-12 8.408640870408846803e-12 1.889895828648932009e-11 3.457469971660186256e-11 2.195124962144070885e-11 1.054915087063233474e-11 2.114638460008617505e-12 1.224606295818224011e-12 1.559939367920158065e-12 -7.036305870776998995e-13 -1.380953881636049298e-12
2.646282407232043005e-11 -4.298242464530437071e-12 1.745131326414675842e-11 7.984674319278290544e-12 -1.734441518909520142e-12 2.868069969267204067e-12 -2.427262763360243481e-12 -1.355309643763807418e-12 -2.183604823204728945e-12 -3.682771169573285569e-12 -4.590333175103541066e-12 -4.441592192225324089e-12 8.609635382329008253e-13 1.296330905429083330e-12 4.180852212080468339e-12 4.565028695617237287e-12 3.498962456059783468e-12 9.824192064930814769e-12 2.195124962144070885e-11 3.466653714020656383e-11 2.143017041354819615e-11 6.232796163235768738e-12 1.408420491056914246e-12 1.284271132323299345e-12 4.365808309972728150e-13 7.896524414387348816e-14
-1.692007411340667736e-11 9.098299920479302526e-13 6.076905405157603974e-12 1.734133098074206339e-11 8.942949936444134786e-13 2.047939852409794189e-12 4.437707851105464336e-12 -2.944131206446635520e-12 -4.231127881776315631e-12 -4.932623682927308968e-12 -5.766205776163950870e-12 -9.269877770217350352e-13 -3.818207854543963735e-12 -9.950814170726110521e-13 -5.067052582388254005e-15 -2.975565340447916250e-13 4.461628977066954671e-13 4.740004573468242263e-12 1.054915087063233474e-11 2.143017041354819615e-11 3.324109431520103484e-11 1.195443248440289988e-11 4.067701080573758991e-12 2.246941235984644723e-12 1.671898324966681360e-12 -2.674769130224364223e-13
1.100035213195215708e-11 -5.103381335339795591e-12 -1.018413491714081863e-11 1.520187963590745522e-12 -5.587533133514320606e-12 -6.096080955002540912e-12 -4.342916137378606731e-13 -5.083173412582493888e-12 -5.141464484269511903e-12 -3.683226696660493710e-12 -4.079479898982682395e-12 1.492004037298263262e-12 -7.667822906079871604e-13 1.266155435453321228e-12 5.125415297076395857e-13 2.184583873664319176e-12 8.705527030061591338e-13 1.896600237382004334e-12 2.114638460008617505e-12 6.232796163235768738e-12 1.195443248440289988e-11 1.710616628693061729e-11 7.910159783158703074e-12 1.828630845336491153e-12 1.172021486102701244e-12 -9.156248086720919044e-13
-8.321727604081007585e-12 -6.867204307638971476e-12 -5.030783775408121801e-12 -8.305756410310169273e-12 -8.225802140274488952e-12 -5.871518980402948902e-13 -2.278267236875813635e-12 3.473498070300998977e-13 1.462038259835127663e-14 -1.256243128413522451e-12 -2.824051734952148873e-12 -4.240731784085169086e-13 1.005902442327836594e-12 1.628307976746118292e-12 4.789922528891725944e-13 1.928733140767387851e-12 2.202421607380248339e-12 2.762729107674985386e-12 1.224606295818224011e-12 1.408420491056914246e-12 4.067701080573758991e-12 7.910159783158703074e-12 1.500912783271040721e-11 5.246776355320308467e-12 5.740969193729966378e-13 -4.916513857703651609e-13
-9.672664021763745928e-12 2.504527319847549825e-12 4.314219191517092486e-12 7.962977716123453723e-12 -4.908131700603246282e-12 -1.069681043216780655e-11 1.362770748799514844e-12 2.808680867746451395e-12 -1.663727226337527053e-13 -1.551699982434522164e-12 6.872872294591034966e-13 -1.665341156853762190e-12 -2.090057578066108009e-12 -1.407744792142785806e-12 -8.971699146062962833e-14 1.197145333463077537e-13 7.119065108036798051e-13 2.765310558845689203e-13 1.559939367920158065e-12 1.284271132323299345e-12 2.246941235984644723e-12 1.828630845336491153e-12 5.246776355320308467e-12 1.171093458655512011e-11 2.877266945085659571e-12 -2.686900225756433365e-13
-1.942181402704140614e-11 -3.161841176418195967e-12 7.125948426965106732e-12 5.472695611578732225e-12 -4.062143381055688922e-12 -4.297976935738495134e-12 2.341613593602984004e-12 -1.953097608235561696e-12 -7.035959873914223431e-12 -3.939187705799540368e-12 2.019218710710541780e-12 -1.284304948802466151e-12 -1.268128484589914491e-12 -1.128968626209246370e-12 -2.162136724505874939e-13 -1.381188289623899027e-12 -6.250432118129760818e-13 -1.272411174625930993e-13 -7.036305870776998995e-13 4.365808309972728150e-13 1.671898324966681360e-12 1.172021486102701244e-12 5.740969193729966378e-13 2.877266945085659571e-12 7.353123023857836244e-12 1.369454954059966243e-12
-2.451314508449951017e-12 -5.053178229894615766e-12 -2.428831413298484018e-12 -8.308565852399966840e-12 1.106401939880973678e-12 -3.344792434984946565e-12 -1.233184102947335749e-13 -3.655050467778892716e-12 -8.209127235119806770e-13 2.433462447197683654e-13 2.550461625430043999e-12 1.458294321714212134e-12 1.567347139203993217e-12 1.654847611796280130e-12 1.309129688516409000e-12 2.136576981418180848e-12 4.241432220030942393e-13 3.858845505377956039e-14 -1.380953881636049298e-12 7.896524414387348816e-14 -2.674769130224364223e-13 -9.156248086720919044e-13 -4.916513857703651609e-13 -2.686900225756433365e-13 1.369454954059966243e-12 6.731525459392820732e-12
