3.516422385040935842e-09 7.021780545066453205e-12 4.328662388396235674e-10 1.808533376340420384e-10 3.203871767713938360e-11 1.629494521390915675e-10 -2.377304208229067443e-11 2.044639391034245600e-11 -1.024823597487805756e-11 1.965099029219583933e-13 -5.626120570488972580e-11 3.809178189508179952e-12 -2.487760792918488471e-11 -2.601910183815095229e-12 5.475574893705685314e-12 -5.590499476909145938e-12 -3.306479858608351118e-11 -2.205985528368053732e-11 -1.175008787257551550e-11 -4.506563217790839505e-11 -2.280242169906199684e-11 -1.841649820302959171e-11 -1.699175907668854761e-12 -1.752858663629536190e-11 -5.917188891764424955e-12 4.778557496391982316e-12
7.021780545066453205e-12 2.875992703113719319e-09 3.431568129634654190e-10 1.646163113098240325e-10 6.282634492189170756e-11 -1.175004661290531251e-11 -7.026529947095451973e-11 -8.049973212407702108e-11 -6.625562672754740024e-11 3.116801743452031009e-12 7.374091967467788807e-11 1.645316751814755588e-11 2.141695023936589941e-11 1.785609068805157851e-11 1.074299488323873105e-11 -1.548382072375844933e-11 1.780511124317937055e-11 -1.329762415676035531e-11 -1.604446198737600330e-11 -1.135247225945727275e-11 -5.594241281838807934e-12 -1.691070236495497268e-11 4.265389322694572788e-12 4.118768959963203603e-13 3.621626160221701441e-12 -7.955897855697162472e-12
4.328662388396235674e-10 3.431568129634654190e-10 1.418823205323739028e-09 7.536087178995586045e-11 9.410278824727658108e-11 1.020509531082898200e-10 1.254558791482094447e-10 1.008762336861045276e-10 -1.718380977805301614e-12 1.782983865688290234e-11 8.176440078563413589e-12 -1.202165688887024863e-11 -5.327646917168102766e-13 7.006154189189149242e-12 -2.349514743652955179e-12 4.443750174858641399e-12 -1.971798942686528193e-12 -2.791007534384072945e-11 -3.429370005582308696e-11 -2.204424957473075317e-11 -1.600049877438547541e-13 -1.648616835818897666e-12 -9.444139259076635651e-13 -1.707432428230090726e-12 -1.418925434360203022e-12 -3.692334137296844204e-12
1.808533376340420384e-10 1.646163113098240325e-10 7.536087178995586045e-11 1.000626237127872874e-09 9.898372247134443809e-11 4.464472537134612866e-11 5.020872749099444512e-11 -2.054710413256771459e-11 -8.394865857005874639e-12 -4.642804761872385081e-12 -4.843260398522730887e-11 -1.725290298949212176e-11 1.690961344529414148e-11 5.558531673419069131e-12 -2.338871434966547541e-11 -7.345566878611579995e-13 5.326954024195364438e-12 -3.319799290671289747e-12 -2.505141874009311628e-11 -2.087313449738966165e-11 -1.243441293633711917e-11 -1.289129512609345423e-11 6.977607843229832197e-12 -6.909013408462556282e-12 8.243471764080050901e-13 -3.105792880545610557e-12
3.203871767713938360e-11 6.282634492189170756e-11 9.410278824727658108e-11 9.898372247134443809e-11 6.289172790895891122e-10 1.075643673367745877e-10 5.416986882428749681e-11 3.143814362571007038e-11 -1.060924465352246907e-11 -2.486079183612977590e-11 -8.650321203464759214e-12 -7.291849862276450598e-12 -1.976411823332114594e-11 -1.566062615650964190e-11 -1.074110556938661739e-11 8.531903381070976950e-12 -4.948303628359437650e-12 -8.958581035717037408e-12 -7.306996287714361092e-12 -5.529316780883005317e-12 -1.362884969970698850e-12 -6.426795016744393766e-12 -3.761074507439018638e-12 2.223160431366071087e-12 -1.519102638457437090e-12 -3.874723717301157815e-12
1.629494521390915675e-10 -1.175004661290531251e-11 1.020509531082898200e-10 4.464472537134612866e-11 1.075643673367745877e-10 4.689094176634486426e-10 7.516799324980498625e-11 3.343559972134768909e-11 3.269556746268334727e-11 -2.620294158944280571e-14 9.935161935851869442e-12 7.822074192660367064e-12 7.375324912899447587e-12 1.318701219638420212e-11 8.049016244855450169e-12 -5.517538444082774644e-12 -1.666397944923488250e-11 -8.001218260086727943e-12 1.481147417697551539e-12 -7.386591995792072524e-13 2.906228705895091542e-12 -3.525208855310508240e-12 -4.732405349495242282e-12 5.306253708311429660e-12 7.469453428513004762e-13 4.046714998061658834e-13
-2.377304208229067443e-11 -7.026529947095451973e-11 1.254558791482094447e-10 5.020872749099444512e-11 5.416986882428749681e-11 7.516799324980498625e-11 2.814311157319989897e-10 6.373226413103349745e-11 4.455099479044277754e-11 2.348000290695670303e-11 1.499728554991043918e-12 -4.911349159604865827e-12 5.916337899616383491e-12 7.367179964806177827e-13 5.490118723660664642e-12 1.081824594334240772e-11 5.590795594783441055e-12 -1.524353788517680780e-12 -7.854148166197352501e-12 -1.309551640689643122e-11 -3.366501130179954929e-12 1.230448063134757485e-12 -6.125376367080699462e-12 8.390297397874977669e-13 4.199988294729963844e-13 -2.196220255057694325e-12
2.044639391034245600e-11 -8.049973212407702108e-11 1.008762336861045276e-10 -2.054710413256771459e-11 3.143814362571007038e-11 3.343559972134768909e-11 6.373226413103349745e-11 1.994046973497958835e-10 3.088315193100556756e-11 2.899493626626535594e-11 7.854683090463301818e-12 5.697551118440849861e-12 5.181763863890287383e-13 -7.826811998316345143e-12 -2.874814630628103960e-12 1.455207579762302979e-12 -6.123103108450113028e-12 -6.901693435305673016e-12 -1.435496191055130015e-11 -5.341582746199780721e-12 1.827661692516644503e-12 6.094315471357349462e-12 2.690693565027623790e-12 -2.935748144239400748e-12 7.385145245201736883e-13 1.013336441571971291e-13
-1.024823597487805756e-11 -6.625562672754740024e-11 -1.718380977805301614e-12 -8.394865857005874639e-12 -1.060924465352246907e-11 3.269556746268334727e-11 4.455099479044277754e-11 3.088315193100556756e-11 1.550687626337115815e-10 5.030051538565555443e-11 7.021200033911109328e-12 1.119408345037321746e-11 2.069828853371838612e-12 -1.350616893539618626e-12 2.901711895079904724e-13 -2.311137179478454963e-12 -2.650784375487787399e-13 -5.310857209152392646e-12 -6.614164088653426318e-12 -8.330336853917940390e-13 1.294757714462454419e-12 4.723527632863897042e-12 -3.264524074962620400e-12 9.397084367438811372e-13 -1.206635467392510792e-12 1.838188503553753612e-13
1.965099029219583933e-13 3.116801743452031009e-12 1.782983865688290234e-11 -4.642804761872385081e-12 -2.486079183612977590e-11 -2.620294158944280571e-14 2.348000290695670303e-11 2.899493626626535594e-11 5.030051538565555443e-11 1.171364507506564294e-10 2.510371528268660420e-11 1.286244975663194019e-11 3.126817055481350813e-12 -1.369223754625491032e-12 7.310011934100649147e-14 -9.494116552730916564e-13 -5.511297721644509788e-13 -4.996353953846365684e-12 -3.476496006945654348e-12 2.587867323675237664e-13 1.113091361231645793e-12 2.256381578618289367e-12 -2.031810670687857776e-12 -7.352619727498349466e-13 6.017270963944322394e-13 1.978026294375416686e-12
-5.626120570488972580e-11 7.374091967467788807e-11 8.176440078563413589e-12 -4.843260398522730887e-11 -8.650321203464759214e-12 9.935161935851869442e-12 1.499728554991043918e-12 7.854683090463301818e-12 7.021200033911109328e-12 2.510371528268660420e-11 7.784821662756834585e-11 2.340470176380396383e-11 1.348897032850931962e-11 2.855339387853552138e-12 4.925500882437040397e-12 -5.235146537706043889e-13 -2.092902668884620640e-12 -4.524295136207932612e-12 -1.097881309581025136e-12 -1.352555459258253179e-12 -1.101435658016394611e-13 1.806968545029703228e-12 3.209116095083557247e-12 2.563024806823749786e-12 8.214351740962960155e-14 -8.958486421659446732e-13
3.809178189508179952e-12 1.645316751814755588e-11 -1.202165688887024863e-11 -1.725290298949212176e-11 -7.291849862276450598e-12 7.822074192660367064e-12 -4.911349159604865827e-12 5.697551118440849861e-12 1.119408345037321746e-11 1.286244975663194019e-11 2.340470176380396383e-11 6.030016074252065738e-11 2.682034851676919513e-11 1.483348057133687816e-11 1.046060799295783567e-11 4.088426724465564085e-12 7.613352706676809500e-16 -4.307434868613446675e-12 -3.395464157920935866e-12 2.920434727011919141e-12 3.555356147894179215e-12 5.333032885376410876e-12 3.038696710299933111e-12 -1.261279253566772635e-13 -8.317845213582263855e-13 -7.268873359414362746e-14
-2.487760792918488471e-11 2.141695023936589941e-11 -5.327646917168102766e-13 1.690961344529414148e-11 -1.976411823332114594e-11 7.375324912899447587e-12 5.916337899616383491e-12 5.181763863890287383e-13 2.069828853371838612e-12 3.126817055481350813e-12 1.348897032850931962e-11 2.682034851676919513e-11 5.677631741649582022e-11 2.572197963878014481e-11 1.032064229175349766e-11 1.933239962260703200e-12 1.366835450516951390e-12 1.910275341074456594e-12 -1.415340379788253035e-13 6.802976033376570777e-13 -1.850845331001413915e-12 6.490646929064264756e-13 8.578635924284771859e-13 1.451838519870933284e-12 -2.837907437314592400e-13 -5.839767596484168663e-13
-2.601910183815095229e-12 1.785609068805157851e-11 7.006154189189149242e-12 5.558531673419069131e-12 -1.566062615650964190e-11 1.318701219638420212e-11 7.367179964806177827e-13 -7.826811998316345143e-12 -1.350616893539618626e-12 -1.369223754625491032e-12 2.855339387853552138e-12 1.483348057133687816e-11 2.572197963878014481e-11 4.310783554263880308e-11 1.712795250985165381e-11 5.496623470643635982e-12 -1.002830479427101891e-12 -2.554261956506414056e-12 -4.103616837317089918e-13 -1.801772725899110756e-13 -5.535537644074014998e-13 -1.303276163805338901e-13 6.388019140741250164e-14 1.156850316885705188e-12 -9.083643270641397064e-13 -1.233408017394105936e-12
5.475574893705685314e-12 1.074299488323873105e-11 -2.349514743652955179e-12 -2.338871434966547541e-11 -1.074110556938661739e-11 8.049016244855450169e-12 5.490118723660664642e-12 -2.874814630628103960e-12 2.901711895079904724e-13 7.310011934100649147e-14 4.925500882437040397e-12 1.046060799295783567e-11 1.032064229175349766e-11 1.712795250985165381e-11 3.732621209867714710e-11 1.757037478680845673e-11 6.222964137550259640e-12 2.135804383382952006e-12 3.814283195809628234e-12 2.376117607357331306e-12 -1.014338413677844598e-12 2.561308099850638800e-12 1.894664981633354769e-12 -2.737017473206764056e-13 2.535060415682157748e-14 6.271977122557993453e-13
-5.590499476909145938e-12 -1.548382072375844933e-11 4.443750174858641399e-12 -7.345566878611579995e-13 8.531903381070976950e-12 -5.517538444082774644e-12 1.081824594334240772e-11 1.455207579762302979e-12 -2.311137179478454963e-12 -9.494116552730916564e-13 -5.235146537706043889e-13 4.088426724465564085e-12 1.933239962260703200e-12 5.496623470643635982e-12 1.757037478680845673e-11 3.568831585574503145e-11 1.920226931388914153e-11 1.186482094603557785e-11 4.889987604625296390e-12 -9.411622132369735630e-13 -1.893594830919666527e-12 -5.973278159052299412e-13 -6.747309472556848707e-13 -1.354178737553940486e-12 -1.693739364363777513e-12 8.323797585049762339e-13
-3.306479858608351118e-11 1.780511124317937055e-11 -1.971798942686528193e-12 5.326954024195364438e-12 -4.948303628359437650e-12 -1.666397944923488250e-11 5.590795594783441055e-12 -6.123103108450113028e-12 -2.650784375487787399e-13 -5.511297721644509788e-13 -2.092902668884620640e-12 7.613352706676809500e-16 1.366835450516951390e-12 -1.002830479427101891e-12 6.222964137550259640e-12 1.920226931388914153e-11 3.962276071223649763e-11 2.298445489897596401e-11 9.625703426411723088e-12 2.706695261080109602e-12 -4.702361215975559349e-13 -5.871717195133855132e-13 -1.856039009292444476e-12 4.645747633132055125e-13 4.053863418831928150e-13 4.712676742116217929e-13
-2.205985528368053732e-11 -1.329762415676035531e-11 -2.791007534384072945e-11 -3.319799290671289747e-12 -8.958581035717037408e-12 -8.001218260086727943e-12 -1.524353788517680780e-12 -6.901693435305673016e-12 -5.310857209152392646e-12 -4.996353953846365684e-12 -4.524295136207932612e-12 -4.307434868613446675e-12 1.910275341074456594e-12 -2.554261956506414056e-12 2.135804383382952006e-12 1.186482094603557785e-11 2.298445489897596401e-11 3.545803577711751837e-11 1.765107927507370504e-11 4.561151336607927888e-12 1.627035051274815855e-12 -1.943123656788879285e-12 -1.505191371867186673e-12 4.828926855312318989e-13 -1.545719015481882344e-12 4.036998850722305790e-14
-1.175008787257551550e-11 -1.604446198737600330e-11 -3.429370005582308696e-11 -2.505141874009311628e-11 -7.306996287714361092e-12 1.481147417697551539e-12 -7.854148166197352501e-12 -1.435496191055130015e-11 -6.614164088653426318e-12 -3.476496006945654348e-12 -1.097881309581025136e-12 -3.395464157920935866e-12 -1.415340379788253035e-13 -4.103616837317089918e-13 3.814283195809628234e-12 4.889987604625296390e-12 9.625703426411723088e-12 1.765107927507370504e-11 2.933922242931928356e-11 1.274668638936400629e-11 5.885599322787763913e-12 3.387256752726677287e-13 6.168823333407138673e-13 1.311979346451705423e-12 -2.962350042860470466e-13 1.411951776090340038e-12
-4.506563217790839505e-11 -1.135247225945727275e-11 -2.204424957473075317e-11 -2.087313449738966165e-11 -5.529316780883005317e-12 -7.386591995792072524e-13 -1.309551640689643122e-11 -5.341582746199780721e-12 -8.330336853917940390e-13 2.587867323675237664e-13 -1.352555459258253179e-12 2.920434727011919141e-12 6.802976033376570777e-13 -1.801772725899110756e-13 2.376117607357331306e-12 -9.411622132369735630e-13 2.706695261080109602e-12 4.561151336607927888e-12 1.274668638936400629e-11 2.689716659151695731e-11 1.469861060337987377e-11 6.037498122497282056e-12 9.354584223774838809e-13 2.920255498822636177e-12 1.819523867647015558e-12 1.703518482423000398e-12
-2.280242169906199684e-11 -5.594241281838807934e-12 -1.600049877438547541e-13 -1.243441293633711917e-11 -1.362884969970698850e-12 2.906228705895091542e-12 -3.366501130179954929e-12 1.827661692516644503e-12 1.294757714462454419e-12 1.113091361231645793e-12 -1.101435658016394611e-13 3.555356147894179215e-12 -1.850845331001413915e-12 -5.535537644074014998e-13 -1.014338413677844598e-12 -1.893594830919666527e-12 -4.702361215975559349e-13 1.627035051274815855e-12 5.885599322787763913e-12 1.469861060337987377e-11 2.649439295078334150e-11 1.186070891346935878e-11 3.952566294143123312e-12 1.366346298061964912e-12 -1.677108538701767539e-13 1.288641900475961801e-12
-1.841649820302959171e-11 -1.691070236495497268e-11 -1.648616835818897666e-12 -1.289129512609345423e-11 -6.426795016744393766e-12 -3.525208855310508240e-12 1.230448063134757485e-12 6.094315471357349462e-12 4.723527632863897042e-12 2.256381578618289367e-12 1.806968545029703228e-12 5.333032885376410876e-12 6.490646929064264756e-13 -1.303276163805338901e-13 2.561308099850638800e-12 -5.973278159052299412e-13 -5.871717195133855132e-13 -1.943123656788879285e-12 3.387256752726677287e-13 6.037498122497282056e-12 1.186070891346935878e-11 2.097152486263552905e-11 1.030314834568057031e-11 1.557476568040764298e-12 -7.851455032057411591e-13 1.062616256649229786e-13
-1.699175907668854761e-12 4.265389322694572788e-12 -9.444139259076635651e-13 6.977607843229832197e-12 -3.761074507439018638e-12 -4.732405349495242282e-12 -6.125376367080699462e-12 2.690693565027623790e-12 -3.264524074962620400e-12 -2.031810670687857776e-12 3.209116095083557247e-12 3.038696710299933111e-12 8.578635924284771859e-13 6.388019140741250164e-14 1.894664981633354769e-12 -6.747309472556848707e-13 -1.856039009292444476e-12 -1.505191371867186673e-12 6.168823333407138673e-13 9.354584223774838809e-13 3.952566294143123312e-12 1.030314834568057031e-11 1.656189644389117415e-11 3.958730725288621461e-12 5.656341572337679222e-13 -2.177732703288866008e-14
-1.752858663629536190e-11 4.118768959963203603e-13 -1.707432428230090726e-12 -6.909013408462556282e-12 2.223160431366071087e-12 5.306253708311429660e-12 8.390297397874977669e-13 -2.935748144239400748e-12 9.397084367438811372e-13 -7.352619727498349466e-13 2.563024806823749786e-12 -1.261279253566772635e-13 1.451838519870933284e-12 1.156850316885705188e-12 -2.737017473206764056e-13 -1.354178737553940486e-12 4.645747633132055125e-13 4.828926855312318989e-13 1.311979346451705423e-12 2.920255498822636177e-12 1.366346298061964912e-12 1.557476568040764298e-12 3.958730725288621461e-12 8.936475406725658214e-12 3.213061569285512144e-12 8.650981790645840552e-13
-5.917188891764424955e-12 3.621626160221701441e-12 -1.418925434360203022e-12 8.243471764080050901e-13 -1.519102638457437090e-12 7.469453428513004762e-13 4.199988294729963844e-13 7.385145245201736883e-13 -1.206635467392510792e-12 6.017270963944322394e-13 8.214351740962960155e-14 -8.317845213582263855e-13 -2.837907437314592400e-13 -9.083643270641397064e-13 2.535060415682157748e-14 -1.693739364363777513e-12 4.053863418831928150e-13 -1.545719015481882344e-12 -2.962350042860470466e-13 1.819523867647015558e-12 -1.677108538701767539e-13 -7.851455032057411591e-13 5.656341572337679222e-13 3.213061569285512144e-12 7.916728768092106089e-12 2.228618016178155441e-12
4.778557496391982316e-12 -7.955897855697162472e-12 -3.692334137296844204e-12 -3.105792880545610557e-12 -3.874723717301157815e-12 4.046714998061658834e-13 -2.196220255057694325e-12 1.013336441571971291e-13 1.838188503553753612e-13 1.978026294375416686e-12 -8.958486421659446732e-13 -7.268873359414362746e-14 -5.839767596484168663e-13 -1.233408017394105936e-12 6.271977122557993453e-13 8.323797585049762339e-13 4.712676742116217929e-13 4.036998850722305790e-14 1.411951776090340038e-12 1.703518482423000398e-12 1.288641900475961801e-12 1.062616256649229786e-13 -2.177732703288866008e-14 8.650981790645840552e-13 2.228618016178155441e-12 6.238235876816563270e-12
