2.309221546697970363e-09 5.746584738554677338e-12 3.108986817350686633e-11 1.236510961403130941e-12 3.568783937597191700e-11 -1.770553059771861974e-13 -4.449292959305125401e-11 -1.554538569774997766e-11 -2.209749546745915266e-11 2.067556616662524900e-12 -3.714681066905227141e-11 -3.936377244345910666e-11 -8.912667290597885378e-12 -1.594590419030130867e-11 -1.880274949458754050e-11 -1.576622427250557536e-11 1.288796880400085995e-11 1.054878914892943183e-11 5.441426022135119216e-12 2.215628662157191996e-11 2.812728326060667319e-11 8.641635758747759197e-12 1.090730625945060060e-15 -2.076412276083644049e-13 -2.561372826335118820e-12 -4.626401666371703178e-12
5.746584738554677338e-12 1.489365203595221953e-09 6.401877699002482286e-11 -1.810507343980166487e-11 3.835975379894541961e-11 5.458036427809032570e-11 -1.448937532058165225e-11 1.297596365670550860e-11 3.313944164014873747e-12 1.437048211985207295e-11 3.484695723582638784e-12 1.474284667363352593e-12 7.480100777130772474e-12 -1.400767240284005435e-11 1.389258126862464082e-11 2.142343444523413011e-11 9.905983322378015238e-12 2.156550140672465581e-11 8.253497878333938035e-12 1.118078954353807213e-11 1.564521956562430722e-12 -5.475523581148696957e-12 1.103920103901235056e-12 9.152029202711697243e-12 6.142738335776944399e-12 -1.199926202003647069e-12
3.108986817350686633e-11 6.401877699002482286e-11 8.826315320017588564e-10 5.494286915710119373e-12 3.431781544168666831e-11 2.511889260217685836e-11 6.845806593336064666e-11 4.398869260241418107e-11 2.340461410567772159e-11 7.103099585084923881e-12 -2.105502225411334075e-13 1.008278629390830914e-11 -2.225892873998334728e-12 3.325412449494826365e-12 -8.801195921122848736e-12 -1.394321519872727811e-11 -1.573598839240778067e-11 -7.418770561906482789e-12 2.636147869608769392e-12 4.156612257952912735e-12 4.318355821356458629e-12 1.766196534289133771e-12 2.668288044173970872e-12 5.335301585345131701e-12 1.421813866703047657e-12 -2.178406289605357707e-12
1.236510961403130941e-12 -1.810507343980166487e-11 5.494286915710119373e-12 5.602715008637216597e-10 4.365483280310770190e-11 -3.185212801029103071e-11 4.416536505236819954e-12 -2.563383776202616897e-12 -1.482494530389783526e-11 -6.584135904816723910e-12 2.173599983043675865e-11 1.124080652432046553e-11 4.669915468349762488e-12 -9.533975396403837036e-13 -1.429080177404891665e-11 -2.800249452699728893e-12 -5.890839053511703026e-12 3.467761666170904278e-12 6.639097441471927016e-12 -9.989394155582162207e-13 3.504495266566427922e-12 5.968031416606858011e-13 -2.523444858751541772e-12 -1.886590855168209147e-12 -3.408415522483896182e-13 3.191057368831111998e-12
3.568783937597191700e-11 3.835975379894541961e-11 3.431781544168666831e-11 4.365483280310770190e-11 4.273357479497880646e-10 7.184844923016227429e-11 3.691363545839931635e-11 -4.551817161014124786e-13 3.487736523593452326e-12 1.641911127499407870e-11 -3.246245716413020877e-12 -7.851581573622752412e-12 -5.872312615099009502e-12 -1.439493573667692905e-11 -9.369201423191835806e-12 5.867006149873676694e-12 1.769505631683116194e-12 2.884728207092774201e-12 7.021435172126796684e-13 -9.966089732813679979e-12 -3.106427243542400634e-12 -1.167593866713808167e-14 3.566312789627895439e-12 -1.358795417396514572e-13 -1.925903687574108810e-12 8.046624781873441374e-13
-1.770553059771861974e-13 5.458036427809032570e-11 2.511889260217685836e-11 -3.185212801029103071e-11 7.184844923016227429e-11 3.185664128776979686e-10 3.194550956485221955e-11 8.604082343884555959e-12 -5.782219958156714470e-12 1.177466443540322182e-13 -1.215890390515918086e-11 -1.168516372210688370e-11 -1.685514184236989122e-12 -3.468858102928613509e-12 4.387892778837310837e-12 2.756271174781750939e-12 -3.488067093616810025e-12 -2.351970158923825397e-13 5.655043070154225179e-12 1.257585118995339332e-12 9.408546240152839089e-13 -1.759385702418645244e-13 1.319578465150637708e-12 -1.468304004181359425e-12 5.731038605727237591e-13 7.242372299556080157e-13
-4.449292959305125401e-11 -1.448937532058165225e-11 6.845806593336064666e-11 4.416536505236819954e-12 3.691363545839931635e-11 3.194550956485221955e-11 1.572496648791721062e-10 2.555529297101984393e-11 9.368435812821268004e-12 1.242154280639511224e-11 1.827145970945366151e-14 4.627225814315771578e-12 -1.380489858501204576e-12 -2.939911011332173971e-12 -4.891575439493733716e-12 -1.574768453018887004e-12 -4.553286617920894966e-12 2.057506000657321717e-12 1.710783153068604911e-12 -3.127261898876286479e-12 -1.191195353676138221e-12 -7.550902851992252283e-13 -2.658800668570224454e-12 5.983519910149514474e-13 -6.386298263219825218e-13 1.811030805460623793e-12
-1.554538569774997766e-11 1.297596365670550860e-11 4.398869260241418107e-11 -2.563383776202616897e-12 -4.551817161014124786e-13 8.604082343884555959e-12 2.555529297101984393e-11 1.223699053596243225e-10 1.973726494748915533e-11 1.204972891305164018e-11 3.550951516412933050e-12 1.537576922983735140e-11 1.146461214310496814e-11 1.903698180866005651e-12 1.966407397740683397e-12 3.829674411055705796e-12 -1.777359003130420589e-13 -8.186019797596156166e-13 2.043473176922743964e-12 4.773987522792238509e-12 1.981995451314416282e-12 1.699853107263925166e-12 -1.936192483390012040e-12 5.430722148662724140e-13 1.031488506455955074e-12 7.576160500796404674e-13
-2.209749546745915266e-11 3.313944164014873747e-12 2.340461410567772159e-11 -1.482494530389783526e-11 3.487736523593452326e-12 -5.782219958156714470e-12 9.368435812821268004e-12 1.973726494748915533e-11 1.128244768316704617e-10 2.403359312826228620e-11 9.357494769261450126e-12 1.041950877956917404e-11 3.290288795091715649e-12 -2.522502325419107066e-12 4.094325508479324063e-12 4.114791878330851501e-12 -6.312219556162119616e-13 6.036785582272046919e-13 -5.189039099770224691e-13 2.029756677263261602e-12 1.692440747252651705e-12 -3.513184452241843561e-13 1.253054918520684379e-12 7.436345880989104245e-13 3.297924592762324511e-13 1.267768954301496058e-12
2.067556616662524900e-12 1.437048211985207295e-11 7.103099585084923881e-12 -6.584135904816723910e-12 1.641911127499407870e-11 1.177466443540322182e-13 1.242154280639511224e-11 1.204972891305164018e-11 2.403359312826228620e-11 5.958647106164437784e-11 1.661813728058713788e-11 9.174594399109995770e-12 2.507354522572632435e-12 2.579721441768409339e-12 2.117088233028834346e-12 -3.272608652510028935e-13 -6.127227869769890891e-14 2.013322559248738191e-13 -1.800750515794329254e-12 -2.760222903138443589e-13 7.615342379889198937e-13 -6.075974406976810170e-13 6.749068590963713025e-13 -7.544370914636181880e-14 -1.221160569751613429e-13 1.347396171606862221e-12
-3.714681066905227141e-11 3.484695723582638784e-12 -2.105502225411334075e-13 2.173599983043675865e-11 -3.246245716413020877e-12 -1.215890390515918086e-11 1.827145970945366151e-14 3.550951516412933050e-12 9.357494769261450126e-12 1.661813728058713788e-11 6.057877628111580950e-11 2.313716114734109072e-11 8.714614777186914171e-12 1.533914765778681412e-12 4.608374631658074015e-12 4.054506808372565880e-12 3.226836243438044325e-12 3.676478541025998387e-12 8.674604946905085001e-13 6.078210983452871402e-13 3.631957078449891377e-12 1.698340465412758730e-13 1.633330955477098284e-12 9.534606396730176287e-13 -2.015518600191723218e-12 -1.777911283782687668e-13
-3.936377244345910666e-11 1.474284667363352593e-12 1.008278629390830914e-11 1.124080652432046553e-11 -7.851581573622752412e-12 -1.168516372210688370e-11 4.627225814315771578e-12 1.537576922983735140e-11 1.041950877956917404e-11 9.174594399109995770e-12 2.313716114734109072e-11 5.137059251643367049e-11 1.660032269247485851e-11 9.033971358082740525e-12 4.654166239533273355e-12 5.576203691220673458e-12 1.644499481018675401e-12 1.787566784218482410e-12 -6.554511575425826569e-13 -2.835326127328260162e-12 9.679604870404390968e-13 7.187105445423081491e-13 6.847086381781966587e-13 -3.933845232412404157e-13 -3.322765943771862497e-13 1.007383424879945597e-13
-8.912667290597885378e-12 7.480100777130772474e-12 -2.225892873998334728e-12 4.669915468349762488e-12 -5.872312615099009502e-12 -1.685514184236989122e-12 -1.380489858501204576e-12 1.146461214310496814e-11 3.290288795091715649e-12 2.507354522572632435e-12 8.714614777186914171e-12 1.660032269247485851e-11 3.704689500187320375e-11 1.525389137563589563e-11 6.187994172589538096e-12 2.814713296250219148e-12 -5.516964138212967403e-13 -2.039886861980054190e-13 4.022048909720928294e-13 8.118726805717372279e-13 3.071768727555074092e-12 1.277161982641729275e-12 -1.039625871794632693e-13 -4.350464970668543512e-13 -5.550122119644536050e-13 5.173128336862605276e-13
-1.594590419030130867e-11 -1.400767240284005435e-11 3.325412449494826365e-12 -9.533975396403837036e-13 -1.439493573667692905e-11 -3.468858102928613509e-12 -2.939911011332173971e-12 1.903698180866005651e-12 -2.522502325419107066e-12 2.579721441768409339e-12 1.533914765778681412e-12 9.033971358082740525e-12 1.525389137563589563e-11 2.593108301498005624e-11 1.000581707516483452e-11 8.026596705760751006e-12 4.879276045700586522e-12 1.849209761165820900e-12 6.786891559198174356e-13 9.473687829685213746e-13 1.202493326078484746e-12 5.449872092957863369e-13 -4.009024353983200900e-13 -4.416861842578340140e-13 -7.884194412741614312e-14 1.874033308829806273e-13
-1.880274949458754050e-11 1.389258126862464082e-11 -8.801195921122848736e-12 -1.429080177404891665e-11 -9.369201423191835806e-12 4.387892778837310837e-12 -4.891575439493733716e-12 1.966407397740683397e-12 4.094325508479324063e-12 2.117088233028834346e-12 4.608374631658074015e-12 4.654166239533273355e-12 6.187994172589538096e-12 1.000581707516483452e-11 2.586485122340771599e-11 1.473643968944672513e-11 5.900930562934936959e-12 1.678551210056745805e-12 2.224021378005649547e-13 2.551709415950561209e-14 1.404271899122429547e-12 1.320686203285768115e-12 3.015542100097853582e-13 -2.739834737827017916e-14 -1.940624487565648353e-13 -3.535977045970378395e-13
-1.576622427250557536e-11 2.142343444523413011e-11 -1.394321519872727811e-11 -2.800249452699728893e-12 5.867006149873676694e-12 2.756271174781750939e-12 -1.574768453018887004e-12 3.829674411055705796e-12 4.114791878330851501e-12 -3.272608652510028935e-13 4.054506808372565880e-12 5.576203691220673458e-12 2.814713296250219148e-12 8.026596705760751006e-12 1.473643968944672513e-11 2.351034927238759911e-11 1.271669601126073102e-11 5.828705209560716458e-12 -5.073448050002048000e-13 2.682950462774778209e-13 5.420737169300983031e-13 7.514108226826512902e-13 -2.465782451271335325e-13 -2.331788883918854690e-13 9.264513966117577763e-14 -1.840640559708310560e-13
1.288796880400085995e-11 9.905983322378015238e-12 -1.573598839240778067e-11 -5.890839053511703026e-12 1.769505631683116194e-12 -3.488067093616810025e-12 -4.553286617920894966e-12 -1.777359003130420589e-13 -6.312219556162119616e-13 -6.127227869769890891e-14 3.226836243438044325e-12 1.644499481018675401e-12 -5.516964138212967403e-13 4.879276045700586522e-12 5.900930562934936959e-12 1.271669601126073102e-11 1.950664167429567502e-11 8.723264843270103069e-12 3.015207594952603135e-13 7.547627229367063728e-13 6.620553862668626003e-13 5.432124881901987022e-13 -2.728715365266377380e-13 -4.953577279980502153e-13 -1.110423036759543943e-13 1.063492691539496214e-14
1.054878914892943183e-11 2.156550140672465581e-11 -7.418770561906482789e-12 3.467761666170904278e-12 2.884728207092774201e-12 -2.351970158923825397e-13 2.057506000657321717e-12 -8.186019797596156166e-13 6.036785582272046919e-13 2.013322559248738191e-13 3.676478541025998387e-12 1.787566784218482410e-12 -2.039886861980054190e-13 1.849209761165820900e-12 1.678551210056745805e-12 5.828705209560716458e-12 8.723264843270103069e-12 1.543065197785353180e-11 4.309472844720029655e-12 1.036443709057912141e-12 4.330084833583905068e-13 -6.803482700886825009e-13 -2.894099230597921182e-13 1.721579920663694590e-14 8.097140885958427331e-14 -5.293784748671987782e-13
5.441426022135119216e-12 8.253497878333938035e-12 2.636147869608769392e-12 6.639097441471927016e-12 7.021435172126796684e-13 5.655043070154225179e-12 1.710783153068604911e-12 2.043473176922743964e-12 -5.189039099770224691e-13 -1.800750515794329254e-12 8.674604946905085001e-13 -6.554511575425826569e-13 4.022048909720928294e-13 6.786891559198174356e-13 2.224021378005649547e-13 -5.073448050002048000e-13 3.015207594952603135e-13 4.309472844720029655e-12 1.089135447596788027e-11 3.257822730584912565e-12 6.605461592977559032e-13 -3.479946510553205979e-14 1.002567131971902592e-13 3.697435756411935568e-13 3.331853486768471717e-13 -3.169819028164588713e-13
2.215628662157191996e-11 1.118078954353807213e-11 4.156612257952912735e-12 -9.989394155582162207e-13 -9.966089732813679979e-12 1.257585118995339332e-12 -3.127261898876286479e-12 4.773987522792238509e-12 2.029756677263261602e-12 -2.760222903138443589e-13 6.078210983452871402e-13 -2.835326127328260162e-12 8.118726805717372279e-13 9.473687829685213746e-13 2.551709415950561209e-14 2.682950462774778209e-13 7.547627229367063728e-13 1.036443709057912141e-12 3.257822730584912565e-12 8.845842158964913431e-12 3.683924480827250001e-12 7.007215102629545879e-13 4.227976861368932931e-13 1.426037718001253110e-13 2.349708660921500008e-13 2.154794216398777743e-13
2.812728326060667319e-11 1.564521956562430722e-12 4.318355821356458629e-12 3.504495266566427922e-12 -3.106427243542400634e-12 9.408546240152839089e-13 -1.191195353676138221e-12 1.981995451314416282e-12 1.692440747252651705e-12 7.615342379889198937e-13 3.631957078449891377e-12 9.679604870404390968e-13 3.071768727555074092e-12 1.202493326078484746e-12 1.404271899122429547e-12 5.420737169300983031e-13 6.620553862668626003e-13 4.330084833583905068e-13 6.605461592977559032e-13 3.683924480827250001e-12 9.630102930531500951e-12 3.357106764658560291e-12 5.122769098372920263e-13 3.874537990540575292e-13 -5.462200775242369708e-13 -1.959456009034705279e-13
8.641635758747759197e-12 -5.475523581148696957e-12 1.766196534289133771e-12 5.968031416606858011e-13 -1.167593866713808167e-14 -1.759385702418645244e-13 -7.550902851992252283e-13 1.699853107263925166e-12 -3.513184452241843561e-13 -6.075974406976810170e-13 1.698340465412758730e-13 7.187105445423081491e-13 1.277161982641729275e-12 5.449872092957863369e-13 1.320686203285768115e-12 7.514108226826512902e-13 5.432124881901987022e-13 -6.803482700886825009e-13 -3.479946510553205979e-14 7.007215102629545879e-13 3.357106764658560291e-12 6.546564388346087460e-12 1.058589508071868685e-12 2.869589599875905808e-13 -5.310744987702904515e-13 2.130836585567523260e-13
1.090730625945060060e-15 1.103920103901235056e-12 2.668288044173970872e-12 -2.523444858751541772e-12 3.566312789627895439e-12 1.319578465150637708e-12 -2.658800668570224454e-12 -1.936192483390012040e-12 1.253054918520684379e-12 6.749068590963713025e-13 1.633330955477098284e-12 6.847086381781966587e-13 -1.039625871794632693e-13 -4.009024353983200900e-13 3.015542100097853582e-13 -2.465782451271335325e-13 -2.728715365266377380e-13 -2.894099230597921182e-13 1.002567131971902592e-13 4.227976861368932931e-13 5.122769098372920263e-13 1.058589508071868685e-12 4.642170257482205223e-12 1.029422960034273310e-12 -2.921016787716643945e-13 -6.557890246711457427e-13
-2.076412276083644049e-13 9.152029202711697243e-12 5.335301585345131701e-12 -1.886590855168209147e-12 -1.358795417396514572e-13 -1.468304004181359425e-12 5.983519910149514474e-13 5.430722148662724140e-13 7.436345880989104245e-13 -7.544370914636181880e-14 9.534606396730176287e-13 -3.933845232412404157e-13 -4.350464970668543512e-13 -4.416861842578340140e-13 -2.739834737827017916e-14 -2.331788883918854690e-13 -4.953577279980502153e-13 1.721579920663694590e-14 3.697435756411935568e-13 1.426037718001253110e-13 3.874537990540575292e-13 2.869589599875905808e-13 1.029422960034273310e-12 2.946277914232545797e-12 7.792302475191578081e-14 -4.941080006708831177e-13
-2.561372826335118820e-12 6.142738335776944399e-12 1.421813866703047657e-12 -3.408415522483896182e-13 -1.925903687574108810e-12 5.731038605727237591e-13 -6.386298263219825218e-13 1.031488506455955074e-12 3.297924592762324511e-13 -1.221160569751613429e-13 -2.015518600191723218e-12 -3.322765943771862497e-13 -5.550122119644536050e-13 -7.884194412741614312e-14 -1.940624487565648353e-13 9.264513966117577763e-14 -1.110423036759543943e-13 8.097140885958427331e-14 3.331853486768471717e-13 2.349708660921500008e-13 -5.462200775242369708e-13 -5.310744987702904515e-13 -2.921016787716643945e-13 7.792302475191578081e-14 2.360910698001507289e-12 3.896810341265537513e-13
-4.626401666371703178e-12 -1.199926202003647069e-12 -2.178406289605357707e-12 3.191057368831111998e-12 8.046624781873441374e-13 7.242372299556080157e-13 1.811030805460623793e-12 7.576160500796404674e-13 1.267768954301496058e-12 1.347396171606862221e-12 -1.777911283782687668e-13 1.007383424879945597e-13 5.173128336862605276e-13 1.874033308829806273e-13 -3.535977045970378395e-13 -1.840640559708310560e-13 1.063492691539496214e-14 -5.293784748671987782e-13 -3.169819028164588713e-13 2.154794216398777743e-13 -1.959456009034705279e-13 2.130836585567523260e-13 -6.557890246711457427e-13 -4.941080006708831177e-13 3.896810341265537513e-13 2.359804291327917783e-12
