4.014543472564396822e-09 3.889379883675031679e-10 -6.177637005042612289e-11 2.259240950259971740e-10 3.535105658824504807e-11 2.162315067339067342e-10 2.001694495783353490e-10 8.316704823990814705e-11 1.764777723846181768e-10 5.191438328254482690e-11 7.741001565096353140e-11 6.731733083485954009e-11 8.670791215548313661e-11 1.271210279899259693e-10 1.054472865524938663e-10 7.000153854778129661e-11 7.370903909836072291e-11 2.715991625321570816e-11 2.355682756029456292e-11 2.895804615910453869e-11 -8.941270498202602983e-12 -1.349778591342844526e-11 -8.288956126797064863e-12 -9.505989719277269487e-12 1.727209576428177598e-11 -4.825636449227352112e-13
3.889379883675031679e-10 2.532188531937491073e-09 2.197646758225674938e-10 3.486896960287831378e-10 2.732756212815089860e-10 1.151220463442056249e-10 1.735260768015174413e-10 1.623220485449563661e-10 1.561367872436362814e-10 1.660170397597496332e-11 1.106438915293356949e-10 1.126014918878597829e-10 1.025155350131402030e-10 9.039702895000431522e-11 4.656144557857515574e-11 5.668097607835744900e-11 3.240993170927164492e-11 2.519725522841044515e-11 1.596156452396878031e-11 -1.163135833166158200e-11 -2.049876773810202291e-11 -3.127948532449982731e-11 -5.985477157675590686e-12 -1.045504493780275928e-11 -1.254960395591239987e-12 -4.359586466526912307e-12
-6.177637005042612289e-11 2.197646758225674938e-10 1.678179979018173219e-09 1.258320170313335640e-10 1.352073407266144559e-10 1.949375759605466812e-11 5.675163114707760083e-11 7.540695130208620993e-11 1.180468978384156972e-10 8.878602891189206835e-11 5.354188572332810534e-11 -2.421413066523302324e-12 -8.784705989002406109e-12 1.043840649860176361e-11 -2.473321744723695992e-12 -1.422337840909359937e-11 2.206935240394061618e-11 -1.022906374111421480e-11 -1.377454217438037592e-11 1.541966785891470705e-11 1.148701905413574667e-11 1.364544836331459685e-11 -2.595230559472363014e-12 -2.719617073428258694e-12 5.132725896362682614e-12 3.487108315856780015e-12
2.259240950259971740e-10 3.486896960287831378e-10 1.258320170313335640e-10 1.041554700636353391e-09 1.928981100439607030e-10 1.470043863806889082e-10 1.017663691125031344e-10 8.866677821958157253e-11 1.028116054797099230e-10 3.522481288010190388e-11 3.740418928297332031e-11 2.649143034679903776e-11 3.824231956650041620e-11 1.630258642283049010e-11 1.131042402347124995e-11 1.667456409701898035e-11 -2.482065786522360299e-12 1.608255466096337492e-11 7.982980322688111133e-12 1.755548651291639371e-11 -1.738941150160106217e-12 1.401287174266864860e-11 -3.626814306770065409e-12 -1.894796316926886720e-11 4.149885905742321191e-12 2.289804063451355972e-12
3.535105658824504807e-11 2.732756212815089860e-10 1.352073407266144559e-10 1.928981100439607030e-10 7.387436031090681246e-10 9.585552784456959237e-11 1.733625221911960114e-11 1.201940217875614063e-11 9.259560132716726019e-11 4.474404267236715558e-11 5.313936588988457878e-11 4.818728724094147400e-11 6.167158149500255329e-11 4.969002357134433666e-11 2.316797862991589683e-11 2.370432143283232980e-11 1.229537652352169867e-11 2.426390978191258483e-11 1.422498837796348463e-11 1.182223087997642227e-11 1.314109898130443583e-11 4.892548743541131312e-12 -7.984469886996875613e-12 -1.727960984679967702e-11 8.791809508476063182e-13 3.875519908432092132e-13
2.162315067339067342e-10 1.151220463442056249e-10 1.949375759605466812e-11 1.470043863806889082e-10 9.585552784456959237e-11 4.826460814416707501e-10 5.683060359850737062e-11 6.722563739579518772e-11 8.663131999357927067e-11 1.988361314913592274e-11 2.705583551410459406e-11 2.424594880048897139e-11 1.695571521302748116e-11 3.183778962139786388e-11 1.743015241863059436e-11 1.501694573744447399e-11 8.423277052837321735e-13 2.709422665600614130e-12 1.414242011646969782e-11 -5.666335593306213509e-13 -1.233882823880630442e-11 2.067006294908734409e-12 -3.818516150604899218e-12 1.042436386064627253e-12 -1.468633196628756350e-13 1.030005345266014569e-12
2.001694495783353490e-10 1.735260768015174413e-10 5.675163114707760083e-11 1.017663691125031344e-10 1.733625221911960114e-11 5.683060359850737062e-11 3.643231018681718986e-10 1.014167706998514409e-10 8.578207539869975216e-11 6.565971440356824960e-11 3.043014176378916990e-11 2.052747384769290580e-11 3.660016657150887613e-11 3.285321508948744524e-11 2.368492712777184274e-11 1.453644646144633255e-11 7.047289762834356075e-12 1.125588481438439241e-12 7.816318674251311479e-12 2.935023367640560714e-14 -6.254965546156679575e-12 -6.289710938518023459e-12 -4.407337819689899958e-12 -3.578539549633822490e-13 1.497431040722844508e-12 1.366418832377188862e-13
8.316704823990814705e-11 1.623220485449563661e-10 7.540695130208620993e-11 8.866677821958157253e-11 1.201940217875614063e-11 6.722563739579518772e-11 1.014167706998514409e-10 2.491241105487389740e-10 9.463226410278876072e-11 4.781538224917315973e-11 2.305409824870902904e-11 1.954460870359886808e-11 1.791607195702425007e-11 1.913716675985696759e-11 1.953915745743134000e-11 1.155148068334764416e-11 5.974453451668015588e-12 -6.978254133952574594e-13 -8.866057185721830759e-13 -5.114487855986709506e-14 -9.206034771046891768e-12 -6.624104497034440161e-12 -2.416569259048800182e-12 -1.567778851401668203e-12 -1.060830747221387497e-12 7.165962809137578564e-12
1.764777723846181768e-10 1.561367872436362814e-10 1.180468978384156972e-10 1.028116054797099230e-10 9.259560132716726019e-11 8.663131999357927067e-11 8.578207539869975216e-11 9.463226410278876072e-11 2.369290802238329687e-10 8.303875884393117377e-11 5.138530603556098022e-11 3.172045361139352584e-11 3.944324455020212496e-11 3.149744936467844647e-11 1.412758752976460533e-11 8.363710543034322187e-12 4.958928107566754882e-12 3.349004664062960830e-12 9.187224024886959394e-12 9.658970117040259131e-13 -6.904332730565769856e-12 -4.343188178021952706e-14 -6.804519929704203736e-12 -8.041848103986997853e-13 2.164593120597433330e-12 3.301192001850585527e-12
5.191438328254482690e-11 1.660170397597496332e-11 8.878602891189206835e-11 3.522481288010190388e-11 4.474404267236715558e-11 1.988361314913592274e-11 6.565971440356824960e-11 4.781538224917315973e-11 8.303875884393117377e-11 1.403522510435381596e-10 5.929180581600258279e-11 3.518134596485394542e-11 2.631709917001724750e-11 1.987705682392925661e-11 1.184330999936251592e-11 1.651191168800328188e-12 3.100904677394142327e-12 4.827377794767192757e-12 1.168038716057429006e-11 7.894171206575444848e-12 -6.748709433916874827e-13 -1.470981581159802136e-12 -3.610714152812802271e-12 -1.872600029114685084e-12 1.803210021463444183e-12 3.502693700795683941e-12
7.741001565096353140e-11 1.106438915293356949e-10 5.354188572332810534e-11 3.740418928297332031e-11 5.313936588988457878e-11 2.705583551410459406e-11 3.043014176378916990e-11 2.305409824870902904e-11 5.138530603556098022e-11 5.929180581600258279e-11 1.046573904789902002e-10 4.899256237372167028e-11 4.153884063546246301e-11 2.190036119630775502e-11 1.030701199046029408e-11 2.940628170624261329e-12 -4.727759581718185036e-12 -2.976839174615893345e-12 3.482624867300070870e-12 7.357403061291147310e-13 2.292160785982109893e-13 -2.745718371939073082e-12 -3.088723710599608596e-12 4.881531469017641134e-14 1.889104647799481826e-12 -4.961428189977797268e-13
6.731733083485954009e-11 1.126014918878597829e-10 -2.421413066523302324e-12 2.649143034679903776e-11 4.818728724094147400e-11 2.424594880048897139e-11 2.052747384769290580e-11 1.954460870359886808e-11 3.172045361139352584e-11 3.518134596485394542e-11 4.899256237372167028e-11 9.962866478809725958e-11 6.412469791815421852e-11 3.535246128430413331e-11 1.937808331075766850e-11 3.695642328619349694e-12 1.053240382288411644e-12 3.765582395203750301e-12 7.209282646551969175e-12 2.024536679094370633e-12 1.835495409917527771e-12 2.839956185991163763e-12 1.883219852740430024e-12 1.248942648779915910e-12 3.453174830838882026e-12 -8.219434484807750674e-13
8.670791215548313661e-11 1.025155350131402030e-10 -8.784705989002406109e-12 3.824231956650041620e-11 6.167158149500255329e-11 1.695571521302748116e-11 3.660016657150887613e-11 1.791607195702425007e-11 3.944324455020212496e-11 2.631709917001724750e-11 4.153884063546246301e-11 6.412469791815421852e-11 9.860539439421120900e-11 6.339285234639413935e-11 3.517031324653361368e-11 1.324240269170344969e-11 9.469479202827437930e-12 4.393846681427969248e-12 1.069738407204704895e-12 -5.266303691877817844e-12 4.183236052900590225e-14 -5.401814570864567676e-13 1.450220528027210991e-12 4.760276400003135380e-13 1.201209812926541843e-12 1.088484804360522753e-12
1.271210279899259693e-10 9.039702895000431522e-11 1.043840649860176361e-11 1.630258642283049010e-11 4.969002357134433666e-11 3.183778962139786388e-11 3.285321508948744524e-11 1.913716675985696759e-11 3.149744936467844647e-11 1.987705682392925661e-11 2.190036119630775502e-11 3.535246128430413331e-11 6.339285234639413935e-11 8.906168115744724608e-11 4.987324162858532165e-11 2.435658449682629840e-11 1.371722415805024851e-11 9.965340692490170224e-12 1.341140165154281193e-12 -4.412763690427217279e-12 -1.329303844683103956e-12 -2.608815845475160301e-12 -1.847575829066569841e-12 4.809960345363278895e-13 1.497610179737403336e-12 3.285251526958263296e-12
1.054472865524938663e-10 4.656144557857515574e-11 -2.473321744723695992e-12 1.131042402347124995e-11 2.316797862991589683e-11 1.743015241863059436e-11 2.368492712777184274e-11 1.953915745743134000e-11 1.412758752976460533e-11 1.184330999936251592e-11 1.030701199046029408e-11 1.937808331075766850e-11 3.517031324653361368e-11 4.987324162858532165e-11 7.052826295696419666e-11 4.072900449037098597e-11 2.038551430239919102e-11 1.234735677459535658e-11 5.402364259667175853e-12 1.764207825187441801e-12 -5.535007980335809222e-13 8.113432281836426067e-14 1.920460611734711145e-13 -1.705971740755092473e-12 3.357783561326234743e-13 7.065790187396566510e-13
7.000153854778129661e-11 5.668097607835744900e-11 -1.422337840909359937e-11 1.667456409701898035e-11 2.370432143283232980e-11 1.501694573744447399e-11 1.453644646144633255e-11 1.155148068334764416e-11 8.363710543034322187e-12 1.651191168800328188e-12 2.940628170624261329e-12 3.695642328619349694e-12 1.324240269170344969e-11 2.435658449682629840e-11 4.072900449037098597e-11 6.527466154695653975e-11 3.579479664651282120e-11 1.816025266563395006e-11 8.551710750726693666e-12 7.318853947247252295e-12 4.999488900065022037e-12 1.623828764173517293e-12 4.254743998154616488e-13 -4.923675670598831066e-12 -2.852934686365324205e-12 -2.357209897468306958e-13
7.370903909836072291e-11 3.240993170927164492e-11 2.206935240394061618e-11 -2.482065786522360299e-12 1.229537652352169867e-11 8.423277052837321735e-13 7.047289762834356075e-12 5.974453451668015588e-12 4.958928107566754882e-12 3.100904677394142327e-12 -4.727759581718185036e-12 1.053240382288411644e-12 9.469479202827437930e-12 1.371722415805024851e-11 2.038551430239919102e-11 3.579479664651282120e-11 5.306717298213861195e-11 2.716111614720459753e-11 7.856054112048044936e-12 5.757991055601692135e-12 7.705390028926895122e-12 -1.296680682663504925e-12 2.253276618126231233e-12 -1.353337732485767314e-12 -1.662965032828233841e-12 9.573167682001720340e-13
2.715991625321570816e-11 2.519725522841044515e-11 -1.022906374111421480e-11 1.608255466096337492e-11 2.426390978191258483e-11 2.709422665600614130e-12 1.125588481438439241e-12 -6.978254133952574594e-13 3.349004664062960830e-12 4.827377794767192757e-12 -2.976839174615893345e-12 3.765582395203750301e-12 4.393846681427969248e-12 9.965340692490170224e-12 1.234735677459535658e-11 1.816025266563395006e-11 2.716111614720459753e-11 4.542223628406768555e-11 2.514023422175192529e-11 1.291359425816694093e-11 1.038434661962147773e-11 5.758437442724612076e-12 2.120951777261157153e-12 -1.048334828965777088e-12 -1.618021647872635403e-12 1.987590677020289289e-12
2.355682756029456292e-11 1.596156452396878031e-11 -1.377454217438037592e-11 7.982980322688111133e-12 1.422498837796348463e-11 1.414242011646969782e-11 7.816318674251311479e-12 -8.866057185721830759e-13 9.187224024886959394e-12 1.168038716057429006e-11 3.482624867300070870e-12 7.209282646551969175e-12 1.069738407204704895e-12 1.341140165154281193e-12 5.402364259667175853e-12 8.551710750726693666e-12 7.856054112048044936e-12 2.514023422175192529e-11 4.453817136020489633e-11 2.580257632286617210e-11 1.123062257779027684e-11 5.543402967517274992e-12 2.789424261812450625e-12 9.320959963224296668e-13 7.188067607029779809e-13 -9.405880489675326060e-13
2.895804615910453869e-11 -1.163135833166158200e-11 1.541966785891470705e-11 1.755548651291639371e-11 1.182223087997642227e-11 -5.666335593306213509e-13 2.935023367640560714e-14 -5.114487855986709506e-14 9.658970117040259131e-13 7.894171206575444848e-12 7.357403061291147310e-13 2.024536679094370633e-12 -5.266303691877817844e-12 -4.412763690427217279e-12 1.764207825187441801e-12 7.318853947247252295e-12 5.757991055601692135e-12 1.291359425816694093e-11 2.580257632286617210e-11 4.257572937601030824e-11 2.050166792654215167e-11 1.237922132480998009e-11 7.419627560646065061e-12 1.572472794948907684e-12 -2.137444656680444505e-13 -2.118396608213819873e-12
-8.941270498202602983e-12 -2.049876773810202291e-11 1.148701905413574667e-11 -1.738941150160106217e-12 1.314109898130443583e-11 -1.233882823880630442e-11 -6.254965546156679575e-12 -9.206034771046891768e-12 -6.904332730565769856e-12 -6.748709433916874827e-13 2.292160785982109893e-13 1.835495409917527771e-12 4.183236052900590225e-14 -1.329303844683103956e-12 -5.535007980335809222e-13 4.999488900065022037e-12 7.705390028926895122e-12 1.038434661962147773e-11 1.123062257779027684e-11 2.050166792654215167e-11 3.571917612952656077e-11 1.762017009438047832e-11 8.093845178845994364e-12 2.082973671417908554e-12 -1.459064720107138371e-12 -1.148451569617577880e-12
-1.349778591342844526e-11 -3.127948532449982731e-11 1.364544836331459685e-11 1.401287174266864860e-11 4.892548743541131312e-12 2.067006294908734409e-12 -6.289710938518023459e-12 -6.624104497034440161e-12 -4.343188178021952706e-14 -1.470981581159802136e-12 -2.745718371939073082e-12 2.839956185991163763e-12 -5.401814570864567676e-13 -2.608815845475160301e-12 8.113432281836426067e-14 1.623828764173517293e-12 -1.296680682663504925e-12 5.758437442724612076e-12 5.543402967517274992e-12 1.237922132480998009e-11 1.762017009438047832e-11 3.297150641471385710e-11 1.351087479858618648e-11 2.308634163035801000e-12 -2.030086825297468841e-12 -1.520035851285574463e-12
-8.288956126797064863e-12 -5.985477157675590686e-12 -2.595230559472363014e-12 -3.626814306770065409e-12 -7.984469886996875613e-12 -3.818516150604899218e-12 -4.407337819689899958e-12 -2.416569259048800182e-12 -6.804519929704203736e-12 -3.610714152812802271e-12 -3.088723710599608596e-12 1.883219852740430024e-12 1.450220528027210991e-12 -1.847575829066569841e-12 1.920460611734711145e-13 4.254743998154616488e-13 2.253276618126231233e-12 2.120951777261157153e-12 2.789424261812450625e-12 7.419627560646065061e-12 8.093845178845994364e-12 1.351087479858618648e-11 2.191812669860030836e-11 5.202923315683113885e-12 -2.880636312486609230e-12 -3.241939735997030666e-12
-9.505989719277269487e-12 -1.045504493780275928e-11 -2.719617073428258694e-12 -1.894796316926886720e-11 -1.727960984679967702e-11 1.042436386064627253e-12 -3.578539549633822490e-13 -1.567778851401668203e-12 -8.041848103986997853e-13 -1.872600029114685084e-12 4.881531469017641134e-14 1.248942648779915910e-12 4.760276400003135380e-13 4.809960345363278895e-13 -1.705971740755092473e-12 -4.923675670598831066e-12 -1.353337732485767314e-12 -1.048334828965777088e-12 9.320959963224296668e-13 1.572472794948907684e-12 2.082973671417908554e-12 2.308634163035801000e-12 5.202923315683113885e-12 1.152488356784811575e-11 2.127045209007662257e-13 -1.041645900411767687e-12
1.727209576428177598e-11 -1.254960395591239987e-12 5.132725896362682614e-12 4.149885905742321191e-12 8.791809508476063182e-13 -1.468633196628756350e-13 1.497431040722844508e-12 -1.060830747221387497e-12 2.164593120597433330e-12 1.803210021463444183e-12 1.889104647799481826e-12 3.453174830838882026e-12 1.201209812926541843e-12 1.497610179737403336e-12 3.357783561326234743e-13 -2.852934686365324205e-12 -1.662965032828233841e-12 -1.618021647872635403e-12 7.188067607029779809e-13 -2.137444656680444505e-13 -1.459064720107138371e-12 -2.030086825297468841e-12 -2.880636312486609230e-12 2.127045209007662257e-13 9.951909936612118260e-12 1.104824873053239232e-12
-4.825636449227352112e-13 -4.359586466526912307e-12 3.487108315856780015e-12 2.289804063451355972e-12 3.875519908432092132e-13 1.030005345266014569e-12 1.366418832377188862e-13 7.165962809137578564e-12 3.301192001850585527e-12 3.502693700795683941e-12 -4.961428189977797268e-13 -8.219434484807750674e-13 1.088484804360522753e-12 3.285251526958263296e-12 7.065790187396566510e-13 -2.357209897468306958e-13 9.573167682001720340e-13 1.987590677020289289e-12 -9.405880489675326060e-13 -2.118396608213819873e-12 -1.148451569617577880e-12 -1.520035851285574463e-12 -3.241939735997030666e-12 -1.041645900411767687e-12 1.104824873053239232e-12 7.547404820587743780e-12
