2.716780048503431558e-09 -5.789534025487285486e-11 2.934387937548695607e-10 -4.771794448819801674e-11 2.645516765299885173e-11 -3.364906156404202834e-11 -2.425722427024501360e-11 -9.289086769287909480e-11 -1.106632716774876890e-11 -1.084695751944926573e-12 -6.201190190505081998e-11 -4.064649836215716998e-11 -5.407395400250223278e-12 -5.653883245282876940e-12 -3.255988577152806902e-11 -3.751894431600250823e-12 -3.180863316861368883e-11 -7.335180784137917435e-12 8.144467184431120671e-12 1.892322591508923203e-12 -7.078742149101378342e-13 -1.329654142949615943e-11 -8.737703519565659486e-12 2.072325242471271666e-13 9.378572610612500247e-12 2.544464463562265096e-12
-5.789534025487285486e-11 1.715832727633417470e-09 -2.249338483854973177e-11 -4.882421122934884666e-11 -6.152482179549249513e-11 -9.847593564167290853e-12 5.469199398914269524e-12 -2.273244785304416815e-11 6.982175922343138395e-12 1.701758104885434281e-11 -1.831428966428291442e-12 2.075896160036074399e-12 -1.288563006629629446e-11 6.358306369357509553e-12 5.151649279019402419e-13 -1.252006394233175029e-11 -4.493189907887138974e-12 1.041006645546621533e-11 3.056382391799275387e-12 4.061262870901915659e-13 -1.187830523576397708e-11 -3.235903642970557420e-12 1.259940847546617510e-12 -5.811406256558648464e-12 1.256811607634668934e-12 -3.240101386315287824e-13
2.934387937548695607e-10 -2.249338483854973177e-11 1.144886850338741413e-09 2.626973197744382567e-11 2.152779377412542377e-11 -4.385476624281348634e-11 1.407112470764603492e-12 -4.224634160871137913e-11 4.353061874647364569e-11 -9.515123619726151701e-12 1.383160263364508032e-11 -1.430934100878111579e-12 2.786912621772664152e-11 1.176442261650433284e-11 5.949931898029093313e-12 1.245164887229437534e-11 -2.486178281689242429e-12 -5.051151826682313087e-12 7.859072247557765438e-12 -5.269975493109769225e-12 -6.541725751428867474e-12 -5.567243928774632191e-12 9.452152972708750869e-13 2.951052063004011094e-12 -9.819827859156684346e-13 -2.527336342483912475e-14
-4.771794448819801674e-11 -4.882421122934884666e-11 2.626973197744382567e-11 8.900091102767799850e-10 8.144348107113459070e-11 5.694344999145050077e-11 -3.364790737788001293e-12 4.258931568039853939e-12 2.552900840003024780e-11 -2.528312699515715257e-11 -2.197929259915450835e-11 -1.411778737988984776e-11 5.390913076148542558e-12 -3.812858983740606887e-12 -9.478620748374579882e-12 -3.592163304819657706e-12 -1.104623916886872518e-11 -3.255635093849615330e-12 -5.631927759514250518e-13 -1.709537153258520074e-12 3.193485017602180381e-12 -2.831481242504310505e-12 4.560242949466868010e-12 1.069479619386312468e-11 2.192683526488645524e-12 8.386597345980727701e-12
2.645516765299885173e-11 -6.152482179549249513e-11 2.152779377412542377e-11 8.144348107113459070e-11 5.699532978536004159e-10 4.138807693690644352e-11 6.567703226458268750e-12 -1.169529393571803666e-11 -9.833734974675350984e-12 6.639949178344242470e-12 1.043190345901715723e-11 -3.774795461559345229e-12 9.793945950747455396e-12 -2.306153401542873361e-12 -2.342465042953657695e-12 1.390798127253163873e-12 -3.117745546810279653e-12 6.109200626125519191e-12 1.294298503906678260e-11 5.087089189771332769e-12 2.550506111571389577e-12 4.921060656270316625e-12 2.740667440743947512e-12 4.474341063157516099e-13 -8.642944934006607002e-13 -2.841244086424273479e-12
-3.364906156404202834e-11 -9.847593564167290853e-12 -4.385476624281348634e-11 5.694344999145050077e-11 4.138807693690644352e-11 3.170709751732292213e-10 1.142533655031793371e-11 2.855976763343520361e-11 1.129797986697185210e-11 7.502307612050028694e-12 8.358245227550134744e-12 5.616773204043222419e-12 -2.716840680734452567e-12 -4.682842163823309552e-12 -6.921897686448764208e-12 -8.641088950654885200e-12 -9.010352489501597847e-12 5.900346976012664017e-12 7.425647935195937669e-12 3.909212955908149387e-12 5.980488973048215959e-12 2.348556229664819313e-12 1.253518292050447893e-12 2.186997035855776763e-12 -8.753174348027743368e-13 -1.719828788444979190e-12
-2.425722427024501360e-11 5.469199398914269524e-12 1.407112470764603492e-12 -3.364790737788001293e-12 6.567703226458268750e-12 1.142533655031793371e-11 2.329466360547713547e-10 5.792481408163470560e-11 1.788903985205710992e-11 1.409055052511074716e-11 1.228487097144481337e-11 -6.703707656995535683e-12 -5.924398620662138946e-12 -1.202387443627381003e-12 4.913997122964651441e-13 1.097749464717825607e-11 1.006091908793489968e-11 6.524620737327835101e-12 -8.702811451786102441e-13 -9.553008760762632328e-13 -2.152145119881170783e-12 -4.421400284502724264e-12 -6.998442853143472165e-13 -3.738906115048299662e-13 -1.502053914235197009e-12 -2.689350208150274553e-12
-9.289086769287909480e-11 -2.273244785304416815e-11 -4.224634160871137913e-11 4.258931568039853939e-12 -1.169529393571803666e-11 2.855976763343520361e-11 5.792481408163470560e-11 1.644065640962801895e-10 1.461956703724698894e-11 2.263811489407029717e-11 1.575915522019966264e-11 6.820925492895595251e-12 3.225694183621314317e-12 4.597202789649701284e-12 5.012609638322080383e-12 3.258974947401681733e-12 -3.728044531785747199e-12 -1.748888641406532557e-12 5.802689228091317679e-13 7.224477073583697212e-13 2.904847739094829660e-12 1.693355043223272482e-12 -1.095695125322661507e-12 -8.514305637409960694e-15 -5.807747046537303897e-13 -1.479504141578323661e-13
-1.106632716774876890e-11 6.982175922343138395e-12 4.353061874647364569e-11 2.552900840003024780e-11 -9.833734974675350984e-12 1.129797986697185210e-11 1.788903985205710992e-11 1.461956703724698894e-11 1.016851588897530096e-10 2.290973233563166648e-11 1.052058028076133493e-11 1.745952796653361788e-12 7.876309187752973808e-12 8.201757557569503715e-12 7.030024728778831921e-12 7.244750224764736921e-12 2.318294581730086892e-12 3.264067693155388736e-13 8.607406995804464868e-13 -1.946451406213417306e-12 -5.226384247827831810e-13 7.849585017427412498e-14 -7.867854350875083710e-13 7.395716587565731338e-13 1.007082006305070653e-13 -1.030584991906848222e-12
-1.084695751944926573e-12 1.701758104885434281e-11 -9.515123619726151701e-12 -2.528312699515715257e-11 6.639949178344242470e-12 7.502307612050028694e-12 1.409055052511074716e-11 2.263811489407029717e-11 2.290973233563166648e-11 8.349162628694502120e-11 2.112325372750118800e-11 1.019208419969199349e-11 6.347531520358465205e-12 2.572805852421382065e-12 4.818780867973002844e-12 2.400325169680423466e-12 -1.955974616621389064e-12 -5.341930210812109445e-13 1.815103389563872928e-12 -2.025364573108327181e-13 -5.736889492295892531e-13 -2.137663277594332815e-13 -8.696494189861705691e-14 -1.252883135150801408e-12 -9.009048491250788896e-13 -3.482590621470594268e-13
-6.201190190505081998e-11 -1.831428966428291442e-12 1.383160263364508032e-11 -2.197929259915450835e-11 1.043190345901715723e-11 8.358245227550134744e-12 1.228487097144481337e-11 1.575915522019966264e-11 1.052058028076133493e-11 2.112325372750118800e-11 5.804417242842223485e-11 1.252884315418463276e-11 6.719412480629370951e-12 1.707897489508546379e-12 3.781405277092588264e-12 1.117818943355830639e-12 2.122914668247607289e-12 2.394263556462412319e-12 -1.639213093242295138e-13 -1.678418205862552676e-13 -1.035122990079945881e-12 -1.221915056010836439e-12 4.992040738859866851e-14 8.483630663881712367e-13 -2.094809947922845790e-13 -4.196351169561074577e-13
-4.064649836215716998e-11 2.075896160036074399e-12 -1.430934100878111579e-12 -1.411778737988984776e-11 -3.774795461559345229e-12 5.616773204043222419e-12 -6.703707656995535683e-12 6.820925492895595251e-12 1.745952796653361788e-12 1.019208419969199349e-11 1.252884315418463276e-11 4.704171075959004154e-11 1.527974110922117713e-11 7.621007633546377884e-12 6.246472406909560332e-12 3.652167409063899104e-13 5.803248745496007442e-13 1.317002738248715289e-12 -6.391096138518345255e-13 7.102351393036389832e-13 1.088902564957976480e-12 6.836251673207409023e-14 1.770147588855228912e-12 7.684456928421569188e-13 4.503599700557157482e-13 -4.591453852661080613e-13
-5.407395400250223278e-12 -1.288563006629629446e-11 2.786912621772664152e-11 5.390913076148542558e-12 9.793945950747455396e-12 -2.716840680734452567e-12 -5.924398620662138946e-12 3.225694183621314317e-12 7.876309187752973808e-12 6.347531520358465205e-12 6.719412480629370951e-12 1.527974110922117713e-11 3.894080003839045372e-11 1.610197517894900392e-11 1.045648606049942063e-11 6.044291432337845605e-12 1.200395121362192576e-12 -1.375137845755721642e-12 -4.076447549970333036e-13 -1.773104133183311478e-12 2.993181504706171225e-13 -5.678363543934805069e-13 -3.756441623823644888e-13 1.300914618970665774e-12 1.131964184860370714e-13 8.001010347732194184e-14
-5.653883245282876940e-12 6.358306369357509553e-12 1.176442261650433284e-11 -3.812858983740606887e-12 -2.306153401542873361e-12 -4.682842163823309552e-12 -1.202387443627381003e-12 4.597202789649701284e-12 8.201757557569503715e-12 2.572805852421382065e-12 1.707897489508546379e-12 7.621007633546377884e-12 1.610197517894900392e-11 3.049548277736656253e-11 1.776559601265207751e-11 9.579579272142058113e-12 4.490760147086479069e-12 1.925425316899282061e-12 1.355617250640806745e-12 -1.483719496766802994e-12 -5.231894247703302398e-13 1.551251638051720800e-12 -1.802738272253969953e-13 -3.578294822704437133e-13 -2.187732004843343327e-13 -4.692763921830173345e-13
-3.255988577152806902e-11 5.151649279019402419e-13 5.949931898029093313e-12 -9.478620748374579882e-12 -2.342465042953657695e-12 -6.921897686448764208e-12 4.913997122964651441e-13 5.012609638322080383e-12 7.030024728778831921e-12 4.818780867973002844e-12 3.781405277092588264e-12 6.246472406909560332e-12 1.045648606049942063e-11 1.776559601265207751e-11 2.941959625318351912e-11 1.272722939976446773e-11 4.953618274775059646e-12 3.666194999759986165e-12 1.167672188587316255e-12 -9.915147550835414466e-13 -1.845890323164636025e-13 1.609899207892189778e-12 3.044050403704367590e-13 -1.322227186017600560e-12 -6.325689042670564977e-13 -6.823343954289139526e-14
-3.751894431600250823e-12 -1.252006394233175029e-11 1.245164887229437534e-11 -3.592163304819657706e-12 1.390798127253163873e-12 -8.641088950654885200e-12 1.097749464717825607e-11 3.258974947401681733e-12 7.244750224764736921e-12 2.400325169680423466e-12 1.117818943355830639e-12 3.652167409063899104e-13 6.044291432337845605e-12 9.579579272142058113e-12 1.272722939976446773e-11 2.303087558039487112e-11 9.804881258471078736e-12 3.964875784795301106e-12 1.340093173985856185e-12 -3.658962158585760064e-13 -7.750663651017553223e-13 1.335933029182553619e-12 6.435420943099775451e-13 -2.259733677219644416e-13 -6.662384200523920299e-13 5.190798605819489961e-14
-3.180863316861368883e-11 -4.493189907887138974e-12 -2.486178281689242429e-12 -1.104623916886872518e-11 -3.117745546810279653e-12 -9.010352489501597847e-12 1.006091908793489968e-11 -3.728044531785747199e-12 2.318294581730086892e-12 -1.955974616621389064e-12 2.122914668247607289e-12 5.803248745496007442e-13 1.200395121362192576e-12 4.490760147086479069e-12 4.953618274775059646e-12 9.804881258471078736e-12 2.119962747671710494e-11 8.937063333282795944e-12 1.727995614345074016e-12 1.506248727743527103e-12 1.326008239309482544e-13 3.696623265988365157e-13 5.564025990230298411e-13 9.775855568481380543e-14 -3.121340637206158901e-13 -8.523194507705332131e-13
-7.335180784137917435e-12 1.041006645546621533e-11 -5.051151826682313087e-12 -3.255635093849615330e-12 6.109200626125519191e-12 5.900346976012664017e-12 6.524620737327835101e-12 -1.748888641406532557e-12 3.264067693155388736e-13 -5.341930210812109445e-13 2.394263556462412319e-12 1.317002738248715289e-12 -1.375137845755721642e-12 1.925425316899282061e-12 3.666194999759986165e-12 3.964875784795301106e-12 8.937063333282795944e-12 1.638427537628551894e-11 6.033928090276193048e-12 1.680939641824649379e-12 5.452095009740433096e-13 3.832582145249798447e-13 3.311762521428178034e-13 -6.158639367200875433e-13 -3.489967772800430926e-14 -1.285844764377464543e-12
8.144467184431120671e-12 3.056382391799275387e-12 7.859072247557765438e-12 -5.631927759514250518e-13 1.294298503906678260e-11 7.425647935195937669e-12 -8.702811451786102441e-13 5.802689228091317679e-13 8.607406995804464868e-13 1.815103389563872928e-12 -1.639213093242295138e-13 -6.391096138518345255e-13 -4.076447549970333036e-13 1.355617250640806745e-12 1.167672188587316255e-12 1.340093173985856185e-12 1.727995614345074016e-12 6.033928090276193048e-12 1.396271598766860006e-11 5.037922590672569939e-12 1.489001960152003139e-12 9.265036752904060699e-13 -7.495188279026492178e-13 9.466532784430175072e-14 1.361150870080454592e-13 -1.019637801856535019e-12
1.892322591508923203e-12 4.061262870901915659e-13 -5.269975493109769225e-12 -1.709537153258520074e-12 5.087089189771332769e-12 3.909212955908149387e-12 -9.553008760762632328e-13 7.224477073583697212e-13 -1.946451406213417306e-12 -2.025364573108327181e-13 -1.678418205862552676e-13 7.102351393036389832e-13 -1.773104133183311478e-12 -1.483719496766802994e-12 -9.915147550835414466e-13 -3.658962158585760064e-13 1.506248727743527103e-12 1.680939641824649379e-12 5.037922590672569939e-12 1.120472382632784271e-11 5.430799133844492326e-12 1.707754678697969030e-12 -3.442478962484226211e-13 -2.894498106393415622e-13 7.711436988601526124e-14 -9.280752322668783032e-13
-7.078742149101378342e-13 -1.187830523576397708e-11 -6.541725751428867474e-12 3.193485017602180381e-12 2.550506111571389577e-12 5.980488973048215959e-12 -2.152145119881170783e-12 2.904847739094829660e-12 -5.226384247827831810e-13 -5.736889492295892531e-13 -1.035122990079945881e-12 1.088902564957976480e-12 2.993181504706171225e-13 -5.231894247703302398e-13 -1.845890323164636025e-13 -7.750663651017553223e-13 1.326008239309482544e-13 5.452095009740433096e-13 1.489001960152003139e-12 5.430799133844492326e-12 1.129766384214017460e-11 4.108614945479969517e-12 6.495304575897252480e-13 1.508042617397221992e-13 -4.938680094519411830e-13 -8.515007569660631438e-13
-1.329654142949615943e-11 -3.235903642970557420e-12 -5.567243928774632191e-12 -2.831481242504310505e-12 4.921060656270316625e-12 2.348556229664819313e-12 -4.421400284502724264e-12 1.693355043223272482e-12 7.849585017427412498e-14 -2.137663277594332815e-13 -1.221915056010836439e-12 6.836251673207409023e-14 -5.678363543934805069e-13 1.551251638051720800e-12 1.609899207892189778e-12 1.335933029182553619e-12 3.696623265988365157e-13 3.832582145249798447e-13 9.265036752904060699e-13 1.707754678697969030e-12 4.108614945479969517e-12 7.943833008591509619e-12 2.216783100248889219e-12 3.840121977532121911e-14 -3.811796208893294124e-13 -6.385552630361859542e-13
-8.737703519565659486e-12 1.259940847546617510e-12 9.452152972708750869e-13 4.560242949466868010e-12 2.740667440743947512e-12 1.253518292050447893e-12 -6.998442853143472165e-13 -1.095695125322661507e-12 -7.867854350875083710e-13 -8.696494189861705691e-14 4.992040738859866851e-14 1.770147588855228912e-12 -3.756441623823644888e-13 -1.802738272253969953e-13 3.044050403704367590e-13 6.435420943099775451e-13 5.564025990230298411e-13 3.311762521428178034e-13 -7.495188279026492178e-13 -3.442478962484226211e-13 6.495304575897252480e-13 2.216783100248889219e-12 5.068826844601352943e-12 1.090468545663187437e-12 -6.921589185370332364e-14 -3.934335060503465248e-13
2.072325242471271666e-13 -5.811406256558648464e-12 2.951052063004011094e-12 1.069479619386312468e-11 4.474341063157516099e-13 2.186997035855776763e-12 -3.738906115048299662e-13 -8.514305637409960694e-15 7.395716587565731338e-13 -1.252883135150801408e-12 8.483630663881712367e-13 7.684456928421569188e-13 1.300914618970665774e-12 -3.578294822704437133e-13 -1.322227186017600560e-12 -2.259733677219644416e-13 9.775855568481380543e-14 -6.158639367200875433e-13 9.466532784430175072e-14 -2.894498106393415622e-13 1.508042617397221992e-13 3.840121977532121911e-14 1.090468545663187437e-12 4.075043318004433668e-12 5.319787698216260315e-13 -1.638864157837559446e-13
9.378572610612500247e-12 1.256811607634668934e-12 -9.819827859156684346e-13 2.192683526488645524e-12 -8.642944934006607002e-13 -8.753174348027743368e-13 -1.502053914235197009e-12 -5.807747046537303897e-13 1.007082006305070653e-13 -9.009048491250788896e-13 -2.094809947922845790e-13 4.503599700557157482e-13 1.131964184860370714e-13 -2.187732004843343327e-13 -6.325689042670564977e-13 -6.662384200523920299e-13 -3.121340637206158901e-13 -3.489967772800430926e-14 1.361150870080454592e-13 7.711436988601526124e-14 -4.938680094519411830e-13 -3.811796208893294124e-13 -6.921589185370332364e-14 5.319787698216260315e-13 2.726917815653532993e-12 4.719905703203071908e-13
2.544464463562265096e-12 -3.240101386315287824e-13 -2.527336342483912475e-14 8.386597345980727701e-12 -2.841244086424273479e-12 -1.719828788444979190e-12 -2.689350208150274553e-12 -1.479504141578323661e-13 -1.030584991906848222e-12 -3.482590621470594268e-13 -4.196351169561074577e-13 -4.591453852661080613e-13 8.001010347732194184e-14 -4.692763921830173345e-13 -6.823343954289139526e-14 5.190798605819489961e-14 -8.523194507705332131e-13 -1.285844764377464543e-12 -1.019637801856535019e-12 -9.280752322668783032e-13 -8.515007569660631438e-13 -6.385552630361859542e-13 -3.934335060503465248e-13 -1.638864157837559446e-13 4.719905703203071908e-13 2.280322052249550889e-12
