3.932779337184243341e-12 2.070731970137780592e-12 1.074326439413063265e-12 6.814190025331236643e-13 7.026906590958356155e-13 7.786100664136909544e-13 3.763471392864472069e-13 1.825201168338929410e-13 3.002368164678608657e-13 1.657672070836065471e-14 2.634985181255227039e-14 -1.478980336006455851e-13 -4.808607865603527963e-13 -6.289370593937976216e-13 -6.416228532151479219e-13 -6.910569249532135335e-13 -3.979484524880596711e-13 -1.125911721379544680e-14 9.353106466434221945e-14 5.948764860832234621e-13
2.070731970137780592e-12 3.407091777887053794e-12 1.588975896008259227e-12 1.098284617665831862e-12 7.722111127299709872e-13 6.210214518563275320e-13 -2.067787461385185401e-15 1.062637787098571116e-13 4.309888463330307023e-13 6.719305623620818622e-14 3.516217293929556166e-14 -2.193303568133907403e-13 -1.639814787414543765e-13 -2.337018677504455523e-13 -3.019011518178527497e-13 -2.782746139437314978e-13 -1.567382826372624030e-13 8.618154541885049198e-14 1.118945912772064955e-13 3.620812682703962818e-13
1.074326439413063265e-12 1.588975896008259227e-12 2.349417344666453698e-12 1.379236873433301241e-12 7.538754447134886178e-13 6.333076232442471484e-13 2.893112739397909212e-13 3.692071134580155521e-13 3.911097866250807718e-13 7.341363650859936459e-14 5.921956795566882030e-14 -2.042495245262951520e-13 -2.476128320709874720e-13 -2.918710401066116982e-13 -3.607438639733329135e-13 -1.762595372643663225e-13 -7.325930040002774717e-15 1.119732204149775931e-13 1.168167622253885324e-13 1.592384902390300219e-13
6.814190025331236643e-13 1.098284617665831862e-12 1.379236873433301241e-12 2.375239265684322910e-12 1.555272078966758039e-12 8.673559936956104124e-13 4.554601489769711960e-13 4.553500121808596243e-13 4.576590771510764802e-13 1.711240088172678165e-13 -1.107952171537403240e-14 -1.433613525756587283e-13 -3.725605534278410974e-13 -4.444325612742819311e-13 -2.955646667721325711e-13 -7.000869817001512934e-14 -3.723705571630724828e-14 1.504596607506597241e-13 -6.504596695086575740e-15 -1.603193315349711024e-13
7.026906590958356155e-13 7.722111127299709872e-13 7.538754447134886178e-13 1.555272078966758039e-12 2.417313121230188692e-12 1.502407273180835659e-12 8.998091408574457176e-13 7.945325008150594453e-13 4.944237183543661910e-13 8.046511594143753393e-14 -1.461310150497297709e-13 -5.093540572044345566e-14 -1.595666888435741632e-13 -7.600842227985283900e-14 5.456530236886722706e-14 1.212053250552628628e-14 5.270437692760879031e-14 4.256939962419277000e-14 -1.973977929120388882e-13 -3.665239385329103752e-13
7.786100664136909544e-13 6.210214518563275320e-13 6.333076232442471484e-13 8.673559936956104124e-13 1.502407273180835659e-12 2.065724727028872203e-12 1.380242344955515095e-12 9.106442036067155243e-13 4.685395236258434500e-13 2.281166442717976095e-13 -2.386229123288627288e-14 -6.807223355567570660e-14 1.800074394441340302e-14 1.148504953645822060e-13 1.788841900341331723e-13 1.185425372450397702e-13 2.444608826346413807e-13 1.579047234182779099e-13 -4.941607447128702412e-14 -2.155384449599106234e-13
3.763471392864472069e-13 -2.067787461385185401e-15 2.893112739397909212e-13 4.554601489769711960e-13 8.998091408574457176e-13 1.380242344955515095e-12 2.067837453881379774e-12 1.618220463954477765e-12 9.754845523419328957e-13 5.383331042584458129e-13 2.378637991814560443e-13 1.364482178352075287e-14 2.083410469941204678e-14 6.223091025138243346e-14 1.758324783059071725e-13 2.718145444656203604e-13 2.067580611859589854e-13 2.014367466549008030e-13 2.874346551007562499e-14 -2.169375458171287528e-14
1.825201168338929410e-13 1.062637787098571116e-13 3.692071134580155521e-13 4.553500121808596243e-13 7.945325008150594453e-13 9.106442036067155243e-13 1.618220463954477765e-12 2.280509552907935759e-12 1.575576361691860857e-12 8.497987518505853486e-13 4.461944208469626460e-13 4.101752041834464786e-14 -7.975802118246197695e-14 -1.795840802684006972e-13 -1.038696484885696676e-14 2.236304118302931778e-13 1.379192671093765555e-13 3.086918149924390805e-13 1.606195545317378584e-13 1.629141276818077143e-13
3.002368164678608657e-13 4.309888463330307023e-13 3.911097866250807718e-13 4.576590771510764802e-13 4.944237183543661910e-13 4.685395236258434500e-13 9.754845523419328957e-13 1.575576361691860857e-12 2.074018371315461239e-12 1.526328013556317603e-12 1.081103701773981541e-12 6.293787748666370078e-13 4.235177366768256430e-13 1.162861141654623330e-13 -1.361937303816145919e-14 1.108779756008222344e-13 1.116390266664719661e-13 4.256966781393294445e-13 3.801024403401615994e-13 3.522499948620459190e-13
1.657672070836065471e-14 6.719305623620818622e-14 7.341363650859936459e-14 1.711240088172678165e-13 8.046511594143753393e-14 2.281166442717976095e-13 5.383331042584458129e-13 8.497987518505853486e-13 1.526328013556317603e-12 2.275933934691497080e-12 1.822805284188180965e-12 9.890740297808840655e-13 7.413606217203079753e-13 4.902392028770361361e-13 3.627868654767421329e-13 3.340477823796449357e-13 3.754201558613543279e-13 5.999538268190375875e-13 4.101041872443461430e-13 3.921503164959638626e-13
2.634985181255227039e-14 3.516217293929556166e-14 5.921956795566882030e-14 -1.107952171537403240e-14 -1.461310150497297709e-13 -2.386229123288627288e-14 2.378637991814560443e-13 4.461944208469626460e-13 1.081103701773981541e-12 1.822805284188180965e-12 2.277817970081001380e-12 1.601442460999122075e-12 1.211370585718926714e-12 9.043342005958515025e-13 5.967111209773556862e-13 5.840456733257216630e-13 6.436535841004994655e-13 7.015019917978699401e-13 4.583034732812145749e-13 2.451905749018872786e-13
-1.478980336006455851e-13 -2.193303568133907403e-13 -2.042495245262951520e-13 -1.433613525756587283e-13 -5.093540572044345566e-14 -6.807223355567570660e-14 1.364482178352075287e-14 4.101752041834464786e-14 6.293787748666370078e-13 9.890740297808840655e-13 1.601442460999122075e-12 2.230457698178537441e-12 1.880139722580362157e-12 1.363250093232614002e-12 9.633324707566051708e-13 1.007549175473184077e-12 9.872185511005243029e-13 8.523304217959965829e-13 4.061152873150762576e-13 4.424399726902047219e-14
-4.808607865603527963e-13 -1.639814787414543765e-13 -2.476128320709874720e-13 -3.725605534278410974e-13 -1.595666888435741632e-13 1.800074394441340302e-14 2.083410469941204678e-14 -7.975802118246197695e-14 4.235177366768256430e-13 7.413606217203079753e-13 1.211370585718926714e-12 1.880139722580362157e-12 2.636163453086714444e-12 2.220823532617748435e-12 1.701795958686792464e-12 1.559390601648865225e-12 1.222250289210627613e-12 9.448907703014485924e-13 4.813660016826320924e-13 8.403124756018583564e-14
-6.289370593937976216e-13 -2.337018677504455523e-13 -2.918710401066116982e-13 -4.444325612742819311e-13 -7.600842227985283900e-14 1.148504953645822060e-13 6.223091025138243346e-14 -1.795840802684006972e-13 1.162861141654623330e-13 4.902392028770361361e-13 9.043342005958515025e-13 1.363250093232614002e-12 2.220823532617748435e-12 2.903627169695601129e-12 2.370988047314920702e-12 1.881208521693825911e-12 1.400001907124189535e-12 8.191460382939747766e-13 2.852175984573127502e-13 3.230599337141099169e-14
-6.416228532151479219e-13 -3.019011518178527497e-13 -3.607438639733329135e-13 -2.955646667721325711e-13 5.456530236886722706e-14 1.788841900341331723e-13 1.758324783059071725e-13 -1.038696484885696676e-14 -1.361937303816145919e-14 3.627868654767421329e-13 5.967111209773556862e-13 9.633324707566051708e-13 1.701795958686792464e-12 2.370988047314920702e-12 3.050924858697851460e-12 2.759039374714545512e-12 1.976946461706517253e-12 1.228580175346042105e-12 5.095061129843662447e-13 1.839002287386527872e-13
-6.910569249532135335e-13 -2.782746139437314978e-13 -1.762595372643663225e-13 -7.000869817001512934e-14 1.212053250552628628e-14 1.185425372450397702e-13 2.718145444656203604e-13 2.236304118302931778e-13 1.108779756008222344e-13 3.340477823796449357e-13 5.840456733257216630e-13 1.007549175473184077e-12 1.559390601648865225e-12 1.881208521693825911e-12 2.759039374714545512e-12 3.627627666934812760e-12 2.867551798187224866e-12 1.820326680970070935e-12 7.646903417687706036e-13 2.232793047242536342e-13
-3.979484524880596711e-13 -1.567382826372624030e-13 -7.325930040002774717e-15 -3.723705571630724828e-14 5.270437692760879031e-14 2.444608826346413807e-13 2.067580611859589854e-13 1.379192671093765555e-13 1.116390266664719661e-13 3.754201558613543279e-13 6.436535841004994655e-13 9.872185511005243029e-13 1.222250289210627613e-12 1.400001907124189535e-12 1.976946461706517253e-12 2.867551798187224866e-12 3.498664338820915792e-12 2.825458317934441515e-12 1.500417226474158834e-12 5.925551117909672314e-13
-1.125911721379544680e-14 8.618154541885049198e-14 1.119732204149775931e-13 1.504596607506597241e-13 4.256939962419277000e-14 1.579047234182779099e-13 2.014367466549008030e-13 3.086918149924390805e-13 4.256966781393294445e-13 5.999538268190375875e-13 7.015019917978699401e-13 8.523304217959965829e-13 9.448907703014485924e-13 8.191460382939747766e-13 1.228580175346042105e-12 1.820326680970070935e-12 2.825458317934441515e-12 3.497253298330990805e-12 2.266181768906103637e-12 1.195834402635365807e-12
9.353106466434221945e-14 1.118945912772064955e-13 1.168167622253885324e-13 -6.504596695086575740e-15 -1.973977929120388882e-13 -4.941607447128702412e-14 2.874346551007562499e-14 1.606195545317378584e-13 3.801024403401615994e-13 4.101041872443461430e-13 4.583034732812145749e-13 4.061152873150762576e-13 4.813660016826320924e-13 2.852175984573127502e-13 5.095061129843662447e-13 7.646903417687706036e-13 1.500417226474158834e-12 2.266181768906103637e-12 2.546364713766041085e-12 1.860627516203208133e-12
5.948764860832234621e-13 3.620812682703962818e-13 1.592384902390300219e-13 -1.603193315349711024e-13 -3.665239385329103752e-13 -2.155384449599106234e-13 -2.169375458171287528e-14 1.629141276818077143e-13 3.522499948620459190e-13 3.921503164959638626e-13 2.451905749018872786e-13 4.424399726902047219e-14 8.403124756018583564e-14 3.230599337141099169e-14 1.839002287386527872e-13 2.232793047242536342e-13 5.925551117909672314e-13 1.195834402635365807e-12 1.860627516203208133e-12 2.804026216499589062e-12
