6.770448572252164483e-07 5.648499854370178917e-07 5.506842962678141077e-07 4.953811129203378685e-07 4.848988649183407496e-07 4.727776220693263962e-07 4.381134624414439346e-07 4.089487126759260505e-07 3.869503637435214454e-07 3.607614372627034377e-07 3.339394055388447707e-07 3.187521270433567101e-07 2.866806689610628103e-07 2.591028790609634480e-07 2.174357185416017587e-07 1.664136581868945911e-07 1.222820553430627667e-07 8.619283916452758165e-08 4.298617945372786186e-08 1.548803547103974668e-09
5.648499854370178917e-07 6.129841722915982590e-07 5.372267217305311530e-07 4.873665892615154044e-07 4.753112316480710534e-07 4.574072320886754379e-07 4.307514632855838573e-07 4.116920329478941516e-07 3.985625285947046929e-07 3.717900522088836181e-07 3.475692522533549871e-07 3.304883695178951110e-07 3.015389471624398269e-07 2.754967721130522057e-07 2.400969705240833252e-07 1.988196467033584669e-07 1.682901198063148443e-07 1.441474059317175944e-07 1.098763786282970701e-07 8.161127903047175380e-08
5.506842962678141077e-07 5.372267217305311530e-07 5.895166600924495250e-07 5.051619821714988617e-07 4.886282976231429934e-07 4.692731010965825002e-07 4.444680931841340306e-07 4.219136411892239014e-07 4.092802385925386020e-07 3.846160671632360993e-07 3.600609522325012484e-07 3.363255501359545574e-07 3.066420452083804861e-07 2.843051709190509029e-07 2.524950864874760172e-07 2.071376731442177784e-07 1.683603880745251993e-07 1.360230733501921400e-07 8.946474539907690181e-08 5.889930663949441200e-08
4.953811129203378685e-07 4.873665892615154044e-07 5.051619821714988617e-07 4.940456830859144101e-07 4.682699314175069980e-07 4.474705303779088179e-07 4.233224744587992962e-07 4.007254641717803718e-07 3.867865309238735497e-07 3.627323464600098356e-07 3.355848706209609408e-07 3.161757474794916339e-07 2.879259770683704112e-07 2.649491256551005249e-07 2.299584117043508914e-07 1.888982448529731762e-07 1.566823520635356298e-07 1.248294141199710519e-07 7.958644768984432066e-08 4.429406875311761464e-08
4.848988649183407496e-07 4.753112316480710534e-07 4.886282976231429934e-07 4.682699314175069980e-07 4.919917485618417598e-07 4.573666121318710298e-07 4.344161061901932588e-07 4.101295336901299741e-07 3.943830569817080986e-07 3.668829756755558444e-07 3.390479516373308173e-07 3.210571706879876838e-07 2.915177021745333965e-07 2.670062972678428501e-07 2.331952684188129897e-07 1.952032114260117289e-07 1.605580978134831984e-07 1.285782090115811560e-07 8.523566129031507420e-08 4.949109025483954863e-08
4.727776220693263962e-07 4.574072320886754379e-07 4.692731010965825002e-07 4.474705303779088179e-07 4.573666121318710298e-07 4.595867873596712522e-07 4.244797736394850171e-07 4.033748053656063708e-07 3.870320042756607406e-07 3.592951397615353906e-07 3.304285412609012649e-07 3.122054881399296366e-07 2.817713759965376236e-07 2.588969161804497337e-07 2.267312485866232490e-07 1.899162142461581772e-07 1.594149340704880178e-07 1.289195181823316679e-07 8.589075677524392673e-08 4.734605747843692613e-08
4.381134624414439346e-07 4.307514632855838573e-07 4.444680931841340306e-07 4.233224744587992962e-07 4.344161061901932588e-07 4.244797736394850171e-07 4.209649221427240387e-07 3.969220384646713870e-07 3.824248113042910682e-07 3.560772272811758648e-07 3.301666882106186607e-07 3.149275445500873492e-07 2.880140186876139481e-07 2.655716799205958174e-07 2.304299646698199511e-07 1.918982624488127549e-07 1.566772411866048471e-07 1.246984084594984534e-07 8.614063226116615041e-08 5.495685426276398024e-08
4.089487126759260505e-07 4.116920329478941516e-07 4.219136411892239014e-07 4.007254641717803718e-07 4.101295336901299741e-07 4.033748053656063708e-07 3.969220384646713870e-07 3.942024628550179865e-07 3.754285794358969730e-07 3.496069085102474318e-07 3.269196135627758280e-07 3.125549019239230183e-07 2.874323350329460613e-07 2.667412975961979156e-07 2.349003997773194727e-07 2.015510104587583242e-07 1.703249763699672133e-07 1.429559905946957871e-07 1.091514749564979611e-07 8.415560652203227121e-08
3.869503637435214454e-07 3.985625285947046929e-07 4.092802385925386020e-07 3.867865309238735497e-07 3.943830569817080986e-07 3.870320042756607406e-07 3.824248113042910682e-07 3.754285794358969730e-07 3.773369969336460081e-07 3.514154905741654171e-07 3.300091844673762959e-07 3.156730694543422617e-07 2.911414120989725559e-07 2.704186428885864309e-07 2.391435872550887875e-07 2.060260718678678807e-07 1.787271814869768216e-07 1.544748569094557738e-07 1.243115211636732265e-07 1.014354301826351591e-07
3.607614372627034377e-07 3.717900522088836181e-07 3.846160671632360993e-07 3.627323464600098356e-07 3.668829756755558444e-07 3.592951397615353906e-07 3.560772272811758648e-07 3.496069085102474318e-07 3.514154905741654171e-07 3.444600645625626189e-07 3.242804390580679668e-07 3.105101429285758873e-07 2.860346930108502321e-07 2.664867209585233539e-07 2.360256739516305879e-07 2.035802239646177587e-07 1.782944260879842289e-07 1.564180497107825201e-07 1.254570002724046408e-07 1.050220662693102744e-07
3.339394055388447707e-07 3.475692522533549871e-07 3.600609522325012484e-07 3.355848706209609408e-07 3.390479516373308173e-07 3.304285412609012649e-07 3.301666882106186607e-07 3.269196135627758280e-07 3.300091844673762959e-07 3.242804390580679668e-07 3.171891396291483827e-07 3.063465757018235517e-07 2.854733279345418530e-07 2.694442152029804340e-07 2.413527763101958916e-07 2.118881117155974454e-07 1.890181243408685891e-07 1.712266096203713110e-07 1.450675915859861124e-07 1.274700220472640841e-07
3.187521270433567101e-07 3.304883695178951110e-07 3.363255501359545574e-07 3.161757474794916339e-07 3.210571706879876838e-07 3.122054881399296366e-07 3.149275445500873492e-07 3.125549019239230183e-07 3.156730694543422617e-07 3.105101429285758873e-07 3.063465757018235517e-07 3.119246143739625696e-07 2.951663963357427553e-07 2.806152006716742434e-07 2.519692499679489398e-07 2.243281528939784952e-07 2.027000003465729621e-07 1.870703187396756594e-07 1.654675287302052578e-07 1.513468318697870656e-07
2.866806689610628103e-07 3.015389471624398269e-07 3.066420452083804861e-07 2.879259770683704112e-07 2.915177021745333965e-07 2.817713759965376236e-07 2.880140186876139481e-07 2.874323350329460613e-07 2.911414120989725559e-07 2.860346930108502321e-07 2.854733279345418530e-07 2.951663963357427553e-07 2.940831936527727028e-07 2.848689555922929800e-07 2.622570508870368441e-07 2.405037834958587794e-07 2.226581527307250829e-07 2.118351020630575432e-07 1.946274346673375006e-07 1.816378034674215282e-07
2.591028790609634480e-07 2.754967721130522057e-07 2.843051709190509029e-07 2.649491256551005249e-07 2.670062972678428501e-07 2.588969161804497337e-07 2.655716799205958174e-07 2.667412975961979156e-07 2.704186428885864309e-07 2.664867209585233539e-07 2.694442152029804340e-07 2.806152006716742434e-07 2.848689555922929800e-07 2.921979168753634399e-07 2.801531601608482268e-07 2.653188285010860897e-07 2.534106722655841033e-07 2.468460087874350091e-07 2.333078538540326521e-07 2.227773717024230152e-07
2.174357185416017587e-07 2.400969705240833252e-07 2.524950864874760172e-07 2.299584117043508914e-07 2.331952684188129897e-07 2.267312485866232490e-07 2.304299646698199511e-07 2.349003997773194727e-07 2.391435872550887875e-07 2.360256739516305879e-07 2.413527763101958916e-07 2.519692499679489398e-07 2.622570508870368441e-07 2.801531601608482268e-07 2.949637853412655058e-07 2.965584787186974910e-07 2.936057472793252849e-07 2.935365768511179097e-07 2.848692716287685297e-07 2.758339992311495241e-07
1.664136581868945911e-07 1.988196467033584669e-07 2.071376731442177784e-07 1.888982448529731762e-07 1.952032114260117289e-07 1.899162142461581772e-07 1.918982624488127549e-07 2.015510104587583242e-07 2.060260718678678807e-07 2.035802239646177587e-07 2.118881117155974454e-07 2.243281528939784952e-07 2.405037834958587794e-07 2.653188285010860897e-07 2.965584787186974910e-07 3.242685901441607709e-07 3.374581331943788241e-07 3.469980875618496256e-07 3.452813314926776034e-07 3.394699000955120866e-07
1.222820553430627667e-07 1.682901198063148443e-07 1.683603880745251993e-07 1.566823520635356298e-07 1.605580978134831984e-07 1.594149340704880178e-07 1.566772411866048471e-07 1.703249763699672133e-07 1.787271814869768216e-07 1.782944260879842289e-07 1.890181243408685891e-07 2.027000003465729621e-07 2.226581527307250829e-07 2.534106722655841033e-07 2.936057472793252849e-07 3.374581331943788241e-07 3.802441061622379783e-07 4.079919189075202699e-07 4.181324721413579072e-07 4.169685110483258826e-07
8.619283916452758165e-08 1.441474059317175944e-07 1.360230733501921400e-07 1.248294141199710519e-07 1.285782090115811560e-07 1.289195181823316679e-07 1.246984084594984534e-07 1.429559905946957871e-07 1.544748569094557738e-07 1.564180497107825201e-07 1.712266096203713110e-07 1.870703187396756594e-07 2.118351020630575432e-07 2.468460087874350091e-07 2.935365768511179097e-07 3.469980875618496256e-07 4.079919189075202699e-07 4.629868148684482981e-07 4.919920596171693860e-07 5.010991845641107726e-07
4.298617945372786186e-08 1.098763786282970701e-07 8.946474539907690181e-08 7.958644768984432066e-08 8.523566129031507420e-08 8.589075677524392673e-08 8.614063226116615041e-08 1.091514749564979611e-07 1.243115211636732265e-07 1.254570002724046408e-07 1.450675915859861124e-07 1.654675287302052578e-07 1.946274346673375006e-07 2.333078538540326521e-07 2.848692716287685297e-07 3.452813314926776034e-07 4.181324721413579072e-07 4.919920596171693860e-07 5.611585210155599012e-07 5.988769428593187345e-07
1.548803547103974668e-09 8.161127903047175380e-08 5.889930663949441200e-08 4.429406875311761464e-08 4.949109025483954863e-08 4.734605747843692613e-08 5.495685426276398024e-08 8.415560652203227121e-08 1.014354301826351591e-07 1.050220662693102744e-07 1.274700220472640841e-07 1.513468318697870656e-07 1.816378034674215282e-07 2.227773717024230152e-07 2.758339992311495241e-07 3.394699000955120866e-07 4.169685110483258826e-07 5.010991845641107726e-07 5.988769428593187345e-07 6.878659434415542836e-07
