4.097725838570877562e-12 2.155553300219447145e-12 1.117479460295308095e-12 7.146850717462599598e-13 7.341841437398511611e-13 8.116358829726021194e-13 3.938139552855476207e-13 1.985366306704348530e-13 3.186872834599307159e-13 2.591053059808637420e-14 3.096366608435982993e-14 -1.475078996889879343e-13 -4.828737580113952750e-13 -6.364453215735170063e-13 -6.458410283171227850e-13 -6.915127799588282545e-13 -3.882885996624146411e-13 6.037634642623665590e-15 1.114630178301553300e-13 6.251481487726481068e-13
2.155553300219447145e-12 3.528708704866808690e-12 1.642413582139509675e-12 1.135910887879480073e-12 7.977510316646511393e-13 6.422074669614408372e-13 1.430257780039640160e-15 1.138891647674864163e-13 4.465329046808332063e-13 7.527692636276188419e-14 3.998167122784340031e-14 -2.180968029692464920e-13 -1.579161066038376864e-13 -2.295692507083231005e-13 -2.961286798157573393e-13 -2.695121850520708366e-13 -1.450885988122482235e-13 1.030600810871681040e-13 1.256821450805550293e-13 3.797543917486277579e-13
1.117479460295308095e-12 1.642413582139509675e-12 2.420647580206253777e-12 1.420196632431004919e-12 7.746584702188306091e-13 6.527602254960830598e-13 2.992005614768678522e-13 3.819735946849640454e-13 4.055802348776217877e-13 8.047791282476102967e-14 6.333353781886501578e-14 -2.032945998621455748e-13 -2.442587663886001458e-13 -2.913366469594998838e-13 -3.592549177522077528e-13 -1.701640004717307845e-13 2.513610205175203047e-15 1.242750855967695606e-13 1.294462369975046585e-13 1.726184726606143343e-13
7.146850717462599598e-13 1.135910887879480073e-12 1.420196632431004919e-12 2.439431645629085939e-12 1.594479565490797356e-12 8.896124803261802172e-13 4.668887631518167427e-13 4.671002475307911928e-13 4.705319012608699351e-13 1.778264853171250688e-13 -8.825289383314305603e-15 -1.428425761088489370e-13 -3.748630440942425616e-13 -4.487879349020203439e-13 -2.971869379978255231e-13 -6.750141991761587249e-14 -3.311918345109480845e-14 1.571566346520552551e-13 -2.377867014511519842e-15 -1.575776215429061555e-13
7.341841437398511611e-13 7.977510316646511393e-13 7.746584702188306091e-13 1.594479565490797356e-12 2.473185264308876764e-12 1.536526830666069563e-12 9.192296232161372457e-13 8.105016243247359323e-13 5.060290222454852868e-13 8.473329590184311875e-14 -1.465049690882480035e-13 -4.866640812978717542e-14 -1.576441834785853092e-13 -7.376070216395416773e-14 5.895871756892896448e-14 1.627965534050097086e-14 5.733452805947238693e-14 4.663483470290862134e-14 -1.968705674683864562e-13 -3.678285210468311164e-13
8.116358829726021194e-13 6.422074669614408372e-13 6.527602254960830598e-13 8.896124803261802172e-13 1.536526830666069563e-12 2.109531167822721513e-12 1.407898263400690125e-12 9.281502768978972485e-13 4.794681909166010995e-13 2.344307500025696625e-13 -2.223785351076619378e-14 -6.572565840335445139e-14 2.235029658080808796e-14 1.192456494497966654e-13 1.835085232939842127e-13 1.227022096601490191e-13 2.496307830610875298e-13 1.621975509864457525e-13 -4.655071967440860211e-14 -2.140195508628131427e-13
3.938139552855476207e-13 1.430257780039640160e-15 2.992005614768678522e-13 4.668887631518167427e-13 9.192296232161372457e-13 1.407898263400690125e-12 2.103944005032055015e-12 1.644753018250965289e-12 9.924262260865107060e-13 5.480433019691838660e-13 2.426929136831517246e-13 1.658430195302129364e-14 2.437535403529379747e-14 6.574637979280346737e-14 1.797313285189164100e-13 2.760661123421217269e-13 2.095628681262793202e-13 2.044051734438066464e-13 3.000571861318354190e-14 -2.116156844311265573e-14
1.985366306704348530e-13 1.138891647674864163e-13 3.819735946849640454e-13 4.671002475307911928e-13 8.105016243247359323e-13 9.281502768978972485e-13 1.644753018250965289e-12 2.314576788824076026e-12 1.599680131805992176e-12 8.625077002567776955e-13 4.528571924656245830e-13 4.371719164729206890e-14 -7.794029282718350752e-14 -1.792490309752713160e-13 -9.336809766132817273e-15 2.262673897055107338e-13 1.388014434575370513e-13 3.112546824004091996e-13 1.624284301988747503e-13 1.644888963148320757e-13
3.186872834599307159e-13 4.465329046808332063e-13 4.055802348776217877e-13 4.705319012608699351e-13 5.060290222454852868e-13 4.794681909166010995e-13 9.924262260865107060e-13 1.599680131805992176e-12 2.104267347268982796e-12 1.547762331797520453e-12 1.096400173105760995e-12 6.397072769502836247e-13 4.312903337653118622e-13 1.202438155229990298e-13 -1.184310338843963755e-14 1.131917717168248646e-13 1.131791681550305188e-13 4.296056477638541725e-13 3.842744614003554526e-13 3.555747931035988511e-13
2.591053059808637420e-14 7.527692636276188419e-14 8.047791282476102967e-14 1.778264853171250688e-13 8.473329590184311875e-14 2.344307500025696625e-13 5.480433019691838660e-13 8.625077002567776955e-13 1.547762331797520453e-12 2.303761723495387603e-12 1.844911153285096830e-12 1.002821148967443951e-12 7.520126532660272872e-13 4.979340162972905132e-13 3.681625379235693024e-13 3.384661311468685499e-13 3.793675515133575535e-13 6.050213038583715717e-13 4.140700591552144212e-13 3.951086850403161670e-13
3.096366608435982993e-14 3.998167122784340031e-14 6.333353781886501578e-14 -8.825289383314305603e-15 -1.465049690882480035e-13 -2.223785351076619378e-14 2.426929136831517246e-13 4.528571924656245830e-13 1.096400173105760995e-12 1.844911153285096830e-12 2.302831050491119499e-12 1.619225218535371294e-12 1.224065671873904106e-12 9.136685053726009106e-13 6.027173145285342791e-13 5.890385884373867527e-13 6.483613661667155109e-13 7.059316754961437388e-13 4.617795978603176607e-13 2.470822455936218316e-13
-1.475078996889879343e-13 -2.180968029692464920e-13 -2.032945998621455748e-13 -1.428425761088489370e-13 -4.866640812978717542e-14 -6.572565840335445139e-14 1.658430195302129364e-14 4.371719164729206890e-14 6.397072769502836247e-13 1.002821148967443951e-12 1.619225218535371294e-12 2.250903312468455586e-12 1.895773891700697327e-12 1.374077007695368294e-12 9.700550289955488944e-13 1.013161695504808805e-12 9.919632838119429671e-13 8.558409045399818330e-13 4.084126908619112238e-13 4.510766681521892562e-14
-4.828737580113952750e-13 -1.579161066038376864e-13 -2.442587663886001458e-13 -3.748630440942425616e-13 -1.576441834785853092e-13 2.235029658080808796e-14 2.437535403529379747e-14 -7.794029282718350752e-14 4.312903337653118622e-13 7.520126532660272872e-13 1.224065671873904106e-12 1.895773891700697327e-12 2.655129905476863163e-12 2.235919994269305266e-12 1.712651830281079106e-12 1.568179258845774817e-12 1.229068085387929449e-12 9.500617708134722191e-13 4.861275984295557003e-13 8.831801345285329621e-14
-6.364453215735170063e-13 -2.295692507083231005e-13 -2.913366469594998838e-13 -4.487879349020203439e-13 -7.376070216395416773e-14 1.192456494497966654e-13 6.574637979280346737e-14 -1.792490309752713160e-13 1.202438155229990298e-13 4.979340162972905132e-13 9.136685053726009106e-13 1.374077007695368294e-12 2.235919994269305266e-12 2.920171379518944689e-12 2.383399183174523193e-12 1.890074694998418226e-12 1.406677844380807195e-12 8.235764715180454068e-13 2.890870155329357943e-13 3.703649706134895407e-14
-6.458410283171227850e-13 -2.961286798157573393e-13 -3.592549177522077528e-13 -2.971869379978255231e-13 5.895871756892896448e-14 1.835085232939842127e-13 1.797313285189164100e-13 -9.336809766132817273e-15 -1.184310338843963755e-14 3.681625379235693024e-13 6.027173145285342791e-13 9.700550289955488944e-13 1.712651830281079106e-12 2.383399183174523193e-12 3.063178428310847936e-12 2.768199186288800984e-12 1.982427041027132031e-12 1.230992872991280570e-12 5.109042234146081790e-13 1.861095905850291047e-13
-6.915127799588282545e-13 -2.695121850520708366e-13 -1.701640004717307845e-13 -6.750141991761587249e-14 1.627965534050097086e-14 1.227022096601490191e-13 2.760661123421217269e-13 2.262673897055107338e-13 1.131917717168248646e-13 3.384661311468685499e-13 5.890385884373867527e-13 1.013161695504808805e-12 1.568179258845774817e-12 1.890074694998418226e-12 2.768199186288800984e-12 3.637773940311315089e-12 2.874195725775574283e-12 1.823055709740651147e-12 7.659478829268168477e-13 2.247667758667098310e-13
-3.882885996624146411e-13 -1.450885988122482235e-13 2.513610205175203047e-15 -3.311918345109480845e-14 5.733452805947238693e-14 2.496307830610875298e-13 2.095628681262793202e-13 1.388014434575370513e-13 1.131791681550305188e-13 3.793675515133575535e-13 6.483613661667155109e-13 9.919632838119429671e-13 1.229068085387929449e-12 1.406677844380807195e-12 1.982427041027132031e-12 2.874195725775574283e-12 3.506062028341445021e-12 2.829699821038799511e-12 1.502413768278916210e-12 5.931246662317210945e-13
6.037634642623665590e-15 1.030600810871681040e-13 1.242750855967695606e-13 1.571566346520552551e-13 4.663483470290862134e-14 1.621975509864457525e-13 2.044051734438066464e-13 3.112546824004091996e-13 4.296056477638541725e-13 6.050213038583715717e-13 7.059316754961437388e-13 8.558409045399818330e-13 9.500617708134722191e-13 8.235764715180454068e-13 1.230992872991280570e-12 1.823055709740651147e-12 2.829699821038799511e-12 3.502052545229278897e-12 2.269180484476457062e-12 1.196681774848610116e-12
1.114630178301553300e-13 1.256821450805550293e-13 1.294462369975046585e-13 -2.377867014511519842e-15 -1.968705674683864562e-13 -4.655071967440860211e-14 3.000571861318354190e-14 1.624284301988747503e-13 3.842744614003554526e-13 4.140700591552144212e-13 4.617795978603176607e-13 4.084126908619112238e-13 4.861275984295557003e-13 2.890870155329357943e-13 5.109042234146081790e-13 7.659478829268168477e-13 1.502413768278916210e-12 2.269180484476457062e-12 2.551974053630351916e-12 1.865206966231395738e-12
6.251481487726481068e-13 3.797543917486277579e-13 1.726184726606143343e-13 -1.575776215429061555e-13 -3.678285210468311164e-13 -2.140195508628131427e-13 -2.116156844311265573e-14 1.644888963148320757e-13 3.555747931035988511e-13 3.951086850403161670e-13 2.470822455936218316e-13 4.510766681521892562e-14 8.831801345285329621e-14 3.703649706134895407e-14 1.861095905850291047e-13 2.247667758667098310e-13 5.931246662317210945e-13 1.196681774848610116e-12 1.865206966231395738e-12 2.810570451591306945e-12
