2.722853578926535086e-13 1.400504286100329211e-13 8.680577036455135743e-14 2.385189781033298895e-14 1.979456459961987820e-14 -3.316257887066392701e-15 2.513972948332781098e-15 -6.135863379150809043e-15 -7.366416156452018600e-15 -2.301709722825410225e-14 -1.178197500004589821e-14 -1.159841141474505949e-14 -2.451174087739947589e-14 -5.374202583540308158e-14 -1.424616351263709939e-13 -2.662035295020951544e-13 -4.928913300869064037e-13 -7.778480272488370425e-13 -8.472675188262039787e-13 -8.474747666201532546e-13
1.400504286100329211e-13 2.716596167128897823e-13 1.411826721361925149e-13 7.742594952807138645e-14 5.783711217901720119e-14 3.531665819042178676e-14 2.520631356060396307e-14 1.611584353602082993e-14 7.934427991490347773e-15 -2.068989058037655380e-14 -1.911922598941506634e-14 -2.013931608480394514e-14 -1.466051868231428960e-14 3.381623664936069651e-14 2.616277580514621721e-14 -7.483348699441382196e-14 -2.762113332566097099e-13 -5.277007262726697554e-13 -5.426966324492178905e-13 -4.453046914026623746e-13
8.680577036455135743e-14 1.411826721361925149e-13 2.155908091332377918e-13 1.178609160944522991e-13 7.689482544653882703e-14 6.453421870161686658e-14 3.941737450962715768e-14 5.107489484677710981e-14 3.521150019917586469e-14 1.989814642767513852e-14 4.076270927165869780e-14 4.838044789564895511e-14 7.193720698954548383e-14 6.669308136364654894e-14 -7.537100922187589165e-16 -9.013637925569533759e-14 -1.884377778550803311e-13 -2.994273354461240648e-13 -2.772049342780844530e-13 -2.206563406816958990e-13
2.385189781033298895e-14 7.742594952807138645e-14 1.178609160944522991e-13 2.261233940480435296e-13 1.518950565341382698e-13 1.236028860316313244e-13 9.612631650323747909e-14 1.223986238453786014e-13 1.092649922755825022e-13 1.034639605915972131e-13 1.103523497591952461e-13 1.213079354205305804e-13 1.454363942237392944e-13 1.257910669200971278e-13 8.897153022428460406e-14 1.044497215116957422e-13 1.267598716041248135e-13 1.220920726364787200e-13 2.784860729484555273e-13 5.155334482577909194e-13
1.979456459961987820e-14 5.783711217901720119e-14 7.689482544653882703e-14 1.518950565341382698e-13 2.232723584370846377e-13 1.958497442274109428e-13 1.710660489806176702e-13 1.978494256768988300e-13 1.923717782082711058e-13 2.090676945897939237e-13 2.290347204895852460e-13 2.424005373848875127e-13 2.662287245132314611e-13 2.303122832421493032e-13 1.625916039275581391e-13 1.283654849243343412e-13 8.508698502276387542e-14 2.654115798946427619e-14 9.547434084244142063e-14 2.429408790473936498e-13
-3.316257887066392701e-15 3.531665819042178676e-14 6.453421870161686658e-14 1.236028860316313244e-13 1.958497442274109428e-13 2.643140927221206544e-13 2.354507019423208723e-13 2.576099144411261237e-13 2.550946069122507847e-13 2.763977962130188306e-13 2.896325982655267417e-13 3.013638632996393942e-13 3.317464223383059911e-13 3.031510624199673810e-13 2.484251004503177832e-13 2.554918188413447358e-13 2.825988285754228227e-13 3.554602624504645153e-13 6.374831515126067087e-13 1.017448822404953472e-12
2.513972948332781098e-15 2.520631356060396307e-14 3.941737450962715768e-14 9.612631650323747909e-14 1.710660489806176702e-13 2.354507019423208723e-13 3.129672881912277209e-13 3.232745254328705532e-13 3.205848745025337818e-13 3.532491600529769036e-13 3.777561136716951534e-13 3.937384019033010706e-13 4.402001510231056089e-13 4.387775072342113893e-13 4.062958428658314388e-13 4.145646245449805332e-13 4.294535884847567559e-13 4.931481749626963259e-13 7.723651312744483633e-13 1.228758118273131418e-12
-6.135863379150809043e-15 1.611584353602082993e-14 5.107489484677710981e-14 1.223986238453786014e-13 1.978494256768988300e-13 2.576099144411261237e-13 3.232745254328705532e-13 4.349578155464884709e-13 4.350151550224623343e-13 5.037762632659527514e-13 5.678308885198999852e-13 6.219412104416192741e-13 6.857872199854041999e-13 6.819148406378521337e-13 6.475406246205912187e-13 6.532229978648127127e-13 6.684372348364225363e-13 7.061129219489888195e-13 9.612467661767123227e-13 1.451937038898969289e-12
-7.366416156452018600e-15 7.934427991490347773e-15 3.521150019917586469e-14 1.092649922755825022e-13 1.923717782082711058e-13 2.550946069122507847e-13 3.205848745025337818e-13 4.350151550224623343e-13 5.735005537841697956e-13 6.775627452801836249e-13 7.604347370133589327e-13 8.723500728994859632e-13 1.002656533142362158e-12 1.044760808497324662e-12 1.065570373965262775e-12 1.096984481590006168e-12 1.071351143306553773e-12 1.083307615097397399e-12 1.290867183685144922e-12 1.719402130352031773e-12
-2.301709722825410225e-14 -2.068989058037655380e-14 1.989814642767513852e-14 1.034639605915972131e-13 2.090676945897939237e-13 2.763977962130188306e-13 3.532491600529769036e-13 5.037762632659527514e-13 6.775627452801836249e-13 9.433803284815449874e-13 1.106387538783455828e-12 1.284718867280992215e-12 1.464744320426718271e-12 1.524734237448455025e-12 1.575094955909656718e-12 1.650519632569483039e-12 1.713308292169016038e-12 1.783985534064599366e-12 1.993438215499071158e-12 2.444063318049111940e-12
-1.178197500004589821e-14 -1.911922598941506634e-14 4.076270927165869780e-14 1.103523497591952461e-13 2.290347204895852460e-13 2.896325982655267417e-13 3.777561136716951534e-13 5.678308885198999852e-13 7.604347370133589327e-13 1.106387538783455828e-12 1.499185433698536993e-12 1.851155700499312049e-12 2.140380563197762122e-12 2.260175966356307393e-12 2.300459181986991073e-12 2.353088027216647439e-12 2.407033118312591574e-12 2.466148546499579169e-12 2.573626836553190413e-12 3.005269786590250824e-12
-1.159841141474505949e-14 -2.013931608480394514e-14 4.838044789564895511e-14 1.213079354205305804e-13 2.424005373848875127e-13 3.013638632996393942e-13 3.937384019033010706e-13 6.219412104416192741e-13 8.723500728994859632e-13 1.284718867280992215e-12 1.851155700499312049e-12 2.512008296568001127e-12 3.036883558895843529e-12 3.356223259837881036e-12 3.579208401419543651e-12 3.710030122717663051e-12 3.776244268699974872e-12 3.775645868514977521e-12 3.749086741340416888e-12 4.187129251690246771e-12
-2.451174087739947589e-14 -1.466051868231428960e-14 7.193720698954548383e-14 1.454363942237392944e-13 2.662287245132314611e-13 3.317464223383059911e-13 4.402001510231056089e-13 6.857872199854041999e-13 1.002656533142362158e-12 1.464744320426718271e-12 2.140380563197762122e-12 3.036883558895843529e-12 4.004636640747456020e-12 4.728911921026087610e-12 5.272417584907847076e-12 5.489748408808728328e-12 5.514679346373645559e-12 5.435350038697456099e-12 5.406316745761884870e-12 6.043948521089934074e-12
-5.374202583540308158e-14 3.381623664936069651e-14 6.669308136364654894e-14 1.257910669200971278e-13 2.303122832421493032e-13 3.031510624199673810e-13 4.387775072342113893e-13 6.819148406378521337e-13 1.044760808497324662e-12 1.524734237448455025e-12 2.260175966356307393e-12 3.356223259837881036e-12 4.728911921026087610e-12 6.310621890053394573e-12 7.628848342572171351e-12 8.230699375943293768e-12 8.494531383434764483e-12 8.602483160316397999e-12 8.817271464675983911e-12 9.819017483645154231e-12
-1.424616351263709939e-13 2.616277580514621721e-14 -7.537100922187589165e-16 8.897153022428460406e-14 1.625916039275581391e-13 2.484251004503177832e-13 4.062958428658314388e-13 6.475406246205912187e-13 1.065570373965262775e-12 1.575094955909656718e-12 2.300459181986991073e-12 3.579208401419543651e-12 5.272417584907847076e-12 7.628848342572171351e-12 1.018323330746984594e-11 1.178376713754501424e-11 1.287905673939980808e-11 1.374189912540315133e-11 1.469163150636486858e-11 1.644761831364046394e-11
-2.662035295020951544e-13 -7.483348699441382196e-14 -9.013637925569533759e-14 1.044497215116957422e-13 1.283654849243343412e-13 2.554918188413447358e-13 4.145646245449805332e-13 6.532229978648127127e-13 1.096984481590006168e-12 1.650519632569483039e-12 2.353088027216647439e-12 3.710030122717663051e-12 5.489748408808728328e-12 8.230699375943293768e-12 1.178376713754501424e-11 1.519859786161283694e-11 1.835779345849142202e-11 2.101038667699497687e-11 2.325651997630264541e-11 2.620305033927942151e-11
-4.928913300869064037e-13 -2.762113332566097099e-13 -1.884377778550803311e-13 1.267598716041248135e-13 8.508698502276387542e-14 2.825988285754228227e-13 4.294535884847567559e-13 6.684372348364225363e-13 1.071351143306553773e-12 1.713308292169016038e-12 2.407033118312591574e-12 3.776244268699974872e-12 5.514679346373645559e-12 8.494531383434764483e-12 1.287905673939980808e-11 1.835779345849142202e-11 2.517631860200315185e-11 3.170727828210235327e-11 3.668911464678462862e-11 4.200690793332859401e-11
-7.778480272488370425e-13 -5.277007262726697554e-13 -2.994273354461240648e-13 1.220920726364787200e-13 2.654115798946427619e-14 3.554602624504645153e-13 4.931481749626963259e-13 7.061129219489888195e-13 1.083307615097397399e-12 1.783985534064599366e-12 2.466148546499579169e-12 3.775645868514977521e-12 5.435350038697456099e-12 8.602483160316397999e-12 1.374189912540315133e-11 2.101038667699497687e-11 3.170727828210235327e-11 4.461199854086811356e-11 5.518995233792408602e-11 6.484776139238592640e-11
-8.472675188262039787e-13 -5.426966324492178905e-13 -2.772049342780844530e-13 2.784860729484555273e-13 9.547434084244142063e-14 6.374831515126067087e-13 7.723651312744483633e-13 9.612467661767123227e-13 1.290867183685144922e-12 1.993438215499071158e-12 2.573626836553190413e-12 3.749086741340416888e-12 5.406316745761884870e-12 8.817271464675983911e-12 1.469163150636486858e-11 2.325651997630264541e-11 3.668911464678462862e-11 5.518995233792408602e-11 7.378787487322684777e-11 9.094887739398082460e-11
-8.474747666201532546e-13 -4.453046914026623746e-13 -2.206563406816958990e-13 5.155334482577909194e-13 2.429408790473936498e-13 1.017448822404953472e-12 1.228758118273131418e-12 1.451937038898969289e-12 1.719402130352031773e-12 2.444063318049111940e-12 3.005269786590250824e-12 4.187129251690246771e-12 6.043948521089934074e-12 9.819017483645154231e-12 1.644761831364046394e-11 2.620305033927942151e-11 4.200690793332859401e-11 6.484776139238592640e-11 9.094887739398082460e-11 1.194263558696359846e-10
