1.673865104757045439e-12 3.586750342003278219e-13 4.463295526125688524e-14 -1.963897805619025605e-14 -3.376075452770381618e-14 2.666510403951866805e-14 7.000610012987121031e-14 -2.874728112824426639e-14 -3.989201773358160732e-14 -3.474690540662676496e-14 -2.769251784330878653e-14 -2.083505010168512442e-14 -9.509039313147188704e-15 3.191346675023678653e-14 2.346443670674124688e-14 2.574992786192320926e-14 2.477269789845347132e-15 9.773651789575355624e-15 -3.093714707178260117e-14 -3.922187026486196119e-14
3.586750342003278219e-13 1.107252189461105891e-12 5.834075624761525622e-14 9.951216513778703225e-14 8.953584695467120612e-14 -6.287482496593105098e-15 2.214416240222053858e-14 -2.024431238655577231e-14 -1.433636113048301234e-14 4.588854750354938835e-14 1.199002242963672273e-16 -1.046210518339307061e-14 -3.073465635183697446e-14 9.703376431516397503e-15 -2.479305773734076825e-14 -2.365207198156866077e-14 -2.550769995392172015e-14 -6.433584139658081606e-15 1.957256482083094288e-14 1.248078597388492987e-14
4.463295526125688524e-14 5.834075624761525622e-14 7.939386547515748204e-13 1.624333201108736592e-13 6.114059779079831458e-14 9.232658514633745823e-14 5.000636216882583094e-14 -2.150565032187591936e-14 -1.528804137511189871e-14 1.389482384887703336e-14 -1.661336014334031693e-14 -1.755384663456152357e-14 -3.707862791078243086e-14 -4.873663594523618633e-14 -4.387428537027008397e-14 -3.859527263594827630e-15 3.167470163190336344e-14 2.305322020850203782e-14 1.957082898944398828e-14 1.324048560155915944e-15
-1.963897805619025605e-14 9.951216513778703225e-14 1.624333201108736592e-13 4.431376058153395087e-13 1.195063812241379779e-13 1.080460488058574586e-13 5.375005847028467965e-14 -3.176134368125205206e-15 5.269084805022546693e-14 1.887677257960475346e-14 1.987322884836707281e-14 2.688811361085989856e-15 1.285695706867556556e-15 -2.424750906260885256e-14 -2.761571866609967846e-14 -1.755318381119353500e-14 -1.697338130959482317e-14 -2.147442368458829360e-14 -1.958571699563018984e-14 -2.189895863806433553e-14
-3.376075452770381618e-14 8.953584695467120612e-14 6.114059779079831458e-14 1.195063812241379779e-13 4.422513189772289605e-13 1.277791125535815576e-13 5.437376347914868380e-14 3.368583516910343986e-15 4.149170925249297877e-14 9.192499506898861042e-15 1.836443406806724519e-14 -7.362955414396018187e-15 -6.480785224778191457e-15 -1.971673921845716510e-14 -2.436403064300540217e-14 -2.198624445278261738e-14 -2.314376836850159784e-14 -8.320611543859897836e-15 1.955966521969809983e-16 -4.346518286198943725e-15
2.666510403951866805e-14 -6.287482496593105098e-15 9.232658514633745823e-14 1.080460488058574586e-13 1.277791125535815576e-13 3.639392930720893478e-13 1.299041930556667742e-13 3.613170539497385360e-14 3.325857396005330773e-14 1.730637339189753766e-14 1.314047019040598123e-14 1.531573439395238255e-15 2.263294729636529260e-15 -1.371847212087938018e-15 -1.566297444066546114e-15 2.678514808011128751e-15 2.690813881146924995e-15 1.108777872115538690e-14 1.739488181135541650e-14 1.296700602145055426e-14
7.000610012987121031e-14 2.214416240222053858e-14 5.000636216882583094e-14 5.375005847028467965e-14 5.437376347914868380e-14 1.299041930556667742e-13 2.521163926001289587e-13 5.144071342392854053e-14 3.873780842442446299e-14 1.563186113116518833e-14 2.061037983712169374e-14 -5.984307364997703320e-16 6.722034583998756495e-15 1.934791583154281846e-14 1.253067491796453184e-14 1.644237447817856964e-14 1.989788111222713459e-14 6.750841976905642908e-15 2.352368778585422420e-14 2.952537947696331490e-14
-2.874728112824426639e-14 -2.024431238655577231e-14 -2.150565032187591936e-14 -3.176134368125205206e-15 3.368583516910343986e-15 3.613170539497385360e-14 5.144071342392854053e-14 1.324576437686758348e-13 7.965274661383757742e-14 3.752778865797300869e-14 3.985673365002398731e-14 1.918920835840447396e-14 2.144588253863903118e-14 2.402171282660806602e-14 2.252743580883357670e-14 -3.551092279125206768e-15 -1.297035501992824059e-15 7.301962833356812708e-16 7.054547150436238445e-15 3.811170768646366575e-15
-3.989201773358160732e-14 -1.433636113048301234e-14 -1.528804137511189871e-14 5.269084805022546693e-14 4.149170925249297877e-14 3.325857396005330773e-14 3.873780842442446299e-14 7.965274661383757742e-14 1.830768997080247229e-13 9.076077837832361210e-14 7.711677531500466495e-14 3.937222194086770389e-14 2.664216804391113918e-14 4.950498436624976713e-15 2.005989609849556173e-14 -5.520224790612028583e-15 -9.085199116457994374e-15 -2.312775121804678054e-15 -1.904183061570463454e-15 -7.018138552269828483e-15
-3.474690540662676496e-14 4.588854750354938835e-14 1.389482384887703336e-14 1.887677257960475346e-14 9.192499506898861042e-15 1.730637339189753766e-14 1.563186113116518833e-14 3.752778865797300869e-14 9.076077837832361210e-14 1.323476907685724740e-13 8.150478899488546354e-14 5.044056715877928788e-14 2.694584600142975493e-14 7.428861972580849390e-15 8.330977738190627557e-15 -5.669496632809516421e-15 6.722476296757544633e-16 4.455724358400047850e-15 9.163875743157840279e-15 1.149916114702025884e-14
-2.769251784330878653e-14 1.199002242963672273e-16 -1.661336014334031693e-14 1.987322884836707281e-14 1.836443406806724519e-14 1.314047019040598123e-14 2.061037983712169374e-14 3.985673365002398731e-14 7.711677531500466495e-14 8.150478899488546354e-14 1.379893130199574407e-13 7.001709184059600732e-14 4.841444619007842060e-14 2.469258872225922289e-14 1.710059663163696137e-14 -3.420964324943907146e-15 5.598181281901435172e-15 1.370977545521474147e-14 1.671434631929559355e-14 1.582991453306864532e-14
-2.083505010168512442e-14 -1.046210518339307061e-14 -1.755384663456152357e-14 2.688811361085989856e-15 -7.362955414396018187e-15 1.531573439395238255e-15 -5.984307364997703320e-16 1.918920835840447396e-14 3.937222194086770389e-14 5.044056715877928788e-14 7.001709184059600732e-14 8.982318541515587667e-14 5.809021294665963750e-14 3.406356442755130560e-14 2.715829796270413780e-14 1.592265029974042930e-14 1.317269224103466865e-14 1.060266450147551717e-14 9.233160534301265110e-15 7.676947752484423396e-15
-9.509039313147188704e-15 -3.073465635183697446e-14 -3.707862791078243086e-14 1.285695706867556556e-15 -6.480785224778191457e-15 2.263294729636529260e-15 6.722034583998756495e-15 2.144588253863903118e-14 2.664216804391113918e-14 2.694584600142975493e-14 4.841444619007842060e-14 5.809021294665963750e-14 1.022392617690406572e-13 6.419511080664960856e-14 4.553477744606674504e-14 2.979647534732036751e-14 2.633029106338642953e-14 1.855282535155678684e-14 1.356286864223300380e-14 1.001796160793164664e-14
3.191346675023678653e-14 9.703376431516397503e-15 -4.873663594523618633e-14 -2.424750906260885256e-14 -1.971673921845716510e-14 -1.371847212087938018e-15 1.934791583154281846e-14 2.402171282660806602e-14 4.950498436624976713e-15 7.428861972580849390e-15 2.469258872225922289e-14 3.406356442755130560e-14 6.419511080664960856e-14 7.726316442118360550e-14 5.284229539899608500e-14 3.734023725548116492e-14 3.035455602479507669e-14 2.177749087890038177e-14 1.903129206635960698e-14 1.822495008980013148e-14
2.346443670674124688e-14 -2.479305773734076825e-14 -4.387428537027008397e-14 -2.761571866609967846e-14 -2.436403064300540217e-14 -1.566297444066546114e-15 1.253067491796453184e-14 2.252743580883357670e-14 2.005989609849556173e-14 8.330977738190627557e-15 1.710059663163696137e-14 2.715829796270413780e-14 4.553477744606674504e-14 5.284229539899608500e-14 7.379375259559787217e-14 5.228447750946078753e-14 3.712890878747056907e-14 2.767474036919010536e-14 1.586125809053420758e-14 7.379406044202363471e-15
2.574992786192320926e-14 -2.365207198156866077e-14 -3.859527263594827630e-15 -1.755318381119353500e-14 -2.198624445278261738e-14 2.678514808011128751e-15 1.644237447817856964e-14 -3.551092279125206768e-15 -5.520224790612028583e-15 -5.669496632809516421e-15 -3.420964324943907146e-15 1.592265029974042930e-14 2.979647534732036751e-14 3.734023725548116492e-14 5.228447750946078753e-14 7.536156329586169842e-14 5.743632917084525103e-14 4.332876897889098225e-14 3.075497372227101281e-14 2.072415707168622177e-14
2.477269789845347132e-15 -2.550769995392172015e-14 3.167470163190336344e-14 -1.697338130959482317e-14 -2.314376836850159784e-14 2.690813881146924995e-15 1.989788111222713459e-14 -1.297035501992824059e-15 -9.085199116457994374e-15 6.722476296757544633e-16 5.598181281901435172e-15 1.317269224103466865e-14 2.633029106338642953e-14 3.035455602479507669e-14 3.712890878747056907e-14 5.743632917084525103e-14 7.901458040220626536e-14 6.075065936311771822e-14 4.470693729655099793e-14 3.740222591944509028e-14
9.773651789575355624e-15 -6.433584139658081606e-15 2.305322020850203782e-14 -2.147442368458829360e-14 -8.320611543859897836e-15 1.108777872115538690e-14 6.750841976905642908e-15 7.301962833356812708e-16 -2.312775121804678054e-15 4.455724358400047850e-15 1.370977545521474147e-14 1.060266450147551717e-14 1.855282535155678684e-14 2.177749087890038177e-14 2.767474036919010536e-14 4.332876897889098225e-14 6.075065936311771822e-14 7.705730274038909611e-14 6.365262468239151038e-14 4.930026520966459210e-14
-3.093714707178260117e-14 1.957256482083094288e-14 1.957082898944398828e-14 -1.958571699563018984e-14 1.955966521969809983e-16 1.739488181135541650e-14 2.352368778585422420e-14 7.054547150436238445e-15 -1.904183061570463454e-15 9.163875743157840279e-15 1.671434631929559355e-14 9.233160534301265110e-15 1.356286864223300380e-14 1.903129206635960698e-14 1.586125809053420758e-14 3.075497372227101281e-14 4.470693729655099793e-14 6.365262468239151038e-14 1.008423768701253206e-13 9.324742780349405693e-14
-3.922187026486196119e-14 1.248078597388492987e-14 1.324048560155915944e-15 -2.189895863806433553e-14 -4.346518286198943725e-15 1.296700602145055426e-14 2.952537947696331490e-14 3.811170768646366575e-15 -7.018138552269828483e-15 1.149916114702025884e-14 1.582991453306864532e-14 7.676947752484423396e-15 1.001796160793164664e-14 1.822495008980013148e-14 7.379406044202363471e-15 2.072415707168622177e-14 3.740222591944509028e-14 4.930026520966459210e-14 9.324742780349405693e-14 1.260406611384962697e-13
