3.948435750746744696e-09 2.568124691733383469e-10 -1.650765566556750677e-10 1.432231707869031257e-10 -1.645949369513764856e-10 4.081403078238153720e-11 3.156222513895045567e-11 1.506522339854927530e-10 -4.076535074501947909e-11 1.868764672664614755e-11 6.280577650632317761e-11 -2.428823268023065977e-11 -2.943451183038260460e-11 -7.973899317790646580e-12 2.102344825476335899e-11 4.683145129823668104e-12 -1.415756303316477089e-11 8.599757370412950088e-12 -5.904412478125515370e-12 6.657849193254067750e-12
2.568124691733383469e-10 3.097581659989710205e-09 5.618139957191144760e-11 1.052766980003592718e-10 -5.184888353718039761e-11 4.673278986953423483e-11 1.149911537041639098e-10 3.895679815493033442e-11 1.230823656472825471e-10 5.550626400791456033e-11 6.134143976124426416e-11 8.542814212484919661e-11 8.623587169248048146e-12 1.090825114790589974e-11 -2.773262663697504931e-11 1.221751380988056284e-11 1.080530606616533936e-11 -1.307584429359876045e-12 1.756399330986250358e-11 -6.069540109616750166e-12
-1.650765566556750677e-10 5.618139957191144760e-11 2.215535732629830285e-09 4.727258297213792055e-11 -6.823728977170816872e-11 -1.584201196224820310e-10 8.636923548819566360e-11 6.876337165240704691e-11 7.901988170136662688e-11 4.748151349345422103e-11 -1.163958021064043910e-12 -4.864982209302075284e-11 -3.138704912442969404e-11 -5.154937234583524279e-11 -2.155438064365346287e-11 3.740898716498447705e-12 6.033505682820832883e-12 1.068246353909226424e-11 -2.488822663693387478e-13 1.029877875533419045e-12
1.432231707869031257e-10 1.052766980003592718e-10 4.727258297213792055e-11 1.475140310982822163e-09 4.446246570411103677e-12 1.282499264387077416e-10 1.087524962631089556e-10 6.998816265711220841e-11 -3.277950352476853709e-11 -7.038123197157194838e-12 3.980427147232851563e-11 -3.798952908143395768e-12 -3.640932025304640638e-12 -2.259660266715047846e-11 -3.428847759531548106e-11 -2.070230448292315607e-11 -1.952978247501734638e-12 -1.345434694704944814e-11 1.102749307330033696e-11 1.032406987530825966e-11
-1.645949369513764856e-10 -5.184888353718039761e-11 -6.823728977170816872e-11 4.446246570411103677e-12 1.050742117509150278e-09 1.162281205722860532e-10 6.655984532981883870e-11 1.818808225892062296e-11 5.500511243189845796e-11 4.054748863365120267e-11 1.178394574372311931e-11 -2.087233479340879075e-11 1.502515550900457222e-11 -7.919835030373834852e-12 6.945072367968731108e-12 2.095275720535125562e-11 3.462340017770713735e-11 -3.614254554912578477e-12 -8.469096983340714756e-12 -2.119136944483242953e-12
4.081403078238153720e-11 4.673278986953423483e-11 -1.584201196224820310e-10 1.282499264387077416e-10 1.162281205722860532e-10 5.709145941788308635e-10 1.305650146387581735e-10 6.784266045047271866e-11 6.109150634785853721e-11 5.906040491230685106e-14 2.345411377259821755e-11 -6.565896699159929058e-13 -3.657215309685595778e-13 4.686479784738937675e-12 -1.420811539585165370e-12 -1.694338946419575888e-11 -2.417841075658728128e-12 -4.602735624327565709e-12 2.252575495848231778e-12 4.024363623384834233e-12
3.156222513895045567e-11 1.149911537041639098e-10 8.636923548819566360e-11 1.087524962631089556e-10 6.655984532981883870e-11 1.305650146387581735e-10 4.542092036354287339e-10 3.623720139587518221e-11 2.405117124172861020e-11 -1.805970798180420398e-11 1.917439486164132859e-11 8.061712251427303856e-12 3.097395791180448149e-12 4.133112980026194210e-12 9.038184985819826354e-12 1.032285546361616685e-11 5.998373580570966167e-12 -5.391340999163066591e-12 -6.121067501001692760e-12 2.344592530645895879e-12
1.506522339854927530e-10 3.895679815493033442e-11 6.876337165240704691e-11 6.998816265711220841e-11 1.818808225892062296e-11 6.784266045047271866e-11 3.623720139587518221e-11 2.904593839662262197e-10 3.834893828412800650e-11 9.348881156087350468e-12 -6.747729006576211274e-12 -8.764461583463783212e-12 -1.261728511625094930e-11 -2.913999191546293552e-12 -2.072093548389086243e-13 -6.392849071084029276e-12 -6.049916496065122559e-12 1.430550351283371526e-12 6.777005186304858177e-12 2.328085446318874343e-13
-4.076535074501947909e-11 1.230823656472825471e-10 7.901988170136662688e-11 -3.277950352476853709e-11 5.500511243189845796e-11 6.109150634785853721e-11 2.405117124172861020e-11 3.834893828412800650e-11 2.170827289876440996e-10 3.008121488168508509e-11 2.951602568615793553e-11 9.768443259798563618e-12 -2.989713632032850584e-12 4.653399291835409834e-12 -2.051323337636887987e-12 -7.382513070016594229e-12 -4.312785720079624976e-12 -5.110718588936154220e-12 1.129107136434919927e-12 -2.567328122345872113e-12
1.868764672664614755e-11 5.550626400791456033e-11 4.748151349345422103e-11 -7.038123197157194838e-12 4.054748863365120267e-11 5.906040491230685106e-14 -1.805970798180420398e-11 9.348881156087350468e-12 3.008121488168508509e-11 1.324573514948936332e-10 2.968972488297782099e-11 8.015860820343951599e-12 6.437788417789284519e-12 -1.094999781150430713e-12 2.134050155545711112e-12 9.801213455849568017e-12 3.291398538244163925e-12 3.671922014619243514e-12 1.830375308358102546e-12 -4.156358918734819392e-12
6.280577650632317761e-11 6.134143976124426416e-11 -1.163958021064043910e-12 3.980427147232851563e-11 1.178394574372311931e-11 2.345411377259821755e-11 1.917439486164132859e-11 -6.747729006576211274e-12 2.951602568615793553e-11 2.968972488297782099e-11 9.615027119458345363e-11 1.977101132655330761e-11 1.176450397423094466e-11 -5.471577880700036757e-13 -6.616232821215268011e-13 7.213231271647278933e-12 -1.266805219758237643e-12 3.140053529704984088e-13 -8.214351855853265208e-13 -3.892487757330639601e-13
-2.428823268023065977e-11 8.542814212484919661e-11 -4.864982209302075284e-11 -3.798952908143395768e-12 -2.087233479340879075e-11 -6.565896699159929058e-13 8.061712251427303856e-12 -8.764461583463783212e-12 9.768443259798563618e-12 8.015860820343951599e-12 1.977101132655330761e-11 6.251671930878917913e-11 9.949857867905631919e-12 1.203889340573493745e-11 6.233427556305022081e-12 2.170884026383383678e-12 1.638714975796471569e-13 5.905583868114477071e-13 -8.850508194184288488e-14 -1.082565449216746696e-12
-2.943451183038260460e-11 8.623587169248048146e-12 -3.138704912442969404e-11 -3.640932025304640638e-12 1.502515550900457222e-11 -3.657215309685595778e-13 3.097395791180448149e-12 -1.261728511625094930e-11 -2.989713632032850584e-12 6.437788417789284519e-12 1.176450397423094466e-11 9.949857867905631919e-12 5.414253659015967576e-11 1.111618697337914240e-11 8.752146978035318146e-12 3.325357619400462888e-14 3.363792391503108579e-12 4.134363003191830157e-12 -3.907804696353462755e-14 4.513965500615802774e-13
-7.973899317790646580e-12 1.090825114790589974e-11 -5.154937234583524279e-11 -2.259660266715047846e-11 -7.919835030373834852e-12 4.686479784738937675e-12 4.133112980026194210e-12 -2.913999191546293552e-12 4.653399291835409834e-12 -1.094999781150430713e-12 -5.471577880700036757e-13 1.203889340573493745e-11 1.111618697337914240e-11 3.643344329748283546e-11 1.566743553313247908e-11 2.171048558333969975e-12 2.355680677196052951e-12 3.534192393857223163e-12 8.395908273065847892e-13 3.766657009148079293e-13
2.102344825476335899e-11 -2.773262663697504931e-11 -2.155438064365346287e-11 -3.428847759531548106e-11 6.945072367968731108e-12 -1.420811539585165370e-12 9.038184985819826354e-12 -2.072093548389086243e-13 -2.051323337636887987e-12 2.134050155545711112e-12 -6.616232821215268011e-13 6.233427556305022081e-12 8.752146978035318146e-12 1.566743553313247908e-11 3.201286412470514175e-11 1.318195069415627754e-11 7.161065133457492333e-12 3.866614749399743278e-12 -6.040584341390402254e-13 -1.068248176716442558e-12
4.683145129823668104e-12 1.221751380988056284e-11 3.740898716498447705e-12 -2.070230448292315607e-11 2.095275720535125562e-11 -1.694338946419575888e-11 1.032285546361616685e-11 -6.392849071084029276e-12 -7.382513070016594229e-12 9.801213455849568017e-12 7.213231271647278933e-12 2.170884026383383678e-12 3.325357619400462888e-14 2.171048558333969975e-12 1.318195069415627754e-11 2.299633308442289436e-11 9.792882132787152387e-12 5.302272170951981068e-12 9.168169965143990415e-13 -5.482404440190462984e-13
-1.415756303316477089e-11 1.080530606616533936e-11 6.033505682820832883e-12 -1.952978247501734638e-12 3.462340017770713735e-11 -2.417841075658728128e-12 5.998373580570966167e-12 -6.049916496065122559e-12 -4.312785720079624976e-12 3.291398538244163925e-12 -1.266805219758237643e-12 1.638714975796471569e-13 3.363792391503108579e-12 2.355680677196052951e-12 7.161065133457492333e-12 9.792882132787152387e-12 2.067007454037445867e-11 7.818802556513307812e-12 1.885467847486421891e-12 -7.494066228418941426e-14
8.599757370412950088e-12 -1.307584429359876045e-12 1.068246353909226424e-11 -1.345434694704944814e-11 -3.614254554912578477e-12 -4.602735624327565709e-12 -5.391340999163066591e-12 1.430550351283371526e-12 -5.110718588936154220e-12 3.671922014619243514e-12 3.140053529704984088e-13 5.905583868114477071e-13 4.134363003191830157e-12 3.534192393857223163e-12 3.866614749399743278e-12 5.302272170951981068e-12 7.818802556513307812e-12 1.625143404933034021e-11 5.720751975488257254e-12 9.273693533514552792e-13
-5.904412478125515370e-12 1.756399330986250358e-11 -2.488822663693387478e-13 1.102749307330033696e-11 -8.469096983340714756e-12 2.252575495848231778e-12 -6.121067501001692760e-12 6.777005186304858177e-12 1.129107136434919927e-12 1.830375308358102546e-12 -8.214351855853265208e-13 -8.850508194184288488e-14 -3.907804696353462755e-14 8.395908273065847892e-13 -6.040584341390402254e-13 9.168169965143990415e-13 1.885467847486421891e-12 5.720751975488257254e-12 1.064869854306088849e-11 2.560880976281190533e-12
6.657849193254067750e-12 -6.069540109616750166e-12 1.029877875533419045e-12 1.032406987530825966e-11 -2.119136944483242953e-12 4.024363623384834233e-12 2.344592530645895879e-12 2.328085446318874343e-13 -2.567328122345872113e-12 -4.156358918734819392e-12 -3.892487757330639601e-13 -1.082565449216746696e-12 4.513965500615802774e-13 3.766657009148079293e-13 -1.068248176716442558e-12 -5.482404440190462984e-13 -7.494066228418941426e-14 9.273693533514552792e-13 2.560880976281190533e-12 6.824974574277334510e-12
