2.548540231298690893e-09 -6.149130803970099040e-11 -1.041411797701970131e-11 1.315305522148743739e-10 -4.190854972325500699e-11 -3.378988561679622526e-12 -1.010003084771963694e-12 -6.681272834837010649e-12 2.113999413914481415e-11 6.273567873977800209e-11 -3.841256871949119870e-11 -1.679741364873113170e-11 2.524568951359005376e-11 -7.384745391304750690e-12 -1.696474219571065769e-11 -3.596891088584064880e-12 1.371331092777577094e-12 -3.550595735607337148e-13 -9.076122500818875013e-12 -1.152453061556075277e-11 9.026204910388962031e-12 7.259767972435680643e-12 -1.537958897752687311e-13 4.110184900686286837e-13 -7.601838868982702913e-12 -1.168104715467077929e-11
-6.149130803970099040e-11 1.511060600721977235e-09 1.555093419131209967e-10 2.462855200794408190e-11 -4.199007507331508552e-11 -8.655607386011244107e-11 -4.864784046626260379e-11 -4.479541441818748405e-11 1.130623942819821525e-11 -2.965396789633526870e-11 3.710455745642136969e-11 2.993420177410967582e-11 2.921990095605078707e-11 3.153223869872788972e-11 1.117567345766503739e-11 -1.886478759891161556e-12 -6.446260330596235328e-12 -1.386358834079320489e-11 -3.565281210864397987e-12 -2.647587184454398555e-12 4.379242910683571044e-12 -9.466394021032304515e-12 1.151707524174081738e-11 1.411606848449141929e-11 3.110055379687665988e-12 -3.493579596886080921e-12
-1.041411797701970131e-11 1.555093419131209967e-10 9.233470401154694180e-10 1.329156379992442354e-10 1.761145534162726441e-11 -2.155074716317993642e-11 4.236124411394340280e-11 -3.517621054173468200e-11 -2.217979848456476575e-11 -2.628201929265286984e-11 -4.127327876342299190e-12 -2.325633556170085922e-11 -1.688636107084721382e-11 1.115653512022174681e-11 1.183767213862373012e-11 5.052779283069167665e-12 3.639678612816443339e-13 -1.155219808565203903e-12 -2.733231330588017431e-12 -6.720953113661652520e-13 -6.503615743985536727e-12 3.188108890469993602e-12 2.148470062758607102e-12 6.891496408038282709e-13 -5.373796728013792688e-13 1.169002304795248892e-12
1.315305522148743739e-10 2.462855200794408190e-11 1.329156379992442354e-10 6.839599145624081358e-10 2.192028687297991378e-11 1.869976274303848780e-11 4.265733510816444154e-11 6.207561727420572854e-12 -6.626802699356461500e-12 3.211238417525990851e-12 -1.059018958409918494e-11 -1.138423856067365220e-11 6.751996534146856505e-12 6.922746016606512586e-12 1.314595050483547130e-11 1.722724442439062208e-12 1.184890461933771442e-11 -3.073256115071783234e-12 7.958097195617042349e-12 -6.957139771284556165e-13 -9.792048739028044539e-16 -1.884047952567372189e-12 5.719779051426342857e-12 3.720650982446781576e-13 -2.594506690744312348e-12 -1.502060300275819432e-12
-4.190854972325500699e-11 -4.199007507331508552e-11 1.761145534162726441e-11 2.192028687297991378e-11 4.985206580130212765e-10 2.905211878890173481e-11 3.541327467037667560e-11 4.254486822466558399e-11 1.840993736148627714e-11 -3.869430440481252483e-12 9.379000525616893995e-12 9.974235476200575445e-12 9.583533333369318886e-12 2.004554863807092342e-12 -2.394574652629229748e-12 1.814847683973163355e-12 -3.685689087547034283e-12 1.855898973132188223e-12 4.374987776861204491e-12 -1.428702444834480997e-12 -8.715240956685017916e-13 -7.600054075505274516e-12 3.527669110622848446e-12 -2.333572970674331509e-12 2.139896280567259616e-13 -1.022845980060926184e-12
-3.378988561679622526e-12 -8.655607386011244107e-11 -2.155074716317993642e-11 1.869976274303848780e-11 2.905211878890173481e-11 2.973091557236653587e-10 3.221009375330664347e-11 2.162601701825899285e-11 1.221675945138759651e-11 1.541710715476839159e-11 3.290215074970456237e-12 -7.705376697134958311e-12 -8.060363559915560039e-12 -1.723561663669556574e-12 1.224308247988908916e-12 7.119625623952647098e-12 1.316870641466201272e-13 4.138057685320136867e-12 8.821368235770976229e-12 4.987316860349578202e-13 1.504734343658689312e-12 -2.392726409644446503e-12 4.207554669512129652e-12 1.313568175699549009e-12 1.520422612162291389e-12 -8.479728993936706824e-13
-1.010003084771963694e-12 -4.864784046626260379e-11 4.236124411394340280e-11 4.265733510816444154e-11 3.541327467037667560e-11 3.221009375330664347e-11 1.993023525062623101e-10 2.665704500084308621e-11 9.599019864757620197e-12 7.185900945966004588e-12 3.648615571352223696e-12 1.041067923112322486e-12 1.062515107716844068e-12 5.112984759553317108e-12 2.482122267390089452e-12 -4.580555794539669726e-12 -5.614498515995998793e-12 -6.369494861137756855e-13 2.386548398070991435e-12 -1.178484318524255738e-12 2.878626953166479373e-12 -2.536932139897123166e-12 -2.187778538012113008e-12 -1.385533325094824822e-12 -1.622506816166585197e-12 -1.151542005238841278e-12
-6.681272834837010649e-12 -4.479541441818748405e-11 -3.517621054173468200e-11 6.207561727420572854e-12 4.254486822466558399e-11 2.162601701825899285e-11 2.665704500084308621e-11 1.400940602020154149e-10 1.523183228219426831e-11 9.219215505021793503e-12 8.255788181218249537e-12 -6.143150610118074540e-12 -6.602011204326621855e-12 1.104187812725295153e-12 -4.566843242112089906e-12 -1.565267948681271884e-13 3.482776410636020563e-12 -1.394280475096841588e-12 -1.293836836032234505e-12 -8.156181928397805105e-13 -3.398740473440588837e-12 5.021755535521193789e-13 1.543665006711946414e-12 2.159138999846864408e-12 7.600345301464134155e-14 -8.480237991847413379e-13
2.113999413914481415e-11 1.130623942819821525e-11 -2.217979848456476575e-11 -6.626802699356461500e-12 1.840993736148627714e-11 1.221675945138759651e-11 9.599019864757620197e-12 1.523183228219426831e-11 9.338593121800100471e-11 2.162445867992053373e-11 1.004697700026271865e-11 5.265495946462752966e-12 1.171446202667039563e-12 -1.671580069754028911e-12 3.319596708911718000e-13 -3.742314606049303353e-12 2.326016898671951072e-12 3.694360989092901626e-15 -1.709584044082077860e-12 -3.231623196166607294e-12 -4.852481738655630014e-12 -4.131746939715857310e-13 2.449409604450146001e-12 2.048139648899374394e-12 1.234085553300968258e-14 -1.383560982971410287e-12
6.273567873977800209e-11 -2.965396789633526870e-11 -2.628201929265286984e-11 3.211238417525990851e-12 -3.869430440481252483e-12 1.541710715476839159e-11 7.185900945966004588e-12 9.219215505021793503e-12 2.162445867992053373e-11 7.118389660223281947e-11 1.936414051342250209e-11 6.422107165090543042e-12 3.690024211417596677e-12 1.048266927071041925e-12 3.508899118626952258e-12 -4.785679761414768647e-12 -1.706663443132980504e-12 3.518357173114633392e-13 -3.495721230768718790e-14 -2.216680914201925245e-12 -1.719747075040853650e-13 -3.640688577525185808e-13 -1.211935365818877761e-12 -1.712744176975723132e-12 1.754115315662432168e-12 -1.560616064115439073e-13
-3.841256871949119870e-11 3.710455745642136969e-11 -4.127327876342299190e-12 -1.059018958409918494e-11 9.379000525616893995e-12 3.290215074970456237e-12 3.648615571352223696e-12 8.255788181218249537e-12 1.004697700026271865e-11 1.936414051342250209e-11 6.066531983189836091e-11 2.108067011605069554e-11 7.109926932133367323e-12 8.360523418667628641e-12 1.923205457736818219e-12 -2.292657053051006778e-12 -4.667047092387099710e-12 -4.797921005395842912e-12 -4.404731555633420705e-12 -2.689751509393041350e-12 -8.361706328341296544e-13 -1.724925870373411261e-12 9.030048595533563439e-13 1.266252588095565256e-12 6.758370907133461738e-13 2.438523751359129703e-14
-1.679741364873113170e-11 2.993420177410967582e-11 -2.325633556170085922e-11 -1.138423856067365220e-11 9.974235476200575445e-12 -7.705376697134958311e-12 1.041067923112322486e-12 -6.143150610118074540e-12 5.265495946462752966e-12 6.422107165090543042e-12 2.108067011605069554e-11 3.996669227763943288e-11 2.080301063767403609e-11 1.426463036781218599e-11 9.608497730987870792e-12 2.141120854350457229e-12 6.612844415123423755e-13 4.929728094440301758e-13 2.195313550278327992e-12 2.212681299114908426e-12 -3.573183930985141529e-13 -1.615601970725530282e-12 5.211079260088201670e-13 -1.473520902855817215e-13 4.501959276752956792e-13 1.534856099964105648e-12
2.524568951359005376e-11 2.921990095605078707e-11 -1.688636107084721382e-11 6.751996534146856505e-12 9.583533333369318886e-12 -8.060363559915560039e-12 1.062515107716844068e-12 -6.602011204326621855e-12 1.171446202667039563e-12 3.690024211417596677e-12 7.109926932133367323e-12 2.080301063767403609e-11 4.312617846123371355e-11 2.296514998546765251e-11 1.458729621864141143e-11 5.343174276049194380e-12 6.342023702100179250e-13 2.112053363219826458e-12 2.816793417568475399e-12 3.321494433099105865e-12 2.355098569330937076e-13 -1.451256875040350936e-12 -4.425082544212891580e-13 -2.030288899127935950e-12 6.700902042560788546e-13 5.850753854105113088e-13
-7.384745391304750690e-12 3.153223869872788972e-11 1.115653512022174681e-11 6.922746016606512586e-12 2.004554863807092342e-12 -1.723561663669556574e-12 5.112984759553317108e-12 1.104187812725295153e-12 -1.671580069754028911e-12 1.048266927071041925e-12 8.360523418667628641e-12 1.426463036781218599e-11 2.296514998546765251e-11 3.535780864129419668e-11 1.553858813751179224e-11 5.491397127862051143e-12 1.594285949719268865e-12 -1.426494425043259358e-13 1.934978200306274650e-13 2.278858326179019632e-12 1.015111971993755278e-12 -5.773374213052768972e-13 1.424927947104819889e-12 -2.164936586798669497e-12 1.129890799504649072e-12 -3.619989278243992228e-13
-1.696474219571065769e-11 1.117567345766503739e-11 1.183767213862373012e-11 1.314595050483547130e-11 -2.394574652629229748e-12 1.224308247988908916e-12 2.482122267390089452e-12 -4.566843242112089906e-12 3.319596708911718000e-13 3.508899118626952258e-12 1.923205457736818219e-12 9.608497730987870792e-12 1.458729621864141143e-11 1.553858813751179224e-11 2.620484374225667847e-11 9.513813443242907587e-12 7.309053492452957413e-12 4.148359306670416273e-12 2.087317085074317058e-12 1.234080729022466574e-12 4.122231098052346020e-13 -1.291014475569173697e-12 1.018547197102564974e-12 -2.057574915553874581e-12 -7.553567949609031469e-13 4.842831616101201071e-13
-3.596891088584064880e-12 -1.886478759891161556e-12 5.052779283069167665e-12 1.722724442439062208e-12 1.814847683973163355e-12 7.119625623952647098e-12 -4.580555794539669726e-12 -1.565267948681271884e-13 -3.742314606049303353e-12 -4.785679761414768647e-12 -2.292657053051006778e-12 2.141120854350457229e-12 5.343174276049194380e-12 5.491397127862051143e-12 9.513813443242907587e-12 2.606729454009896219e-11 1.269582261314668784e-11 4.615405461981536507e-12 3.048703967240447680e-12 5.698832875028006916e-13 3.159567210211451599e-13 -1.153676977124610029e-12 -8.875635694093162089e-13 -6.340254075906430310e-13 -4.163288080002384674e-13 9.892809121136690138e-13
1.371331092777577094e-12 -6.446260330596235328e-12 3.639678612816443339e-13 1.184890461933771442e-11 -3.685689087547034283e-12 1.316870641466201272e-13 -5.614498515995998793e-12 3.482776410636020563e-12 2.326016898671951072e-12 -1.706663443132980504e-12 -4.667047092387099710e-12 6.612844415123423755e-13 6.342023702100179250e-13 1.594285949719268865e-12 7.309053492452957413e-12 1.269582261314668784e-11 2.287609421794052979e-11 1.093766881449160808e-11 5.456342868517255683e-12 1.044978294081033279e-12 5.872583101797270378e-15 -2.672911955799108196e-13 8.592233344636713528e-13 4.916886319410361103e-13 -1.922487583647190658e-12 5.681569836332792519e-13
-3.550595735607337148e-13 -1.386358834079320489e-11 -1.155219808565203903e-12 -3.073256115071783234e-12 1.855898973132188223e-12 4.138057685320136867e-12 -6.369494861137756855e-13 -1.394280475096841588e-12 3.694360989092901626e-15 3.518357173114633392e-13 -4.797921005395842912e-12 4.929728094440301758e-13 2.112053363219826458e-12 -1.426494425043259358e-13 4.148359306670416273e-12 4.615405461981536507e-12 1.093766881449160808e-11 1.822492843125435166e-11 1.178275814928355124e-11 4.846070110657140786e-12 2.943262723072274242e-12 4.842419066248068793e-13 -6.397218682357895061e-13 -9.811351392724788379e-13 -1.244109935415622795e-12 1.049194502333411953e-12
-9.076122500818875013e-12 -3.565281210864397987e-12 -2.733231330588017431e-12 7.958097195617042349e-12 4.374987776861204491e-12 8.821368235770976229e-12 2.386548398070991435e-12 -1.293836836032234505e-12 -1.709584044082077860e-12 -3.495721230768718790e-14 -4.404731555633420705e-12 2.195313550278327992e-12 2.816793417568475399e-12 1.934978200306274650e-13 2.087317085074317058e-12 3.048703967240447680e-12 5.456342868517255683e-12 1.178275814928355124e-11 2.002739440248778049e-11 8.093131120488317945e-12 3.937055937848752216e-12 -2.734071836036958655e-13 -6.361534260227721016e-13 -4.337790406994422131e-13 -1.112556476593938309e-12 1.230839085205951404e-12
-1.152453061556075277e-11 -2.647587184454398555e-12 -6.720953113661652520e-13 -6.957139771284556165e-13 -1.428702444834480997e-12 4.987316860349578202e-13 -1.178484318524255738e-12 -8.156181928397805105e-13 -3.231623196166607294e-12 -2.216680914201925245e-12 -2.689751509393041350e-12 2.212681299114908426e-12 3.321494433099105865e-12 2.278858326179019632e-12 1.234080729022466574e-12 5.698832875028006916e-13 1.044978294081033279e-12 4.846070110657140786e-12 8.093131120488317945e-12 1.552204798884114748e-11 8.032035323598723630e-12 2.323011784894221971e-12 -3.984048140589483346e-13 -4.440836009583657023e-13 -2.548308073688989989e-13 7.674649872375874466e-13
9.026204910388962031e-12 4.379242910683571044e-12 -6.503615743985536727e-12 -9.792048739028044539e-16 -8.715240956685017916e-13 1.504734343658689312e-12 2.878626953166479373e-12 -3.398740473440588837e-12 -4.852481738655630014e-12 -1.719747075040853650e-13 -8.361706328341296544e-13 -3.573183930985141529e-13 2.355098569330937076e-13 1.015111971993755278e-12 4.122231098052346020e-13 3.159567210211451599e-13 5.872583101797270378e-15 2.943262723072274242e-12 3.937055937848752216e-12 8.032035323598723630e-12 1.493409858427945301e-11 6.571642890061220280e-12 1.685757717861194810e-12 -4.793096497544740779e-13 -1.513118628707779826e-13 7.942884160357966889e-13
7.259767972435680643e-12 -9.466394021032304515e-12 3.188108890469993602e-12 -1.884047952567372189e-12 -7.600054075505274516e-12 -2.392726409644446503e-12 -2.536932139897123166e-12 5.021755535521193789e-13 -4.131746939715857310e-13 -3.640688577525185808e-13 -1.724925870373411261e-12 -1.615601970725530282e-12 -1.451256875040350936e-12 -5.773374213052768972e-13 -1.291014475569173697e-12 -1.153676977124610029e-12 -2.672911955799108196e-13 4.842419066248068793e-13 -2.734071836036958655e-13 2.323011784894221971e-12 6.571642890061220280e-12 1.000032686571285055e-11 2.417041806405116157e-12 -7.614499745559446807e-14 1.344401796828896293e-15 3.239085047115073474e-13
-1.537958897752687311e-13 1.151707524174081738e-11 2.148470062758607102e-12 5.719779051426342857e-12 3.527669110622848446e-12 4.207554669512129652e-12 -2.187778538012113008e-12 1.543665006711946414e-12 2.449409604450146001e-12 -1.211935365818877761e-12 9.030048595533563439e-13 5.211079260088201670e-13 -4.425082544212891580e-13 1.424927947104819889e-12 1.018547197102564974e-12 -8.875635694093162089e-13 8.592233344636713528e-13 -6.397218682357895061e-13 -6.361534260227721016e-13 -3.984048140589483346e-13 1.685757717861194810e-12 2.417041806405116157e-12 7.595389242976881960e-12 1.194090698874438835e-12 1.396637486036948685e-13 1.503341061303993963e-13
4.110184900686286837e-13 1.411606848449141929e-11 6.891496408038282709e-13 3.720650982446781576e-13 -2.333572970674331509e-12 1.313568175699549009e-12 -1.385533325094824822e-12 2.159138999846864408e-12 2.048139648899374394e-12 -1.712744176975723132e-12 1.266252588095565256e-12 -1.473520902855817215e-13 -2.030288899127935950e-12 -2.164936586798669497e-12 -2.057574915553874581e-12 -6.340254075906430310e-13 4.916886319410361103e-13 -9.811351392724788379e-13 -4.337790406994422131e-13 -4.440836009583657023e-13 -4.793096497544740779e-13 -7.614499745559446807e-14 1.194090698874438835e-12 5.350220624878446611e-12 3.849220243833629525e-13 2.754938453374374647e-13
-7.601838868982702913e-12 3.110055379687665988e-12 -5.373796728013792688e-13 -2.594506690744312348e-12 2.139896280567259616e-13 1.520422612162291389e-12 -1.622506816166585197e-12 7.600345301464134155e-14 1.234085553300968258e-14 1.754115315662432168e-12 6.758370907133461738e-13 4.501959276752956792e-13 6.700902042560788546e-13 1.129890799504649072e-12 -7.553567949609031469e-13 -4.163288080002384674e-13 -1.922487583647190658e-12 -1.244109935415622795e-12 -1.112556476593938309e-12 -2.548308073688989989e-13 -1.513118628707779826e-13 1.344401796828896293e-15 1.396637486036948685e-13 3.849220243833629525e-13 4.805086423802615302e-12 8.263791140014726119e-13
-1.168104715467077929e-11 -3.493579596886080921e-12 1.169002304795248892e-12 -1.502060300275819432e-12 -1.022845980060926184e-12 -8.479728993936706824e-13 -1.151542005238841278e-12 -8.480237991847413379e-13 -1.383560982971410287e-12 -1.560616064115439073e-13 2.438523751359129703e-14 1.534856099964105648e-12 5.850753854105113088e-13 -3.619989278243992228e-13 4.842831616101201071e-13 9.892809121136690138e-13 5.681569836332792519e-13 1.049194502333411953e-12 1.230839085205951404e-12 7.674649872375874466e-13 7.942884160357966889e-13 3.239085047115073474e-13 1.503341061303993963e-13 2.754938453374374647e-13 8.263791140014726119e-13 3.088958987483067453e-12
