2.747073806280954525e-09 4.328339275480131835e-11 -2.809567454559530623e-11 1.319316818179966440e-10 7.671792293751215689e-11 -3.182779857155148537e-11 1.122587421402720405e-10 1.237114951444765763e-10 3.573089958395647469e-11 3.636332078629299873e-11 -2.403530002810393910e-11 -1.739734970424791597e-11 -2.270288652647298372e-11 1.506400918727989290e-11 -1.382524614855136570e-11 -1.355171248633522271e-11 -5.351467364590468483e-12 1.283062367091309427e-11 1.660786721482786598e-12 1.938624744467770412e-11 1.469866100885678848e-11 4.823194318239382416e-12 1.281617230209576994e-12 1.357881124357488983e-12 4.482846697540455029e-13 4.536603280289778162e-12
4.328339275480131835e-11 1.948744148650190663e-09 -3.075039197047571759e-11 -1.232554736137932760e-11 -8.044394935753304577e-12 -1.515607528211077683e-11 -1.214130495726791260e-11 -2.534643837975942747e-11 1.237352194630694137e-12 -2.121029398040048083e-11 -2.416956811343034847e-11 1.637335461498613024e-12 1.391427852005423291e-11 -2.890469786312136207e-13 1.958668240294048942e-11 1.157008943783861142e-11 9.729410385792068391e-12 5.135213242116839258e-12 -1.574115651105180259e-11 1.905630325893027113e-11 2.039484976869935472e-11 -2.747597543213760903e-13 -6.504770288081336439e-12 -6.405388933342359844e-12 7.060098889554597028e-13 4.363445728577415096e-12
-2.809567454559530623e-11 -3.075039197047571759e-11 1.201182728452933141e-09 6.256392607179963228e-11 9.683080208568578262e-12 -1.608164232697991966e-11 -4.171136525145892879e-11 -3.333679224398823816e-12 1.379396213180478711e-11 -2.754794814910967023e-11 -1.253691629109929401e-11 1.543238371489839347e-11 2.444665556370533607e-11 5.135930289888434412e-12 1.515662028869662526e-11 -2.222551000038664461e-12 -4.252857690312857151e-12 5.831221304020409393e-12 8.733257520190325283e-12 -4.425762007055015224e-12 -1.491274941201549219e-12 -1.036514141050743985e-11 -2.169905209209279081e-13 -5.541993420580926371e-12 4.601682221306596468e-12 4.068405493474679772e-12
1.319316818179966440e-10 -1.232554736137932760e-11 6.256392607179963228e-11 7.862355708009953628e-10 7.498808230608971559e-11 3.526827191670732840e-11 2.326252038961584999e-12 -2.508211587669894315e-12 7.666727708471247806e-12 1.555810406168584389e-11 1.528912681657393972e-11 -1.062471594873069425e-11 -8.474709991556271921e-12 5.393031150295852728e-13 1.330466441353350008e-11 -1.975886061817010664e-12 -3.939567669175430148e-12 3.735294017325924795e-13 -1.208103947859305426e-13 3.357228364445765573e-12 5.785646679686583398e-12 5.623140451665896584e-12 2.571588070616110826e-12 1.669231056604640107e-12 4.082888935914627149e-12 -4.924557796619924072e-14
7.671792293751215689e-11 -8.044394935753304577e-12 9.683080208568578262e-12 7.498808230608971559e-11 5.555155806106126493e-10 4.777323929720747633e-11 1.026082432914876835e-11 -1.950793225698246030e-11 -2.709927542388460147e-13 1.360544928465715870e-11 1.946146888206449930e-11 -1.160755072492317698e-11 -5.846902819198241690e-12 -3.744885661001849622e-12 -3.940944801170336885e-12 -8.333143906473635838e-12 -1.489733864701278105e-11 -6.535247318140707883e-12 -1.660588270814166116e-12 -8.616674832960163241e-12 -5.806953964584454224e-12 -8.765359401941695598e-12 8.077585072295190988e-13 8.453271470428199846e-13 8.064468543074299094e-13 4.281934144940460607e-12
-3.182779857155148537e-11 -1.515607528211077683e-11 -1.608164232697991966e-11 3.526827191670732840e-11 4.777323929720747633e-11 4.108248073529817219e-10 1.309925694916050651e-11 3.013389712505497866e-11 1.644624883157640318e-11 1.313537448501370042e-11 1.321390629409631833e-11 -1.016478371017165132e-12 -7.545766645270499277e-12 -9.564692639993335643e-13 -3.436063416800923326e-12 -3.008731244153071577e-12 -8.667262041164490016e-12 -2.893438976594467020e-12 1.215483386669821790e-12 5.598560314726907640e-12 4.298355745137589863e-12 4.683724510731584320e-12 4.003662254524134319e-12 7.285237095400597213e-13 -2.463092337291887634e-12 -3.984307217121498492e-12
1.122587421402720405e-10 -1.214130495726791260e-11 -4.171136525145892879e-11 2.326252038961584999e-12 1.026082432914876835e-11 1.309925694916050651e-11 2.395969242076570107e-10 2.710683747975760179e-11 -1.066202073015981479e-12 1.847675201578897751e-11 5.594620631812558755e-12 -7.702298268610840208e-12 1.521639868743907310e-12 4.855003619680194973e-12 -6.848107582076517824e-12 -9.670999149090807947e-12 -1.131807514028194431e-11 -7.804886164966268969e-12 -6.080051445904438710e-12 -2.813006461490781819e-12 -9.246445797647481419e-13 -2.383056023632205434e-12 4.079033417126918352e-13 3.400080943232047538e-13 7.301020699606275685e-13 3.739012368753541562e-12
1.237114951444765763e-10 -2.534643837975942747e-11 -3.333679224398823816e-12 -2.508211587669894315e-12 -1.950793225698246030e-11 3.013389712505497866e-11 2.710683747975760179e-11 1.944114278761118682e-10 3.837981976360942994e-11 2.377153531597418243e-11 9.597616102225548647e-12 -3.412808087684766200e-12 -3.602116905582212441e-12 7.133024537829421071e-12 2.267581851385799929e-12 4.558134782036721686e-13 -2.852224969612491671e-12 1.757074514488034377e-12 -4.766226619473619705e-12 1.110700794681339895e-12 1.400678487535820172e-12 -1.424405885969913610e-12 2.960939026754977917e-12 1.640497810845859986e-12 -4.743157228614830541e-13 -1.290733190777069985e-12
3.573089958395647469e-11 1.237352194630694137e-12 1.379396213180478711e-11 7.666727708471247806e-12 -2.709927542388460147e-13 1.644624883157640318e-11 -1.066202073015981479e-12 3.837981976360942994e-11 1.237281819842674314e-10 1.928562903194356886e-11 1.143054573562268610e-11 5.499273156543179645e-12 -5.849501784421562418e-12 1.638048610104635074e-12 -1.840834260154490175e-12 7.216818256322650018e-14 -1.238181638076829853e-12 6.768271478759570862e-12 6.356700401710899095e-12 4.032850706376254429e-12 2.501747409497173059e-13 1.328457049354584945e-12 1.186416024962370688e-13 5.023367081164597199e-13 -6.542128858584642618e-13 -2.347100783041584968e-12
3.636332078629299873e-11 -2.121029398040048083e-11 -2.754794814910967023e-11 1.555810406168584389e-11 1.360544928465715870e-11 1.313537448501370042e-11 1.847675201578897751e-11 2.377153531597418243e-11 1.928562903194356886e-11 9.004161126625771592e-11 1.494516341371955993e-11 1.063554648158374884e-11 7.244674628067495410e-12 4.693189196368200978e-12 -1.611199332518308055e-12 -6.062209361294312475e-13 -1.374685940188678636e-12 -2.362517889287596582e-12 -3.548606952952750866e-12 2.095359774760227827e-12 2.195328409318178273e-12 6.211626150685777517e-14 7.101441021431726981e-14 5.207865452983676720e-13 -7.602507249836672535e-13 -1.774327621706874444e-12
-2.403530002810393910e-11 -2.416956811343034847e-11 -1.253691629109929401e-11 1.528912681657393972e-11 1.946146888206449930e-11 1.321390629409631833e-11 5.594620631812558755e-12 9.597616102225548647e-12 1.143054573562268610e-11 1.494516341371955993e-11 6.124475447271383322e-11 1.446036288676978778e-11 6.850956176655371103e-13 1.077015327798206525e-12 -2.369128673088441005e-12 -1.810549962540940163e-12 -7.738799581795759938e-13 -7.471691061268619934e-13 -3.119736828534345633e-12 -2.856979487694410786e-12 -3.800721392298120090e-12 -2.409029236055202084e-12 -7.619703558778604465e-13 1.251494718156886711e-12 1.082293447360520180e-12 -5.140657746127538960e-13
-1.739734970424791597e-11 1.637335461498613024e-12 1.543238371489839347e-11 -1.062471594873069425e-11 -1.160755072492317698e-11 -1.016478371017165132e-12 -7.702298268610840208e-12 -3.412808087684766200e-12 5.499273156543179645e-12 1.063554648158374884e-11 1.446036288676978778e-11 4.809642625110586043e-11 1.225815304986755414e-11 7.468537332103474168e-12 2.180447666241396907e-13 -2.688848296452894464e-12 1.678458539978751782e-12 9.481360260506885748e-13 -2.505215981750593212e-13 -1.035540020912668820e-12 -2.114326268937102212e-13 9.647278434562059212e-13 -5.163834204419939256e-13 -6.376262838253875120e-13 2.135463105867587593e-13 -6.742959104480279660e-13
-2.270288652647298372e-11 1.391427852005423291e-11 2.444665556370533607e-11 -8.474709991556271921e-12 -5.846902819198241690e-12 -7.545766645270499277e-12 1.521639868743907310e-12 -3.602116905582212441e-12 -5.849501784421562418e-12 7.244674628067495410e-12 6.850956176655371103e-13 1.225815304986755414e-11 3.879398877205675777e-11 1.174620479965355482e-11 8.910534576068433629e-12 5.010842144262120026e-12 5.476588833691102201e-12 1.292827710480178574e-12 1.831269833272710078e-12 -4.384125678469958599e-13 -1.071606954284481716e-12 9.002626320245390002e-14 8.324160470652843992e-13 9.501488431300051940e-13 1.183406383026440678e-12 3.085482972861995496e-13
1.506400918727989290e-11 -2.890469786312136207e-13 5.135930289888434412e-12 5.393031150295852728e-13 -3.744885661001849622e-12 -9.564692639993335643e-13 4.855003619680194973e-12 7.133024537829421071e-12 1.638048610104635074e-12 4.693189196368200978e-12 1.077015327798206525e-12 7.468537332103474168e-12 1.174620479965355482e-11 2.646614203086742646e-11 1.191246725347343162e-11 7.320631567379360085e-12 2.723242341285873339e-12 2.505523038969955027e-12 2.165120936510732481e-12 6.101103254523701512e-13 1.758211670451981253e-12 9.213365988538387182e-13 4.668871590384693820e-13 -2.660145750507080900e-13 1.340024044842642471e-12 -5.677794123195061956e-13
-1.382524614855136570e-11 1.958668240294048942e-11 1.515662028869662526e-11 1.330466441353350008e-11 -3.940944801170336885e-12 -3.436063416800923326e-12 -6.848107582076517824e-12 2.267581851385799929e-12 -1.840834260154490175e-12 -1.611199332518308055e-12 -2.369128673088441005e-12 2.180447666241396907e-13 8.910534576068433629e-12 1.191246725347343162e-11 2.621987389514634576e-11 1.435107905690078347e-11 5.298627434562068677e-12 4.587625254016068095e-12 2.211971220917703951e-12 1.473255899664239575e-12 1.689412450039833683e-12 3.757455653116428947e-13 1.662283142029811736e-12 2.941255771907550358e-13 2.328776463214177236e-13 -9.898168103177552662e-13
-1.355171248633522271e-11 1.157008943783861142e-11 -2.222551000038664461e-12 -1.975886061817010664e-12 -8.333143906473635838e-12 -3.008731244153071577e-12 -9.670999149090807947e-12 4.558134782036721686e-13 7.216818256322650018e-14 -6.062209361294312475e-13 -1.810549962540940163e-12 -2.688848296452894464e-12 5.010842144262120026e-12 7.320631567379360085e-12 1.435107905690078347e-11 2.632858443561437578e-11 1.231420764908084860e-11 6.584014573995058505e-12 5.399451907725645450e-12 2.870694818324808075e-12 3.381679636271621420e-12 2.431123952858648655e-12 3.089589179629665157e-12 1.524361583294242470e-12 2.269894981776021269e-13 -8.887432367540832774e-13
-5.351467364590468483e-12 9.729410385792068391e-12 -4.252857690312857151e-12 -3.939567669175430148e-12 -1.489733864701278105e-11 -8.667262041164490016e-12 -1.131807514028194431e-11 -2.852224969612491671e-12 -1.238181638076829853e-12 -1.374685940188678636e-12 -7.738799581795759938e-13 1.678458539978751782e-12 5.476588833691102201e-12 2.723242341285873339e-12 5.298627434562068677e-12 1.231420764908084860e-11 2.232766685470859732e-11 1.069536421828021027e-11 5.594037008147888317e-12 2.974212799693080962e-12 2.129452551372022668e-12 1.734560454277923966e-12 1.227894642155417101e-12 -5.200487775725275551e-14 2.478444217082634915e-13 1.128558357910315699e-13
1.283062367091309427e-11 5.135213242116839258e-12 5.831221304020409393e-12 3.735294017325924795e-13 -6.535247318140707883e-12 -2.893438976594467020e-12 -7.804886164966268969e-12 1.757074514488034377e-12 6.768271478759570862e-12 -2.362517889287596582e-12 -7.471691061268619934e-13 9.481360260506885748e-13 1.292827710480178574e-12 2.505523038969955027e-12 4.587625254016068095e-12 6.584014573995058505e-12 1.069536421828021027e-11 2.002479269767261091e-11 9.928761917330371762e-12 4.076958704238122961e-12 3.392175949744348559e-12 2.408705588475710444e-12 -6.604508593925225891e-15 -9.822738511815031199e-13 1.046785909955853039e-12 -5.046645783457112246e-13
1.660786721482786598e-12 -1.574115651105180259e-11 8.733257520190325283e-12 -1.208103947859305426e-13 -1.660588270814166116e-12 1.215483386669821790e-12 -6.080051445904438710e-12 -4.766226619473619705e-12 6.356700401710899095e-12 -3.548606952952750866e-12 -3.119736828534345633e-12 -2.505215981750593212e-13 1.831269833272710078e-12 2.165120936510732481e-12 2.211971220917703951e-12 5.399451907725645450e-12 5.594037008147888317e-12 9.928761917330371762e-12 1.688113129895762432e-11 8.633606789284907297e-12 5.480158407586441985e-12 3.136464903801181427e-12 1.997323732292667775e-13 -8.759824562162674228e-13 4.936936951515410251e-13 -3.296812084696017523e-13
1.938624744467770412e-11 1.905630325893027113e-11 -4.425762007055015224e-12 3.357228364445765573e-12 -8.616674832960163241e-12 5.598560314726907640e-12 -2.813006461490781819e-12 1.110700794681339895e-12 4.032850706376254429e-12 2.095359774760227827e-12 -2.856979487694410786e-12 -1.035540020912668820e-12 -4.384125678469958599e-13 6.101103254523701512e-13 1.473255899664239575e-12 2.870694818324808075e-12 2.974212799693080962e-12 4.076958704238122961e-12 8.633606789284907297e-12 1.500151381900955533e-11 6.801886421162313487e-12 2.735559816461861112e-12 1.766076669850696918e-13 -7.154801386984094925e-13 1.619924940873569089e-13 -1.057957339211796908e-12
1.469866100885678848e-11 2.039484976869935472e-11 -1.491274941201549219e-12 5.785646679686583398e-12 -5.806953964584454224e-12 4.298355745137589863e-12 -9.246445797647481419e-13 1.400678487535820172e-12 2.501747409497173059e-13 2.195328409318178273e-12 -3.800721392298120090e-12 -2.114326268937102212e-13 -1.071606954284481716e-12 1.758211670451981253e-12 1.689412450039833683e-12 3.381679636271621420e-12 2.129452551372022668e-12 3.392175949744348559e-12 5.480158407586441985e-12 6.801886421162313487e-12 1.204760891018053424e-11 5.224989783424914314e-12 7.866944797196145040e-13 -5.315712295294120134e-14 3.117334094653081145e-13 -1.046877200832266357e-12
4.823194318239382416e-12 -2.747597543213760903e-13 -1.036514141050743985e-11 5.623140451665896584e-12 -8.765359401941695598e-12 4.683724510731584320e-12 -2.383056023632205434e-12 -1.424405885969913610e-12 1.328457049354584945e-12 6.211626150685777517e-14 -2.409029236055202084e-12 9.647278434562059212e-13 9.002626320245390002e-14 9.213365988538387182e-13 3.757455653116428947e-13 2.431123952858648655e-12 1.734560454277923966e-12 2.408705588475710444e-12 3.136464903801181427e-12 2.735559816461861112e-12 5.224989783424914314e-12 9.088126419455096067e-12 3.328653699680320617e-12 9.456862002265313774e-13 4.670119608530604724e-14 -6.651830228514557409e-13
1.281617230209576994e-12 -6.504770288081336439e-12 -2.169905209209279081e-13 2.571588070616110826e-12 8.077585072295190988e-13 4.003662254524134319e-12 4.079033417126918352e-13 2.960939026754977917e-12 1.186416024962370688e-13 7.101441021431726981e-14 -7.619703558778604465e-13 -5.163834204419939256e-13 8.324160470652843992e-13 4.668871590384693820e-13 1.662283142029811736e-12 3.089589179629665157e-12 1.227894642155417101e-12 -6.604508593925225891e-15 1.997323732292667775e-13 1.766076669850696918e-13 7.866944797196145040e-13 3.328653699680320617e-12 7.859121062321883484e-12 2.666421811251816059e-12 -1.247099504156512423e-13 -6.570729331939271702e-13
1.357881124357488983e-12 -6.405388933342359844e-12 -5.541993420580926371e-12 1.669231056604640107e-12 8.453271470428199846e-13 7.285237095400597213e-13 3.400080943232047538e-13 1.640497810845859986e-12 5.023367081164597199e-13 5.207865452983676720e-13 1.251494718156886711e-12 -6.376262838253875120e-13 9.501488431300051940e-13 -2.660145750507080900e-13 2.941255771907550358e-13 1.524361583294242470e-12 -5.200487775725275551e-14 -9.822738511815031199e-13 -8.759824562162674228e-13 -7.154801386984094925e-13 -5.315712295294120134e-14 9.456862002265313774e-13 2.666421811251816059e-12 5.992093044815785169e-12 7.419667753409822604e-13 -2.090992541884757412e-13
4.482846697540455029e-13 7.060098889554597028e-13 4.601682221306596468e-12 4.082888935914627149e-12 8.064468543074299094e-13 -2.463092337291887634e-12 7.301020699606275685e-13 -4.743157228614830541e-13 -6.542128858584642618e-13 -7.602507249836672535e-13 1.082293447360520180e-12 2.135463105867587593e-13 1.183406383026440678e-12 1.340024044842642471e-12 2.328776463214177236e-13 2.269894981776021269e-13 2.478444217082634915e-13 1.046785909955853039e-12 4.936936951515410251e-13 1.619924940873569089e-13 3.117334094653081145e-13 4.670119608530604724e-14 -1.247099504156512423e-13 7.419667753409822604e-13 3.396085211795862084e-12 7.165818029133558569e-13
4.536603280289778162e-12 4.363445728577415096e-12 4.068405493474679772e-12 -4.924557796619924072e-14 4.281934144940460607e-12 -3.984307217121498492e-12 3.739012368753541562e-12 -1.290733190777069985e-12 -2.347100783041584968e-12 -1.774327621706874444e-12 -5.140657746127538960e-13 -6.742959104480279660e-13 3.085482972861995496e-13 -5.677794123195061956e-13 -9.898168103177552662e-13 -8.887432367540832774e-13 1.128558357910315699e-13 -5.046645783457112246e-13 -3.296812084696017523e-13 -1.057957339211796908e-12 -1.046877200832266357e-12 -6.651830228514557409e-13 -6.570729331939271702e-13 -2.090992541884757412e-13 7.165818029133558569e-13 2.928881836319446241e-12
