2.716781076866666778e-09 1.337113320848891933e-10 -1.195962035749943544e-10 -1.079172634105073822e-10 -2.753359227802079020e-11 3.640066408177528902e-11 6.824124652595406546e-11 -7.220870871411735868e-11 1.866916715627693091e-12 -6.382512249534150418e-12 -7.024460082959825529e-12 -2.928937144977959560e-11 1.326749719407199657e-11 -4.249483823338591554e-12 1.224505686199111160e-11 1.327655293994277834e-11 3.447255065656601565e-12 1.803509640489119177e-12 -5.505824252282711216e-12 2.223899110017112518e-12 2.607791072344342654e-12 -2.442404392296953135e-12 9.905565354933341029e-12 9.576848202971850422e-12 2.941722958885684199e-12 1.072524526424078813e-11
1.337113320848891933e-10 1.907762276262100534e-09 5.742821391780650575e-11 1.019064991363400075e-10 3.569382188037399063e-11 7.551881454312869183e-11 1.172858482568903197e-10 -2.604918470516980226e-11 1.599060101296147663e-11 -1.134006401380846962e-11 -2.123719687715128092e-11 1.993346597114251428e-12 3.751073746261223839e-12 -3.210560818428036377e-12 1.786300941828688478e-11 1.713102875636130734e-11 9.811841197796338552e-12 -4.573962192234277845e-12 -1.899124461835047359e-11 -1.805527055681296526e-11 -1.082222442346494346e-11 4.142768908117238359e-12 -4.271472237435235204e-13 1.232399876020453188e-11 4.200721303258208938e-12 -1.194253164430457688e-12
-1.195962035749943544e-10 5.742821391780650575e-11 1.355348131524268071e-09 1.572584073408106129e-10 -6.956022805008427431e-13 5.513478101257739272e-11 2.557139434713410901e-12 1.691287395664027261e-11 -4.019719030615840900e-11 1.418135444468962294e-11 -6.944149674266629530e-12 6.491604023997933117e-12 1.830621468454675891e-11 1.399058965487760403e-11 1.354353473153367999e-11 -1.216871780214863538e-11 1.463757156782904233e-12 3.934340278840340416e-12 -1.516852183451234634e-12 3.473849182987607500e-12 -5.867867609821125051e-12 1.752747747925855208e-12 -6.160143003959204438e-12 -8.049378083328798666e-12 -3.284133856415079549e-12 -1.492502704804042143e-12
-1.079172634105073822e-10 1.019064991363400075e-10 1.572584073408106129e-10 8.802017292443979870e-10 1.012190009006974446e-10 -5.139318898365490027e-11 4.661918040891354470e-11 3.229465828992715336e-11 -8.698876763101191009e-13 -1.816716186530251354e-11 1.826182897743238292e-11 2.391697753348218053e-11 1.884863854252301985e-12 3.039361208049481921e-12 4.430569957189451344e-12 -1.530783863266615032e-11 -1.674610314394817388e-12 -7.254876450471587311e-12 -8.375969659200989359e-12 -3.876890121422116012e-12 -7.098394731371585567e-12 -4.538654952930812671e-12 -4.102019563438394878e-12 -6.098013936413477096e-13 -2.429208796048214114e-12 -4.002312184395052149e-12
-2.753359227802079020e-11 3.569382188037399063e-11 -6.956022805008427431e-13 1.012190009006974446e-10 5.138728252917964146e-10 2.855172675661551680e-11 2.515492758258681691e-11 3.321348663843376186e-11 9.185432665392772469e-12 2.448309618838552752e-11 -1.718495996157408994e-11 8.347705255761898480e-12 -2.021237015248034016e-11 -2.088460010102695699e-11 -1.297191927186748026e-12 -7.881769139818231985e-13 -1.461030382878487702e-12 -6.353997740923850495e-12 3.394452068094877522e-12 -3.830733873458093324e-12 -3.804546349517946658e-12 1.279731085283348276e-12 1.547286703596746777e-12 -8.859983773589296109e-13 -2.566053941211962303e-12 -3.760528647826496668e-13
3.640066408177528902e-11 7.551881454312869183e-11 5.513478101257739272e-11 -5.139318898365490027e-11 2.855172675661551680e-11 3.549142616578283744e-10 6.605150113190107138e-11 1.142768968273282966e-11 1.613222445867761560e-11 -8.173233029957623021e-13 5.765172441858053113e-12 8.705455448606296133e-12 4.936292126435593538e-12 7.046935836881080566e-12 -6.511352366054009238e-12 -4.710769338005492325e-12 -3.373530221060247687e-13 1.602630844522010221e-12 2.325838768626868440e-12 5.703319224208720494e-12 4.765132010426070658e-12 2.620359690976545780e-12 -1.536932336816314152e-12 1.684708234932620796e-12 2.637088135811637996e-13 1.512033490394038153e-12
6.824124652595406546e-11 1.172858482568903197e-10 2.557139434713410901e-12 4.661918040891354470e-11 2.515492758258681691e-11 6.605150113190107138e-11 2.801080453346292526e-10 5.738923100877063843e-11 1.485843228514879993e-11 -8.167345883481455588e-12 1.121232801827625413e-11 1.732818715165373950e-11 4.458173330124991837e-12 2.529410902467975690e-12 -1.794480987318185871e-12 5.850734381169314303e-12 1.751540299895896208e-12 -1.880241157758206867e-12 -2.239933267621260959e-12 -1.750473253343043145e-12 2.309562084407952522e-12 5.909216648533135156e-13 1.215881740479501046e-15 1.779998609252501330e-13 8.507894045120950611e-13 7.974065081794426366e-13
-7.220870871411735868e-11 -2.604918470516980226e-11 1.691287395664027261e-11 3.229465828992715336e-11 3.321348663843376186e-11 1.142768968273282966e-11 5.738923100877063843e-11 2.187444079030465972e-10 3.071924025028412121e-11 1.025125392273017218e-11 1.398059152980619641e-12 1.618733409249560765e-11 -2.079443162989386466e-12 3.918047877931378080e-12 4.436011454425670961e-12 -4.832925209138137809e-12 2.086556055263864538e-13 -3.147143480285290258e-13 -1.047030556694930223e-12 4.466887892328767351e-13 7.705424879114026079e-12 2.116857457793409844e-12 1.082894300834868688e-12 1.671231965031377107e-12 -2.213258493134282720e-12 -4.576606939912694474e-13
1.866916715627693091e-12 1.599060101296147663e-11 -4.019719030615840900e-11 -8.698876763101191009e-13 9.185432665392772469e-12 1.613222445867761560e-11 1.485843228514879993e-11 3.071924025028412121e-11 1.435828608817073310e-10 1.988243099261645449e-11 1.133285087275882504e-11 7.402298279947941874e-12 -6.580927380824929547e-12 -8.221603839513838066e-12 -8.787056010591735819e-14 -5.081485772847491035e-12 -1.882132579614236863e-12 -4.198576691723060126e-12 -6.213322221289197995e-12 -1.972187755263244229e-12 2.834577563674135655e-12 1.655140939194794817e-12 1.212805375287290485e-12 2.478476755598476626e-12 6.923670002973685950e-13 -1.536861077094379499e-12
-6.382512249534150418e-12 -1.134006401380846962e-11 1.418135444468962294e-11 -1.816716186530251354e-11 2.448309618838552752e-11 -8.173233029957623021e-13 -8.167345883481455588e-12 1.025125392273017218e-11 1.988243099261645449e-11 8.858355528503610880e-11 2.159811836722438141e-11 1.018034302961897891e-11 4.659126552122245546e-12 2.715334221038674777e-12 5.016761879653200324e-12 3.722205697762524599e-12 -7.419999006954793748e-13 -5.824001280072568130e-13 -9.024992286452025986e-14 -2.008459382865489343e-12 -2.071021386829523047e-12 -2.684930533403449429e-14 9.555291864777340141e-13 -6.356388561222015564e-13 -1.730151131465270019e-12 -8.929080493808826393e-13
-7.024460082959825529e-12 -2.123719687715128092e-11 -6.944149674266629530e-12 1.826182897743238292e-11 -1.718495996157408994e-11 5.765172441858053113e-12 1.121232801827625413e-11 1.398059152980619641e-12 1.133285087275882504e-11 2.159811836722438141e-11 6.450632128925820477e-11 2.304604248928267039e-11 1.212482177836500935e-11 8.087993075294772264e-12 -6.046953243877592864e-13 -1.165187954899652730e-12 -5.840627374216540228e-13 -1.900512525014107499e-12 -4.808175110097652044e-12 -2.743127515280261499e-12 -8.938591566883478741e-13 -9.989894926446248532e-13 2.125345924031982545e-13 2.601503791146858312e-13 -3.463849683331496155e-13 -6.900606878016570609e-13
-2.928937144977959560e-11 1.993346597114251428e-12 6.491604023997933117e-12 2.391697753348218053e-11 8.347705255761898480e-12 8.705455448606296133e-12 1.732818715165373950e-11 1.618733409249560765e-11 7.402298279947941874e-12 1.018034302961897891e-11 2.304604248928267039e-11 6.107474487432292875e-11 2.554607142576785427e-11 1.439996085968059654e-11 1.110253795803492278e-11 5.929768818404065647e-12 2.760862161912039423e-12 1.800510654362116302e-12 -1.224515669489414286e-12 -2.938783178947093373e-12 -3.538202340633346171e-12 -2.502573269309102177e-12 -1.242337272193628191e-12 6.708580435375106218e-13 -6.719237463478719558e-13 -1.504454994894166857e-12
1.326749719407199657e-11 3.751073746261223839e-12 1.830621468454675891e-11 1.884863854252301985e-12 -2.021237015248034016e-11 4.936292126435593538e-12 4.458173330124991837e-12 -2.079443162989386466e-12 -6.580927380824929547e-12 4.659126552122245546e-12 1.212482177836500935e-11 2.554607142576785427e-11 4.987180277048711825e-11 2.116556385574709856e-11 1.199135383655129531e-11 7.317226809249125354e-12 4.772073673231777830e-12 5.650412861737466288e-12 3.332061881914601975e-12 -1.460815791435179106e-12 -1.689314519642295016e-12 -4.150820096855064092e-12 -3.389921537921596185e-13 1.076441088209632338e-12 -9.723193318334717002e-14 -1.788547079032767833e-12
-4.249483823338591554e-12 -3.210560818428036377e-12 1.399058965487760403e-11 3.039361208049481921e-12 -2.088460010102695699e-11 7.046935836881080566e-12 2.529410902467975690e-12 3.918047877931378080e-12 -8.221603839513838066e-12 2.715334221038674777e-12 8.087993075294772264e-12 1.439996085968059654e-11 2.116556385574709856e-11 3.976197006264091443e-11 1.642354608526417967e-11 8.131153422750341465e-12 6.463328840870188090e-12 6.461465345028690233e-12 7.084762830585615452e-13 2.783222845097098014e-13 -2.079465962784384852e-12 -2.917636319112398985e-12 -3.346377198213016564e-13 -7.695046323220672213e-13 -1.159662686490277898e-12 -7.482953762894927941e-13
1.224505686199111160e-11 1.786300941828688478e-11 1.354353473153367999e-11 4.430569957189451344e-12 -1.297191927186748026e-12 -6.511352366054009238e-12 -1.794480987318185871e-12 4.436011454425670961e-12 -8.787056010591735819e-14 5.016761879653200324e-12 -6.046953243877592864e-13 1.110253795803492278e-11 1.199135383655129531e-11 1.642354608526417967e-11 3.494369360799939609e-11 1.587338621183319581e-11 6.520608540172005005e-12 4.695912463011424748e-12 2.244402170345522197e-12 3.706868724076982766e-13 -6.103251083399921665e-13 -1.049361420610016412e-14 -9.241946533760219349e-13 -1.216571610542281248e-12 -1.912466948981793662e-12 2.767877865986353331e-15
1.327655293994277834e-11 1.713102875636130734e-11 -1.216871780214863538e-11 -1.530783863266615032e-11 -7.881769139818231985e-13 -4.710769338005492325e-12 5.850734381169314303e-12 -4.832925209138137809e-12 -5.081485772847491035e-12 3.722205697762524599e-12 -1.165187954899652730e-12 5.929768818404065647e-12 7.317226809249125354e-12 8.131153422750341465e-12 1.587338621183319581e-11 2.691413109972168036e-11 1.261984479861572134e-11 5.752991375395997463e-12 5.074299722358640789e-12 4.824601293775528094e-13 -1.967494043389386252e-12 6.609533369325707947e-13 3.215113535626326499e-14 -4.419595385800398935e-13 -5.808316524936299668e-13 9.719228143060868395e-13
3.447255065656601565e-12 9.811841197796338552e-12 1.463757156782904233e-12 -1.674610314394817388e-12 -1.461030382878487702e-12 -3.373530221060247687e-13 1.751540299895896208e-12 2.086556055263864538e-13 -1.882132579614236863e-12 -7.419999006954793748e-13 -5.840627374216540228e-13 2.760862161912039423e-12 4.772073673231777830e-12 6.463328840870188090e-12 6.520608540172005005e-12 1.261984479861572134e-11 2.363758840839238622e-11 1.283678663378112637e-11 4.950627611194825028e-12 2.551201665359348933e-12 6.645539531891554605e-13 6.767531178869661790e-13 1.049637057735170151e-12 1.062317916818463467e-12 1.178441613478602624e-12 6.329553790737028742e-13
1.803509640489119177e-12 -4.573962192234277845e-12 3.934340278840340416e-12 -7.254876450471587311e-12 -6.353997740923850495e-12 1.602630844522010221e-12 -1.880241157758206867e-12 -3.147143480285290258e-13 -4.198576691723060126e-12 -5.824001280072568130e-13 -1.900512525014107499e-12 1.800510654362116302e-12 5.650412861737466288e-12 6.461465345028690233e-12 4.695912463011424748e-12 5.752991375395997463e-12 1.283678663378112637e-11 2.419340197410966226e-11 1.005305711437040110e-11 2.766490185273792789e-12 -2.353129914205898698e-13 9.979024539733002960e-13 1.485049673484949271e-12 1.969668012661030104e-12 5.563666897937466833e-13 3.224530962396362048e-13
-5.505824252282711216e-12 -1.899124461835047359e-11 -1.516852183451234634e-12 -8.375969659200989359e-12 3.394452068094877522e-12 2.325838768626868440e-12 -2.239933267621260959e-12 -1.047030556694930223e-12 -6.213322221289197995e-12 -9.024992286452025986e-14 -4.808175110097652044e-12 -1.224515669489414286e-12 3.332061881914601975e-12 7.084762830585615452e-13 2.244402170345522197e-12 5.074299722358640789e-12 4.950627611194825028e-12 1.005305711437040110e-11 2.079226219921969783e-11 8.724075279107959282e-12 2.630047515971939427e-12 2.013537231112210348e-12 4.835677492504881755e-13 1.258006923585064554e-14 -1.860727979643561062e-13 3.824792193553675222e-13
2.223899110017112518e-12 -1.805527055681296526e-11 3.473849182987607500e-12 -3.876890121422116012e-12 -3.830733873458093324e-12 5.703319224208720494e-12 -1.750473253343043145e-12 4.466887892328767351e-13 -1.972187755263244229e-12 -2.008459382865489343e-12 -2.743127515280261499e-12 -2.938783178947093373e-12 -1.460815791435179106e-12 2.783222845097098014e-13 3.706868724076982766e-13 4.824601293775528094e-13 2.551201665359348933e-12 2.766490185273792789e-12 8.724075279107959282e-12 1.723834772612862519e-11 7.651033355759935961e-12 2.043145626449611942e-12 -1.183869653949299955e-13 -5.023022266098791256e-13 -5.063221300955019650e-13 6.426122409146718511e-13
2.607791072344342654e-12 -1.082222442346494346e-11 -5.867867609821125051e-12 -7.098394731371585567e-12 -3.804546349517946658e-12 4.765132010426070658e-12 2.309562084407952522e-12 7.705424879114026079e-12 2.834577563674135655e-12 -2.071021386829523047e-12 -8.938591566883478741e-13 -3.538202340633346171e-12 -1.689314519642295016e-12 -2.079465962784384852e-12 -6.103251083399921665e-13 -1.967494043389386252e-12 6.645539531891554605e-13 -2.353129914205898698e-13 2.630047515971939427e-12 7.651033355759935961e-12 1.529527777477467422e-11 5.031914042442997506e-12 1.943249263583059527e-12 6.901026789006724523e-13 -2.201491198745065258e-13 6.231900655100077137e-14
-2.442404392296953135e-12 4.142768908117238359e-12 1.752747747925855208e-12 -4.538654952930812671e-12 1.279731085283348276e-12 2.620359690976545780e-12 5.909216648533135156e-13 2.116857457793409844e-12 1.655140939194794817e-12 -2.684930533403449429e-14 -9.989894926446248532e-13 -2.502573269309102177e-12 -4.150820096855064092e-12 -2.917636319112398985e-12 -1.049361420610016412e-14 6.609533369325707947e-13 6.767531178869661790e-13 9.979024539733002960e-13 2.013537231112210348e-12 2.043145626449611942e-12 5.031914042442997506e-12 8.944312663626233672e-12 2.859577597203004724e-12 6.785441336948814433e-15 -2.774252304568167772e-13 7.907789387894416743e-13
9.905565354933341029e-12 -4.271472237435235204e-13 -6.160143003959204438e-12 -4.102019563438394878e-12 1.547286703596746777e-12 -1.536932336816314152e-12 1.215881740479501046e-15 1.082894300834868688e-12 1.212805375287290485e-12 9.555291864777340141e-13 2.125345924031982545e-13 -1.242337272193628191e-12 -3.389921537921596185e-13 -3.346377198213016564e-13 -9.241946533760219349e-13 3.215113535626326499e-14 1.049637057735170151e-12 1.485049673484949271e-12 4.835677492504881755e-13 -1.183869653949299955e-13 1.943249263583059527e-12 2.859577597203004724e-12 7.042068293626579772e-12 2.552388952013111226e-12 9.636377532567133028e-13 2.658161163884212660e-13
9.576848202971850422e-12 1.232399876020453188e-11 -8.049378083328798666e-12 -6.098013936413477096e-13 -8.859983773589296109e-13 1.684708234932620796e-12 1.779998609252501330e-13 1.671231965031377107e-12 2.478476755598476626e-12 -6.356388561222015564e-13 2.601503791146858312e-13 6.708580435375106218e-13 1.076441088209632338e-12 -7.695046323220672213e-13 -1.216571610542281248e-12 -4.419595385800398935e-13 1.062317916818463467e-12 1.969668012661030104e-12 1.258006923585064554e-14 -5.023022266098791256e-13 6.901026789006724523e-13 6.785441336948814433e-15 2.552388952013111226e-12 6.108462911908660041e-12 1.470170667279100576e-12 5.589306932544690804e-15
2.941722958885684199e-12 4.200721303258208938e-12 -3.284133856415079549e-12 -2.429208796048214114e-12 -2.566053941211962303e-12 2.637088135811637996e-13 8.507894045120950611e-13 -2.213258493134282720e-12 6.923670002973685950e-13 -1.730151131465270019e-12 -3.463849683331496155e-13 -6.719237463478719558e-13 -9.723193318334717002e-14 -1.159662686490277898e-12 -1.912466948981793662e-12 -5.808316524936299668e-13 1.178441613478602624e-12 5.563666897937466833e-13 -1.860727979643561062e-13 -5.063221300955019650e-13 -2.201491198745065258e-13 -2.774252304568167772e-13 9.636377532567133028e-13 1.470170667279100576e-12 4.064583136441656159e-12 8.868876483371980661e-13
1.072524526424078813e-11 -1.194253164430457688e-12 -1.492502704804042143e-12 -4.002312184395052149e-12 -3.760528647826496668e-13 1.512033490394038153e-12 7.974065081794426366e-13 -4.576606939912694474e-13 -1.536861077094379499e-12 -8.929080493808826393e-13 -6.900606878016570609e-13 -1.504454994894166857e-12 -1.788547079032767833e-12 -7.482953762894927941e-13 2.767877865986353331e-15 9.719228143060868395e-13 6.329553790737028742e-13 3.224530962396362048e-13 3.824792193553675222e-13 6.426122409146718511e-13 6.231900655100077137e-14 7.907789387894416743e-13 2.658161163884212660e-13 5.589306932544690804e-15 8.868876483371980661e-13 3.341589824021503902e-12
