2.854545449299078198e-09 5.165063658928916438e-11 -1.851995114420979226e-10 1.237296130562771377e-11 -1.291714684201015869e-10 5.269084313292485784e-11 -4.600412483161384055e-11 -3.677585827540178580e-11 4.795180977930474656e-11 4.501004797117778669e-11 -4.393258821815776644e-12 -1.918109946783796736e-11 1.203074045109992277e-11 2.034348502837448547e-11 1.876454703533954637e-11 1.133666443862446684e-11 -4.679169258839678252e-12 1.377830767282497821e-11 7.714849800693563352e-12 3.342283849412269164e-12 4.749294496697532522e-13 -1.682069685230383352e-12 4.248081610902657218e-12 3.271347633930378443e-12 2.007756788815136478e-12 1.996539012621884870e-12
5.165063658928916438e-11 2.102585280344724563e-09 2.270859632034092932e-11 1.025511352801758445e-10 -3.818091599439511117e-11 3.516082422918864030e-11 -2.748301426123896929e-11 3.666022002212937902e-11 -8.062713377860988944e-13 -9.168307109283910961e-12 -5.648575864480284305e-12 1.920902234826061064e-11 -4.580585349499426195e-12 2.800241826419101562e-11 7.977221337840570792e-12 1.771394847331473420e-11 -4.509772323965278850e-12 5.905401004349721811e-13 -1.120136812773108026e-11 -4.599126801420852928e-12 -1.336724581589302785e-11 6.224259028490304164e-12 1.701124995201101239e-11 4.408345427852112771e-12 1.039011108234466859e-11 1.169465098452731222e-11
-1.851995114420979226e-10 2.270859632034092932e-11 1.482335411772532967e-09 4.399393718709971066e-11 1.235204711573951232e-10 8.268364166784398482e-11 1.594554780809432983e-11 1.281423857584313991e-11 5.242993222868027740e-11 1.258455584479842161e-11 4.003573733727498434e-11 2.145096245280982501e-11 6.009474350829201638e-12 3.067743358165676922e-12 -5.052522361436594410e-12 -8.556483109733324085e-12 -4.145475799277401817e-12 1.819132909873722365e-11 -2.958493717461343659e-12 -2.569170084783453341e-12 6.882628419172806648e-12 5.198482324742395447e-12 2.892331865294547628e-12 6.434340491205741785e-12 7.992346497201499724e-12 6.233188724093290991e-12
1.237296130562771377e-11 1.025511352801758445e-10 4.399393718709971066e-11 9.383271384458232547e-10 -1.595676060026198674e-11 -1.132303858961992596e-11 -7.625020162914085736e-12 1.727560781325631095e-11 6.945335951809168454e-12 1.558612638341023153e-11 1.357672986441166001e-11 4.265385014913565718e-13 -1.140425034889377700e-11 9.692067984718126541e-12 3.839877928439408511e-12 3.905907181801076017e-12 1.042074958580934114e-11 -6.302103611325616829e-12 -1.140912527270163098e-11 -9.527055390477317225e-12 -1.804822393731819905e-11 -2.013512047709654763e-12 -2.764618681019511690e-12 2.521726046763620453e-12 -5.896539250452098842e-12 3.130840773020161843e-12
-1.291714684201015869e-10 -3.818091599439511117e-11 1.235204711573951232e-10 -1.595676060026198674e-11 5.459002303027768877e-10 3.678466770794846665e-11 -5.725255452624229262e-12 1.222486931289222760e-11 5.762802660734474226e-12 -2.129290239944668084e-11 -1.124130368399498521e-11 -1.833497258325850828e-11 -2.850574182283248176e-12 7.139980109124444648e-13 -7.278658197105005764e-12 -7.499264129737782834e-12 -1.512522038163129519e-12 2.058609538047306330e-13 -1.453385372313855569e-11 -7.039240912092769376e-12 1.986817755611235144e-12 6.111531164291083695e-12 2.218306562803081825e-12 -3.286041816890019407e-12 -1.129514112261790413e-12 -9.012362329961971808e-14
5.269084313292485784e-11 3.516082422918864030e-11 8.268364166784398482e-11 -1.132303858961992596e-11 3.678466770794846665e-11 3.597148203927658355e-10 1.769058046496948733e-11 2.617537788085037895e-11 -1.943724998514084110e-12 5.942877975429652332e-12 -1.123231549790226368e-11 4.256931009844325633e-12 5.407591401781608285e-13 4.182896259062258116e-12 4.976024355641568195e-12 -2.499402305834111977e-13 -1.051585707157224423e-11 -2.349534592283400305e-13 -5.537218571777068147e-12 -3.721950430527998911e-12 -7.695988952198630323e-13 -8.862845233742893173e-13 6.819356269457080088e-12 1.921911085616630165e-12 -1.012815905086106572e-12 -3.035644141524765353e-12
-4.600412483161384055e-11 -2.748301426123896929e-11 1.594554780809432983e-11 -7.625020162914085736e-12 -5.725255452624229262e-12 1.769058046496948733e-11 2.625209676697658004e-10 8.408717761781006433e-12 3.225465111078684062e-11 1.475177133586256954e-11 8.018541514265626252e-12 1.946831903927290760e-12 -1.056563939686138742e-12 3.080235763439821152e-12 1.936945469966361973e-12 -2.761534058035658342e-12 -5.787591719358941814e-12 -6.449003293312504021e-12 -7.632045257783112084e-12 -1.551081904658662890e-11 -1.272129164639287210e-11 6.365473968418232978e-14 1.831219199367926867e-12 1.967271849114425015e-12 -2.756846750551880984e-12 -1.413516871051529917e-12
-3.677585827540178580e-11 3.666022002212937902e-11 1.281423857584313991e-11 1.727560781325631095e-11 1.222486931289222760e-11 2.617537788085037895e-11 8.408717761781006433e-12 2.029112026167104861e-10 2.878531776203449714e-11 2.371552300296942050e-11 5.418487431985818755e-13 -4.084236371021661314e-13 -2.858112910822070480e-12 3.306348259715536533e-12 3.682488010039628066e-12 2.506495341774054349e-12 1.959300719789520211e-12 1.112964935197593210e-12 4.183462134487752178e-13 -2.791637476541436293e-12 -8.333458301848186186e-12 -3.611677520929016075e-12 1.387829008027830439e-12 5.380332463167238308e-14 -2.089767827765324006e-12 -2.397525043588954185e-12
4.795180977930474656e-11 -8.062713377860988944e-13 5.242993222868027740e-11 6.945335951809168454e-12 5.762802660734474226e-12 -1.943724998514084110e-12 3.225465111078684062e-11 2.878531776203449714e-11 1.313088984442523217e-10 2.890963971901138183e-11 1.524091808333582351e-11 -5.442634936319376407e-12 -6.971668444868602471e-13 -3.840301749535749228e-12 6.387126534033015733e-13 2.128883643058676932e-12 -1.435601993854681566e-12 -3.301333273191802065e-12 1.107577677041547671e-12 -3.309408235060616428e-12 -1.365895482153252636e-12 2.543672363648073331e-12 -1.696598774931037007e-12 -4.123696741000563348e-12 -2.572216094851414903e-12 -2.507499810030152450e-12
4.501004797117778669e-11 -9.168307109283910961e-12 1.258455584479842161e-11 1.558612638341023153e-11 -2.129290239944668084e-11 5.942877975429652332e-12 1.475177133586256954e-11 2.371552300296942050e-11 2.890963971901138183e-11 9.730566755363817249e-11 2.306283437813477975e-11 8.128240187236086788e-12 2.428194789844999192e-12 -6.968143875539990661e-12 -2.276834051053581338e-12 2.312202680812280411e-12 1.550224338759668151e-12 1.535844258066617347e-12 1.098562728389818739e-12 1.826734670163185470e-12 -1.475034818328906484e-12 -1.585553228359536086e-13 -2.588044292202348912e-13 -1.079737806608898590e-12 -3.633421834852736416e-12 -2.476245408865425189e-12
-4.393258821815776644e-12 -5.648575864480284305e-12 4.003573733727498434e-11 1.357672986441166001e-11 -1.124130368399498521e-11 -1.123231549790226368e-11 8.018541514265626252e-12 5.418487431985818755e-13 1.524091808333582351e-11 2.306283437813477975e-11 7.885129246663009700e-11 1.437894332224501804e-11 6.538275682199882452e-12 -4.756640009707451401e-12 -1.365681989451257500e-12 -7.873571985027734944e-13 -2.683377143108472957e-12 -2.308173519358132504e-12 -2.241369127737284101e-12 -1.706136185202327991e-12 -2.208454398600764683e-12 5.191088026705711973e-13 -2.401998436721527290e-12 -1.066190113543194092e-12 -1.457637834476843683e-12 -2.509853305826403902e-12
-1.918109946783796736e-11 1.920902234826061064e-11 2.145096245280982501e-11 4.265385014913565718e-13 -1.833497258325850828e-11 4.256931009844325633e-12 1.946831903927290760e-12 -4.084236371021661314e-13 -5.442634936319376407e-12 8.128240187236086788e-12 1.437894332224501804e-11 5.422496080045924242e-11 1.234469899705819629e-11 4.013122682826268895e-12 4.698326893994549262e-12 4.057986866713604691e-12 -1.642653520572547163e-12 -1.301802003757489450e-12 4.273478425966883948e-13 4.510269582204118290e-13 -9.860874676507628391e-13 -7.217789200301316318e-13 3.077942212730185396e-12 2.220704325988716800e-12 3.073121725590177132e-12 2.461916698127180081e-13
1.203074045109992277e-11 -4.580585349499426195e-12 6.009474350829201638e-12 -1.140425034889377700e-11 -2.850574182283248176e-12 5.407591401781608285e-13 -1.056563939686138742e-12 -2.858112910822070480e-12 -6.971668444868602471e-13 2.428194789844999192e-12 6.538275682199882452e-12 1.234469899705819629e-11 4.135011255911363047e-11 1.001948924933637711e-11 7.246958097981396743e-12 3.493256028693521508e-12 1.011894511820307168e-12 -1.256990747120918015e-12 -6.661612866523547421e-13 8.160979362100118822e-13 2.024564360345445024e-12 9.285022339765484613e-13 1.740862827495921503e-12 2.340982642384555533e-13 2.257360887307964541e-12 5.230972467996906059e-13
2.034348502837448547e-11 2.800241826419101562e-11 3.067743358165676922e-12 9.692067984718126541e-12 7.139980109124444648e-13 4.182896259062258116e-12 3.080235763439821152e-12 3.306348259715536533e-12 -3.840301749535749228e-12 -6.968143875539990661e-12 -4.756640009707451401e-12 4.013122682826268895e-12 1.001948924933637711e-11 3.264049914040241280e-11 1.443605806545972925e-11 5.309322862390467510e-12 3.829372193832557435e-12 -1.277895133301010337e-12 -1.488989498690880874e-12 -2.111227483034624846e-12 -2.329151079705616582e-13 1.237297678087348299e-12 2.140034167860171264e-12 2.152051972868384069e-12 2.380218583363558262e-12 9.099822447643490161e-13
1.876454703533954637e-11 7.977221337840570792e-12 -5.052522361436594410e-12 3.839877928439408511e-12 -7.278658197105005764e-12 4.976024355641568195e-12 1.936945469966361973e-12 3.682488010039628066e-12 6.387126534033015733e-13 -2.276834051053581338e-12 -1.365681989451257500e-12 4.698326893994549262e-12 7.246958097981396743e-12 1.443605806545972925e-11 3.065691651884066797e-11 1.095565906347846707e-11 7.449461559186669632e-12 2.994001549676435512e-12 1.672550818228132484e-12 9.020235276838953811e-14 -9.356607898932836492e-13 4.494532692631578681e-13 2.311992645466505630e-13 9.572134183128106833e-13 2.558456596280287169e-12 5.096920993623582754e-13
1.133666443862446684e-11 1.771394847331473420e-11 -8.556483109733324085e-12 3.905907181801076017e-12 -7.499264129737782834e-12 -2.499402305834111977e-13 -2.761534058035658342e-12 2.506495341774054349e-12 2.128883643058676932e-12 2.312202680812280411e-12 -7.873571985027734944e-13 4.057986866713604691e-12 3.493256028693521508e-12 5.309322862390467510e-12 1.095565906347846707e-11 2.194125111684853399e-11 1.156330645148394980e-11 5.759875467534703557e-12 1.171508424872401557e-12 2.286090018975162578e-12 1.372313347717408985e-12 4.783191888921896631e-13 4.229236145440314962e-13 1.430140849531317252e-12 2.225323445386251122e-12 5.590248460570565533e-13
-4.679169258839678252e-12 -4.509772323965278850e-12 -4.145475799277401817e-12 1.042074958580934114e-11 -1.512522038163129519e-12 -1.051585707157224423e-11 -5.787591719358941814e-12 1.959300719789520211e-12 -1.435601993854681566e-12 1.550224338759668151e-12 -2.683377143108472957e-12 -1.642653520572547163e-12 1.011894511820307168e-12 3.829372193832557435e-12 7.449461559186669632e-12 1.156330645148394980e-11 2.278639018470928195e-11 1.164445955071670069e-11 4.339321956721913659e-12 1.798244603996997960e-12 1.727620904662144603e-12 2.214970638596381622e-12 -3.226096904355632186e-13 8.425283914781667752e-16 1.733016389110400045e-12 1.074917723231844418e-12
1.377830767282497821e-11 5.905401004349721811e-13 1.819132909873722365e-11 -6.302103611325616829e-12 2.058609538047306330e-13 -2.349534592283400305e-13 -6.449003293312504021e-12 1.112964935197593210e-12 -3.301333273191802065e-12 1.535844258066617347e-12 -2.308173519358132504e-12 -1.301802003757489450e-12 -1.256990747120918015e-12 -1.277895133301010337e-12 2.994001549676435512e-12 5.759875467534703557e-12 1.164445955071670069e-11 2.087685978564570526e-11 1.010508637944021105e-11 4.008499267384079155e-12 3.043411376120494738e-12 1.623073244432253686e-12 3.707268684495429866e-13 2.599526315936476238e-13 5.361769412227435049e-13 3.828955605554528475e-13
7.714849800693563352e-12 -1.120136812773108026e-11 -2.958493717461343659e-12 -1.140912527270163098e-11 -1.453385372313855569e-11 -5.537218571777068147e-12 -7.632045257783112084e-12 4.183462134487752178e-13 1.107577677041547671e-12 1.098562728389818739e-12 -2.241369127737284101e-12 4.273478425966883948e-13 -6.661612866523547421e-13 -1.488989498690880874e-12 1.672550818228132484e-12 1.171508424872401557e-12 4.339321956721913659e-12 1.010508637944021105e-11 1.874441210377857931e-11 6.930653528620867388e-12 2.762485818566348218e-12 1.299334127829870134e-12 -5.693664855945796829e-13 -1.358215812029441313e-13 3.226692546885886041e-13 4.552760004762144702e-13
3.342283849412269164e-12 -4.599126801420852928e-12 -2.569170084783453341e-12 -9.527055390477317225e-12 -7.039240912092769376e-12 -3.721950430527998911e-12 -1.551081904658662890e-11 -2.791637476541436293e-12 -3.309408235060616428e-12 1.826734670163185470e-12 -1.706136185202327991e-12 4.510269582204118290e-13 8.160979362100118822e-13 -2.111227483034624846e-12 9.020235276838953811e-14 2.286090018975162578e-12 1.798244603996997960e-12 4.008499267384079155e-12 6.930653528620867388e-12 1.688040597463833150e-11 8.961536412929731789e-12 3.644657403860819521e-12 4.552132001617292239e-13 8.272122249083015343e-13 -2.765485493428737052e-13 -8.332231949884740424e-13
4.749294496697532522e-13 -1.336724581589302785e-11 6.882628419172806648e-12 -1.804822393731819905e-11 1.986817755611235144e-12 -7.695988952198630323e-13 -1.272129164639287210e-11 -8.333458301848186186e-12 -1.365895482153252636e-12 -1.475034818328906484e-12 -2.208454398600764683e-12 -9.860874676507628391e-13 2.024564360345445024e-12 -2.329151079705616582e-13 -9.356607898932836492e-13 1.372313347717408985e-12 1.727620904662144603e-12 3.043411376120494738e-12 2.762485818566348218e-12 8.961536412929731789e-12 1.769500591497443468e-11 6.833285024772621674e-12 1.793235091475478019e-12 -7.817891482654104929e-14 -5.380106148041739951e-13 -9.357949378341189863e-13
-1.682069685230383352e-12 6.224259028490304164e-12 5.198482324742395447e-12 -2.013512047709654763e-12 6.111531164291083695e-12 -8.862845233742893173e-13 6.365473968418232978e-14 -3.611677520929016075e-12 2.543672363648073331e-12 -1.585553228359536086e-13 5.191088026705711973e-13 -7.217789200301316318e-13 9.285022339765484613e-13 1.237297678087348299e-12 4.494532692631578681e-13 4.783191888921896631e-13 2.214970638596381622e-12 1.623073244432253686e-12 1.299334127829870134e-12 3.644657403860819521e-12 6.833285024772621674e-12 1.158592875891401754e-11 3.734487142796120542e-12 5.954354428871561401e-13 1.100475140600477740e-15 -1.148807615340710197e-13
4.248081610902657218e-12 1.701124995201101239e-11 2.892331865294547628e-12 -2.764618681019511690e-12 2.218306562803081825e-12 6.819356269457080088e-12 1.831219199367926867e-12 1.387829008027830439e-12 -1.696598774931037007e-12 -2.588044292202348912e-13 -2.401998436721527290e-12 3.077942212730185396e-12 1.740862827495921503e-12 2.140034167860171264e-12 2.311992645466505630e-13 4.229236145440314962e-13 -3.226096904355632186e-13 3.707268684495429866e-13 -5.693664855945796829e-13 4.552132001617292239e-13 1.793235091475478019e-12 3.734487142796120542e-12 8.717941165724296889e-12 3.074897406077362874e-12 2.574684920520445809e-13 3.808926969120787319e-13
3.271347633930378443e-12 4.408345427852112771e-12 6.434340491205741785e-12 2.521726046763620453e-12 -3.286041816890019407e-12 1.921911085616630165e-12 1.967271849114425015e-12 5.380332463167238308e-14 -4.123696741000563348e-12 -1.079737806608898590e-12 -1.066190113543194092e-12 2.220704325988716800e-12 2.340982642384555533e-13 2.152051972868384069e-12 9.572134183128106833e-13 1.430140849531317252e-12 8.425283914781667752e-16 2.599526315936476238e-13 -1.358215812029441313e-13 8.272122249083015343e-13 -7.817891482654104929e-14 5.954354428871561401e-13 3.074897406077362874e-12 6.280671760205763218e-12 1.098973836382483138e-12 9.713977772187189646e-14
2.007756788815136478e-12 1.039011108234466859e-11 7.992346497201499724e-12 -5.896539250452098842e-12 -1.129514112261790413e-12 -1.012815905086106572e-12 -2.756846750551880984e-12 -2.089767827765324006e-12 -2.572216094851414903e-12 -3.633421834852736416e-12 -1.457637834476843683e-12 3.073121725590177132e-12 2.257360887307964541e-12 2.380218583363558262e-12 2.558456596280287169e-12 2.225323445386251122e-12 1.733016389110400045e-12 5.361769412227435049e-13 3.226692546885886041e-13 -2.765485493428737052e-13 -5.380106148041739951e-13 1.100475140600477740e-15 2.574684920520445809e-13 1.098973836382483138e-12 5.579416227841294229e-12 1.773498016165754211e-12
1.996539012621884870e-12 1.169465098452731222e-11 6.233188724093290991e-12 3.130840773020161843e-12 -9.012362329961971808e-14 -3.035644141524765353e-12 -1.413516871051529917e-12 -2.397525043588954185e-12 -2.507499810030152450e-12 -2.476245408865425189e-12 -2.509853305826403902e-12 2.461916698127180081e-13 5.230972467996906059e-13 9.099822447643490161e-13 5.096920993623582754e-13 5.590248460570565533e-13 1.074917723231844418e-12 3.828955605554528475e-13 4.552760004762144702e-13 -8.332231949884740424e-13 -9.357949378341189863e-13 -1.148807615340710197e-13 3.808926969120787319e-13 9.713977772187189646e-14 1.773498016165754211e-12 4.242083958865527019e-12
