1.976808710269049348e-09 9.658667592955707273e-11 1.255349870739804183e-10 4.544927015867838716e-11 1.068181103841206854e-10 -3.727858527309578932e-11 -4.491103654472892935e-11 -3.608437790853253036e-13 1.117445328093586078e-11 3.919500757798458602e-11 -3.430424982611780905e-12 -1.569466751170010139e-12 -8.355651760687732149e-12 -1.618051753576507711e-11 -3.935130755406198073e-12 -6.381778380822772896e-12 -1.849636086153576898e-11 -3.132035786046787898e-12 -1.189905426379252495e-11 -3.772361842818031141e-12 9.243969110837371950e-12 1.181459649552149246e-12 2.501319201669913706e-12 -9.528382770740225251e-13 -3.297260638592269777e-12 -5.439062866019680251e-12
9.658667592955707273e-11 1.522644048065759191e-09 1.365375189767194050e-12 -5.078085278294560943e-11 1.180249911081057583e-11 -1.289326463537343152e-12 2.069815575723974675e-11 -1.755511476347115753e-11 -3.075182658500306514e-11 -4.532061554084510593e-13 2.224324473246219699e-11 -6.847605411818907560e-12 -1.878595107309363965e-11 -2.041358295719421196e-11 -3.061006004083462450e-11 -1.492005498677823329e-11 -1.707970432865093661e-11 -9.152949663150286642e-12 -1.626280368416205061e-11 -1.582802326616563564e-12 -5.256115576359056831e-12 -7.040471000682993056e-12 1.286530567198511586e-11 -3.148898915394021650e-12 -7.515567214392524679e-12 -3.797916364161658385e-12
1.255349870739804183e-10 1.365375189767194050e-12 9.387147763282328920e-10 2.732006325223442332e-11 2.418678189788642383e-11 -4.828305867193282327e-11 1.371693479310081785e-11 7.325244409118890884e-12 -1.130859710383303585e-11 1.422930420357673176e-11 2.395886711349169951e-11 1.134527540639033341e-11 1.674172039119207391e-11 -1.493120232341174109e-11 7.775632650112480785e-12 2.062625769391278886e-12 1.304797869029778934e-11 8.317828284704810228e-12 5.024170184592952593e-12 -8.367727503789866211e-12 -2.531185802157828906e-12 -7.587671237783338468e-12 -7.764767885677031896e-12 -1.268563687717328081e-12 -2.598934846721857066e-12 -6.059359871578049197e-12
4.544927015867838716e-11 -5.078085278294560943e-11 2.732006325223442332e-11 5.777918684380404161e-10 4.584641206049033391e-11 7.172099820279074261e-12 1.665614400380736053e-12 1.387935838240777095e-11 -1.435199530743016192e-11 1.181137596148065317e-11 -1.706074360296583662e-11 1.441717884411816293e-11 -1.129708102838629482e-11 -4.491928876736003287e-12 3.443596691981142820e-12 1.536280694694331470e-11 4.737524185816790635e-12 2.448136127025670295e-12 2.853554102330149244e-12 6.734214997495457551e-13 -1.142437947676210305e-12 8.989445594650567761e-14 -1.687310035268116284e-12 1.641264751204879168e-12 -2.732797740166293652e-13 -8.532922647914289198e-13
1.068181103841206854e-10 1.180249911081057583e-11 2.418678189788642383e-11 4.584641206049033391e-11 4.615342647202346774e-10 2.826012946492416705e-11 -7.861141924163124315e-12 2.231921524425926757e-11 1.404660732519872341e-11 2.385864330313190057e-11 1.066681190296881599e-11 1.557405697769799280e-11 6.857064214516978822e-12 1.170045870317718020e-11 1.356339988614939145e-12 -1.941192044105889914e-12 6.187468198069595376e-12 -7.114018748215510601e-12 -5.055737604255102749e-13 2.047697990763421284e-12 4.628553121191451534e-12 2.062201730919669206e-12 1.073246924967336603e-12 6.687777790384254738e-12 3.883883657988045909e-12 4.557226507687831112e-12
-3.727858527309578932e-11 -1.289326463537343152e-12 -4.828305867193282327e-11 7.172099820279074261e-12 2.826012946492416705e-11 2.649973112935203564e-10 5.002364338997885090e-11 1.158774250572902979e-11 1.674234491939394248e-11 -7.645703657779981732e-13 1.385382452120224197e-11 4.160752313736685239e-12 -7.760390867947494766e-12 7.013053615542383173e-12 2.140531159574727811e-14 -5.128968495935350032e-12 9.172388276455580263e-13 -5.100687816793939491e-12 -5.598550837207553978e-12 -2.932980107526338221e-12 -1.783881808276705088e-12 2.763548767368328243e-13 3.005999593522536926e-12 7.707771501708770605e-13 -4.514945994236271302e-12 -1.983670609925409450e-13
-4.491103654472892935e-11 2.069815575723974675e-11 1.371693479310081785e-11 1.665614400380736053e-12 -7.861141924163124315e-12 5.002364338997885090e-11 2.038446231548793369e-10 2.159245250587820108e-11 1.498285106530964530e-11 4.880254227463442361e-12 5.433070990994023182e-12 7.738892778589860806e-12 1.245486535056069957e-11 9.005440549694727905e-12 3.183019695192460339e-12 3.154713254460412169e-13 2.761766641325750250e-12 -5.814967879414543977e-13 -5.496251843988561822e-12 -1.061231554781615677e-12 -1.267093700939700320e-12 -6.633825670628192483e-13 -1.673438407992391615e-12 1.421345123215383688e-12 4.509818098500605667e-13 6.004846185946518283e-13
-3.608437790853253036e-13 -1.755511476347115753e-11 7.325244409118890884e-12 1.387935838240777095e-11 2.231921524425926757e-11 1.158774250572902979e-11 2.159245250587820108e-11 1.287551584642088093e-10 1.853567865715289537e-11 1.776768069082479236e-11 3.397158809887299303e-12 4.999106609889741664e-12 5.441368459975160213e-12 7.173944471274083861e-12 6.068517940404583426e-12 -1.431867572912958035e-13 4.761419414804381183e-12 2.651047805170901132e-12 -1.188265857587970675e-12 -3.090493212533501146e-12 -3.359353021781995946e-12 2.965820561565361739e-13 -1.637909973461229209e-12 5.845039994022434337e-13 -2.519105207906153230e-13 -9.383866873231696557e-13
1.117445328093586078e-11 -3.075182658500306514e-11 -1.130859710383303585e-11 -1.435199530743016192e-11 1.404660732519872341e-11 1.674234491939394248e-11 1.498285106530964530e-11 1.853567865715289537e-11 1.054762982412615616e-10 3.119273452980593743e-11 6.708546758410050975e-12 5.563562176420734621e-12 -3.847117870953099890e-12 -1.182242458196819072e-12 -1.292258913015297340e-12 -5.291621883722942168e-12 -6.748256676868131134e-12 -4.981245815361884987e-12 1.431169193888297882e-12 -2.145367640673001241e-13 2.806071362655311598e-12 2.079303885687066129e-12 -1.711138766782013946e-12 -5.580649182783861434e-13 8.759855758426390113e-13 7.628210041127996080e-13
3.919500757798458602e-11 -4.532061554084510593e-13 1.422930420357673176e-11 1.181137596148065317e-11 2.385864330313190057e-11 -7.645703657779981732e-13 4.880254227463442361e-12 1.776768069082479236e-11 3.119273452980593743e-11 7.412414611099936708e-11 1.587411434106328706e-11 1.480943728895676402e-11 4.399531572707226630e-12 2.922314390167336381e-12 6.560862322779056916e-12 1.067304604882094505e-13 -5.257280919600877152e-13 6.903849456874015482e-13 3.888384527313978213e-12 1.223001881296679982e-12 -1.988908901224184519e-12 -6.309793969490115193e-13 -1.353387521493972847e-13 -1.452931261363263473e-12 -1.073937908182553181e-12 -4.238769833418792164e-13
-3.430424982611780905e-12 2.224324473246219699e-11 2.395886711349169951e-11 -1.706074360296583662e-11 1.066681190296881599e-11 1.385382452120224197e-11 5.433070990994023182e-12 3.397158809887299303e-12 6.708546758410050975e-12 1.587411434106328706e-11 5.725981026371239585e-11 2.091674110213447477e-11 8.339992671783566570e-12 5.475977788599096239e-12 2.253672068572006132e-12 -1.780228429159075508e-12 -1.817512237246521676e-13 -1.811520787887519364e-12 -3.572836831038180714e-12 -8.732305769005890583e-13 1.887988577582764759e-14 -8.507291545846317481e-13 9.950396157002488478e-13 1.004256087677900142e-12 -7.490157107640034822e-13 7.583661676697356822e-13
-1.569466751170010139e-12 -6.847605411818907560e-12 1.134527540639033341e-11 1.441717884411816293e-11 1.557405697769799280e-11 4.160752313736685239e-12 7.738892778589860806e-12 4.999106609889741664e-12 5.563562176420734621e-12 1.480943728895676402e-11 2.091674110213447477e-11 4.109624924941286683e-11 1.510386162122033749e-11 7.703945278484038094e-12 2.560376328065956593e-12 1.638365646104786228e-12 -5.639184857932176370e-13 -1.397161173150164190e-12 -1.768786085101545327e-12 5.275947982838354188e-13 -6.462110137199256129e-13 2.308321931024456634e-14 2.323442971019680345e-14 1.897528464080162826e-13 2.940467116310917653e-13 -4.361563609154796998e-13
-8.355651760687732149e-12 -1.878595107309363965e-11 1.674172039119207391e-11 -1.129708102838629482e-11 6.857064214516978822e-12 -7.760390867947494766e-12 1.245486535056069957e-11 5.441368459975160213e-12 -3.847117870953099890e-12 4.399531572707226630e-12 8.339992671783566570e-12 1.510386162122033749e-11 3.783498632315829733e-11 1.529614383569348165e-11 8.083418871594477687e-12 2.694418178970847310e-12 1.663138444662169412e-12 2.213919205418445657e-12 -2.891136429189394036e-14 2.876499342814420091e-13 9.593567719167911175e-13 -9.560660074647645111e-13 -8.075684252035209242e-13 -5.367697016692085439e-13 5.073618407135875128e-13 1.153345764675054141e-14
-1.618051753576507711e-11 -2.041358295719421196e-11 -1.493120232341174109e-11 -4.491928876736003287e-12 1.170045870317718020e-11 7.013053615542383173e-12 9.005440549694727905e-12 7.173944471274083861e-12 -1.182242458196819072e-12 2.922314390167336381e-12 5.475977788599096239e-12 7.703945278484038094e-12 1.529614383569348165e-11 2.934836200895246460e-11 1.219705087189314205e-11 5.513851084539362461e-12 3.021672709872164666e-12 2.248509391265611833e-12 -1.241884424509045168e-12 9.367648428707719434e-13 1.718388832230010352e-12 6.502191345820696366e-13 -8.716550762315541235e-13 3.432025343878868728e-13 8.472196119153248498e-13 7.304251193826970998e-13
-3.935130755406198073e-12 -3.061006004083462450e-11 7.775632650112480785e-12 3.443596691981142820e-12 1.356339988614939145e-12 2.140531159574727811e-14 3.183019695192460339e-12 6.068517940404583426e-12 -1.292258913015297340e-12 6.560862322779056916e-12 2.253672068572006132e-12 2.560376328065956593e-12 8.083418871594477687e-12 1.219705087189314205e-11 2.334090809857652018e-11 1.033799548578016387e-11 5.390443444433975342e-12 5.359317920737254204e-12 2.674085048214234126e-12 -5.096327476702905288e-13 -1.640490347646128936e-12 -1.490273942020592859e-13 5.914862783785493737e-15 8.753129333049967531e-13 7.664969493205897430e-13 2.466317534979264148e-13
-6.381778380822772896e-12 -1.492005498677823329e-11 2.062625769391278886e-12 1.536280694694331470e-11 -1.941192044105889914e-12 -5.128968495935350032e-12 3.154713254460412169e-13 -1.431867572912958035e-13 -5.291621883722942168e-12 1.067304604882094505e-13 -1.780228429159075508e-12 1.638365646104786228e-12 2.694418178970847310e-12 5.513851084539362461e-12 1.033799548578016387e-11 1.846797357622190345e-11 6.892335192102023520e-12 3.192167164119507857e-12 1.192863622539754126e-12 -5.716510740787836408e-13 -1.918692136352830341e-12 9.005206102544855815e-13 -4.610203783194075047e-14 3.753278749489566981e-13 7.109701283074115479e-14 -3.937772038552152087e-13
-1.849636086153576898e-11 -1.707970432865093661e-11 1.304797869029778934e-11 4.737524185816790635e-12 6.187468198069595376e-12 9.172388276455580263e-13 2.761766641325750250e-12 4.761419414804381183e-12 -6.748256676868131134e-12 -5.257280919600877152e-13 -1.817512237246521676e-13 -5.639184857932176370e-13 1.663138444662169412e-12 3.021672709872164666e-12 5.390443444433975342e-12 6.892335192102023520e-12 1.672155375547385974e-11 6.931975133791220748e-12 1.968235405627388742e-12 3.526799171649865614e-13 -4.241177343012168616e-13 8.819815543700272155e-13 -4.916933233788924039e-13 2.967659326485496941e-13 1.659648980394680069e-13 -2.057613160597051474e-13
-3.132035786046787898e-12 -9.152949663150286642e-12 8.317828284704810228e-12 2.448136127025670295e-12 -7.114018748215510601e-12 -5.100687816793939491e-12 -5.814967879414543977e-13 2.651047805170901132e-12 -4.981245815361884987e-12 6.903849456874015482e-13 -1.811520787887519364e-12 -1.397161173150164190e-12 2.213919205418445657e-12 2.248509391265611833e-12 5.359317920737254204e-12 3.192167164119507857e-12 6.931975133791220748e-12 1.533350102186049842e-11 5.630667790240655168e-12 1.231917591423450816e-12 5.680654745466905192e-13 4.088582122235728165e-14 -1.754352827935270101e-13 6.186095531596949064e-13 5.648409077649288484e-13 4.435888955378752251e-14
-1.189905426379252495e-11 -1.626280368416205061e-11 5.024170184592952593e-12 2.853554102330149244e-12 -5.055737604255102749e-13 -5.598550837207553978e-12 -5.496251843988561822e-12 -1.188265857587970675e-12 1.431169193888297882e-12 3.888384527313978213e-12 -3.572836831038180714e-12 -1.768786085101545327e-12 -2.891136429189394036e-14 -1.241884424509045168e-12 2.674085048214234126e-12 1.192863622539754126e-12 1.968235405627388742e-12 5.630667790240655168e-12 1.379121193382929926e-11 3.781541274855495413e-12 5.020463629890429579e-13 5.467060522819853396e-14 2.748963511120171397e-13 -8.064166918283890538e-14 2.307658471306868697e-13 1.715906564913563147e-14
-3.772361842818031141e-12 -1.582802326616563564e-12 -8.367727503789866211e-12 6.734214997495457551e-13 2.047697990763421284e-12 -2.932980107526338221e-12 -1.061231554781615677e-12 -3.090493212533501146e-12 -2.145367640673001241e-13 1.223001881296679982e-12 -8.732305769005890583e-13 5.275947982838354188e-13 2.876499342814420091e-13 9.367648428707719434e-13 -5.096327476702905288e-13 -5.716510740787836408e-13 3.526799171649865614e-13 1.231917591423450816e-12 3.781541274855495413e-12 1.003903078189108207e-11 4.382677044386339959e-12 1.410715252480053635e-12 3.720653523483397486e-13 -5.501877253916449791e-13 5.787475191600918677e-13 5.860573177248548276e-13
9.243969110837371950e-12 -5.256115576359056831e-12 -2.531185802157828906e-12 -1.142437947676210305e-12 4.628553121191451534e-12 -1.783881808276705088e-12 -1.267093700939700320e-12 -3.359353021781995946e-12 2.806071362655311598e-12 -1.988908901224184519e-12 1.887988577582764759e-14 -6.462110137199256129e-13 9.593567719167911175e-13 1.718388832230010352e-12 -1.640490347646128936e-12 -1.918692136352830341e-12 -4.241177343012168616e-13 5.680654745466905192e-13 5.020463629890429579e-13 4.382677044386339959e-12 9.133539325923342266e-12 2.524755642980753077e-12 -2.906988577225118070e-13 -1.901255958791832931e-13 8.888548728957207612e-13 2.586873010624598672e-13
1.181459649552149246e-12 -7.040471000682993056e-12 -7.587671237783338468e-12 8.989445594650567761e-14 2.062201730919669206e-12 2.763548767368328243e-13 -6.633825670628192483e-13 2.965820561565361739e-13 2.079303885687066129e-12 -6.309793969490115193e-13 -8.507291545846317481e-13 2.308321931024456634e-14 -9.560660074647645111e-13 6.502191345820696366e-13 -1.490273942020592859e-13 9.005206102544855815e-13 8.819815543700272155e-13 4.088582122235728165e-14 5.467060522819853396e-14 1.410715252480053635e-12 2.524755642980753077e-12 6.573152811307645930e-12 1.096983736168913089e-12 3.187360910766148943e-13 3.877306813153398915e-13 1.927638351624802176e-14
2.501319201669913706e-12 1.286530567198511586e-11 -7.764767885677031896e-12 -1.687310035268116284e-12 1.073246924967336603e-12 3.005999593522536926e-12 -1.673438407992391615e-12 -1.637909973461229209e-12 -1.711138766782013946e-12 -1.353387521493972847e-13 9.950396157002488478e-13 2.323442971019680345e-14 -8.075684252035209242e-13 -8.716550762315541235e-13 5.914862783785493737e-15 -4.610203783194075047e-14 -4.916933233788924039e-13 -1.754352827935270101e-13 2.748963511120171397e-13 3.720653523483397486e-13 -2.906988577225118070e-13 1.096983736168913089e-12 4.650769510031613186e-12 7.415184805031396009e-13 -2.121639026036864665e-13 -2.098763319493876581e-13
-9.528382770740225251e-13 -3.148898915394021650e-12 -1.268563687717328081e-12 1.641264751204879168e-12 6.687777790384254738e-12 7.707771501708770605e-13 1.421345123215383688e-12 5.845039994022434337e-13 -5.580649182783861434e-13 -1.452931261363263473e-12 1.004256087677900142e-12 1.897528464080162826e-13 -5.367697016692085439e-13 3.432025343878868728e-13 8.753129333049967531e-13 3.753278749489566981e-13 2.967659326485496941e-13 6.186095531596949064e-13 -8.064166918283890538e-14 -5.501877253916449791e-13 -1.901255958791832931e-13 3.187360910766148943e-13 7.415184805031396009e-13 3.117661763827841042e-12 6.727228272752947727e-13 -1.876220702832935378e-13
-3.297260638592269777e-12 -7.515567214392524679e-12 -2.598934846721857066e-12 -2.732797740166293652e-13 3.883883657988045909e-12 -4.514945994236271302e-12 4.509818098500605667e-13 -2.519105207906153230e-13 8.759855758426390113e-13 -1.073937908182553181e-12 -7.490157107640034822e-13 2.940467116310917653e-13 5.073618407135875128e-13 8.472196119153248498e-13 7.664969493205897430e-13 7.109701283074115479e-14 1.659648980394680069e-13 5.648409077649288484e-13 2.307658471306868697e-13 5.787475191600918677e-13 8.888548728957207612e-13 3.877306813153398915e-13 -2.121639026036864665e-13 6.727228272752947727e-13 2.163106686124262695e-12 3.689297585209841687e-13
-5.439062866019680251e-12 -3.797916364161658385e-12 -6.059359871578049197e-12 -8.532922647914289198e-13 4.557226507687831112e-12 -1.983670609925409450e-13 6.004846185946518283e-13 -9.383866873231696557e-13 7.628210041127996080e-13 -4.238769833418792164e-13 7.583661676697356822e-13 -4.361563609154796998e-13 1.153345764675054141e-14 7.304251193826970998e-13 2.466317534979264148e-13 -3.937772038552152087e-13 -2.057613160597051474e-13 4.435888955378752251e-14 1.715906564913563147e-14 5.860573177248548276e-13 2.586873010624598672e-13 1.927638351624802176e-14 -2.098763319493876581e-13 -1.876220702832935378e-13 3.689297585209841687e-13 1.718457319446143165e-12
