2.852635895523788754e-09 -7.339058087501239941e-11 -6.262121423710858476e-11 -3.974655776635558713e-11 7.556092276560828411e-11 6.166308211328775406e-11 3.626026028733296100e-11 4.611399643468923055e-11 4.843139935932959184e-11 -1.633624946594418749e-11 -1.876068770890360852e-11 -2.686867153511227140e-11 -7.486891625306390898e-14 2.818134576633007651e-11 -1.669100323902877812e-12 1.231570403028910756e-11 -6.010414161085805509e-12 1.918209289073050497e-12 1.562155435466986824e-11 -2.940875404555840663e-12 -6.226906804190856795e-12 -1.016999150323022635e-11 -8.670986804836315180e-12 -4.505170827875912260e-12 1.994752902970397719e-12 -4.478786558359899417e-12
-7.339058087501239941e-11 1.698272117472363836e-09 1.511716924964483686e-11 -4.452619383784977534e-11 8.934327256213123608e-12 9.178407521918966495e-11 1.104608936710557108e-11 1.751492776427865833e-11 1.220547725481168926e-11 -1.543434367029709002e-11 1.862535400140030801e-11 7.728435301601554394e-12 -5.440946010726648233e-12 5.762849774546062119e-12 -1.008007072882413220e-11 2.939749557665127724e-12 1.622868813830764264e-11 9.998595446909862880e-12 -4.256811399962215773e-12 1.131177319523839277e-12 1.293395032787616275e-11 -2.337171093496397907e-12 -4.336766692676849698e-12 -3.587319423965372120e-12 4.084524899401851531e-12 1.473668447138868326e-11
-6.262121423710858476e-11 1.511716924964483686e-11 1.089209537904551562e-09 -1.537343271392845994e-11 4.272885482034911035e-11 2.189532972036564752e-11 5.780935774965384215e-11 -1.203581216080548843e-11 -2.089231014459428983e-11 -2.127869042204144871e-11 -2.732742233821133941e-11 -4.290270354988856990e-12 1.058985220536913829e-11 -1.078130058280001837e-11 8.268020575486280693e-13 -6.927733982223417989e-12 -4.791695119559044111e-12 -1.059340676988987280e-12 1.823467827476961548e-11 1.775547686457778843e-11 8.092244773155252322e-13 -2.612526930101101788e-13 -2.321316570090365996e-13 -7.935400761347934033e-12 -4.146053787596046912e-12 -1.243755325658073746e-12
-3.974655776635558713e-11 -4.452619383784977534e-11 -1.537343271392845994e-11 7.257812816176584610e-10 7.559458002241693224e-11 -3.840669871684765482e-12 -2.658933129098818439e-11 -2.343583838218802938e-11 -4.789072682821541021e-11 -2.915491102670382849e-11 -9.670899020155650834e-12 4.538427676591124671e-12 7.727497399698756466e-13 -1.297815027159276969e-11 6.738657781654916640e-12 -2.071589190844788461e-13 -1.318937833123983526e-12 4.483703564068900105e-13 -7.467122143630239423e-14 -4.965881568582964585e-12 -6.830978196151659139e-12 -9.304756980155070253e-12 -2.877495570009483329e-12 -9.645719286574011909e-13 -6.453670907846458808e-12 9.317587571003109221e-13
7.556092276560828411e-11 8.934327256213123608e-12 4.272885482034911035e-11 7.559458002241693224e-11 5.879708594365345885e-10 2.153506936882176406e-11 8.614885680426098211e-12 2.707777869984176194e-11 2.000924123413034485e-12 2.268945920093648637e-13 1.996410660879118215e-11 2.026995967901708472e-11 1.374202098212321435e-11 4.496559554447283774e-13 7.006418982998299504e-12 -6.584161590896456299e-12 4.666561398952537171e-12 5.675693472336859311e-12 -4.930392423453429682e-13 7.500218271256638503e-12 2.457078474482725952e-12 1.695003930124797476e-12 -3.090033440529509287e-12 -2.258690630868794241e-12 -1.785873285412707086e-12 -4.686652673304799516e-12
6.166308211328775406e-11 9.178407521918966495e-11 2.189532972036564752e-11 -3.840669871684765482e-12 2.153506936882176406e-11 3.841316920780568114e-10 1.818945324359948005e-11 1.511833394445004594e-11 2.680226015189292026e-11 -1.431992437222945501e-11 2.271368015282315924e-11 -4.918695993078069580e-12 1.457642757392737266e-11 -2.205690525260963735e-12 5.997109494141052856e-12 4.333200164164888237e-12 9.360527329306616068e-12 4.229629545604633406e-12 1.745814500938740522e-12 8.630865099188223966e-13 -3.262444947957627263e-12 -6.015414587205978020e-12 -5.596693634246475028e-12 2.600877953171543501e-12 -1.954737333678655273e-12 -4.813397876649125969e-13
3.626026028733296100e-11 1.104608936710557108e-11 5.780935774965384215e-11 -2.658933129098818439e-11 8.614885680426098211e-12 1.818945324359948005e-11 2.011450871408492764e-10 1.187401570924792920e-11 3.823068742728675239e-11 2.156865695942770516e-11 1.430898633669165421e-11 1.212522636873562425e-12 5.787239182544212944e-12 1.094357799795839280e-11 4.412647535268887473e-12 4.519311567817198311e-12 -4.919702271623198556e-12 -3.999558283642506822e-12 4.069437566871793205e-13 2.504004420512523329e-12 -2.008443733387231347e-12 -5.780777794103896048e-12 -3.486342960704025656e-12 3.954136697117125987e-13 -1.788518755962220538e-12 -6.815068144134693611e-13
4.611399643468923055e-11 1.751492776427865833e-11 -1.203581216080548843e-11 -2.343583838218802938e-11 2.707777869984176194e-11 1.511833394445004594e-11 1.187401570924792920e-11 1.858372971636409710e-10 3.187928227311796776e-11 1.562413841790262919e-11 1.229249614491507054e-11 1.020963302692206090e-11 1.373546976998886443e-11 4.509453385883433691e-12 -3.217569213716702650e-12 -1.931080547482104020e-12 -2.914886201592056653e-12 -3.053277520721518017e-12 -3.571815820737275401e-12 -3.453926314906809924e-12 8.340108078310156478e-13 -6.183979456946283076e-13 -2.046490878462172377e-13 8.403765731111086775e-13 6.246428316721352180e-13 -1.538786016040987910e-13
4.843139935932959184e-11 1.220547725481168926e-11 -2.089231014459428983e-11 -4.789072682821541021e-11 2.000924123413034485e-12 2.680226015189292026e-11 3.823068742728675239e-11 3.187928227311796776e-11 1.148678104529217515e-10 3.015262224466751606e-11 1.074854845002492426e-11 1.290901680511830124e-11 4.819412216261521061e-12 1.062334812762222807e-11 3.750988869695084452e-12 5.373212992386162735e-12 2.158819027872117425e-12 2.537273147003683687e-13 -3.254321556834411686e-12 -2.614476553773631085e-12 -9.129962873236527319e-13 -7.026068649388293270e-13 5.292593345926446568e-13 8.768398595373592847e-13 3.049591344804355390e-13 -1.790234013210970451e-12
-1.633624946594418749e-11 -1.543434367029709002e-11 -2.127869042204144871e-11 -2.915491102670382849e-11 2.268945920093648637e-13 -1.431992437222945501e-11 2.156865695942770516e-11 1.562413841790262919e-11 3.015262224466751606e-11 9.084677576423487677e-11 1.998881545208280508e-11 1.043390702752184651e-11 2.954037317293951358e-12 9.090931638366691062e-12 2.453767536066065188e-12 3.620370551147834840e-12 1.252585243187382381e-12 4.041150000443856717e-13 -1.400484501163921557e-12 -1.338491218070811391e-12 5.106970901961213640e-13 -3.262795330172798920e-13 3.942553007036602836e-13 8.282649997805332359e-16 1.921841820801027911e-13 -1.456275144743236065e-12
-1.876068770890360852e-11 1.862535400140030801e-11 -2.732742233821133941e-11 -9.670899020155650834e-12 1.996410660879118215e-11 2.271368015282315924e-11 1.430898633669165421e-11 1.229249614491507054e-11 1.074854845002492426e-11 1.998881545208280508e-11 7.030159992241971106e-11 1.684102958096659345e-11 1.084340110120724612e-11 8.887494220735856219e-12 4.553753168717061480e-12 1.303708256009566211e-12 4.487109173919579113e-12 1.521661211447523029e-12 -2.143905899483408295e-12 2.991000176366594438e-13 -3.887408378772631695e-13 -1.147090827420205854e-12 -1.819205364992054492e-12 -1.348111363568814364e-13 -3.860101412295830669e-13 -4.918868012686043629e-13
-2.686867153511227140e-11 7.728435301601554394e-12 -4.290270354988856990e-12 4.538427676591124671e-12 2.026995967901708472e-11 -4.918695993078069580e-12 1.212522636873562425e-12 1.020963302692206090e-11 1.290901680511830124e-11 1.043390702752184651e-11 1.684102958096659345e-11 4.186144089060424880e-11 1.338080329131408010e-11 6.628772250910192228e-12 4.362188665909673675e-12 1.495879448874172824e-12 -2.077423888491674111e-12 -2.232267652733918354e-12 -4.758951670579473893e-12 -2.749947958263283639e-13 -6.317904289026129065e-13 -1.496331097425359929e-12 -6.665921982670826153e-13 4.581619782353082197e-13 -3.717348760696349386e-14 -9.687180890559407098e-13
-7.486891625306390898e-14 -5.440946010726648233e-12 1.058985220536913829e-11 7.727497399698756466e-13 1.374202098212321435e-11 1.457642757392737266e-11 5.787239182544212944e-12 1.373546976998886443e-11 4.819412216261521061e-12 2.954037317293951358e-12 1.084340110120724612e-11 1.338080329131408010e-11 4.011866194176212538e-11 1.267178174387026951e-11 3.934577336228498251e-12 4.645136551210224370e-12 1.465947256841481657e-12 6.508679354352977710e-14 -1.274660141202034736e-12 1.795411812147420279e-12 1.597398682195598389e-13 -2.275832527950880655e-12 -6.900544792361352310e-13 -3.621696557828391106e-13 -1.208141973179473486e-12 -1.006111537980968287e-12
2.818134576633007651e-11 5.762849774546062119e-12 -1.078130058280001837e-11 -1.297815027159276969e-11 4.496559554447283774e-13 -2.205690525260963735e-12 1.094357799795839280e-11 4.509453385883433691e-12 1.062334812762222807e-11 9.090931638366691062e-12 8.887494220735856219e-12 6.628772250910192228e-12 1.267178174387026951e-11 2.923324707309785294e-11 9.044865866083781860e-12 8.178486457063387128e-12 3.161281798068127621e-12 1.320436524667941499e-12 -1.036960082342047543e-12 -2.557099244611149894e-13 5.346758010983632729e-13 -2.097147060329718569e-13 9.894880450217063722e-14 4.950423246798587959e-13 8.405908055833060747e-13 -3.113196547730598617e-13
-1.669100323902877812e-12 -1.008007072882413220e-11 8.268020575486280693e-13 6.738657781654916640e-12 7.006418982998299504e-12 5.997109494141052856e-12 4.412647535268887473e-12 -3.217569213716702650e-12 3.750988869695084452e-12 2.453767536066065188e-12 4.553753168717061480e-12 4.362188665909673675e-12 3.934577336228498251e-12 9.044865866083781860e-12 2.194573283584296180e-11 9.903230392601546179e-12 5.402751007347125180e-12 -5.224179120407800766e-13 -1.017725528396519097e-12 7.441401935733034458e-13 7.943319737324264281e-13 -1.407573408922481797e-13 -4.576089421963962822e-13 9.383144263623248646e-13 -2.312890170283750223e-13 -5.022440772031895215e-13
1.231570403028910756e-11 2.939749557665127724e-12 -6.927733982223417989e-12 -2.071589190844788461e-13 -6.584161590896456299e-12 4.333200164164888237e-12 4.519311567817198311e-12 -1.931080547482104020e-12 5.373212992386162735e-12 3.620370551147834840e-12 1.303708256009566211e-12 1.495879448874172824e-12 4.645136551210224370e-12 8.178486457063387128e-12 9.903230392601546179e-12 2.423845391395676423e-11 8.089484764940595490e-12 2.546648902750877610e-12 3.557009207104195807e-13 2.861375648704894447e-13 -4.810475234402556758e-13 -8.124493446128058854e-13 -1.157556128213414676e-12 -3.006944808124127884e-13 1.907073445764552479e-13 -9.404392917240246037e-14
-6.010414161085805509e-12 1.622868813830764264e-11 -4.791695119559044111e-12 -1.318937833123983526e-12 4.666561398952537171e-12 9.360527329306616068e-12 -4.919702271623198556e-12 -2.914886201592056653e-12 2.158819027872117425e-12 1.252585243187382381e-12 4.487109173919579113e-12 -2.077423888491674111e-12 1.465947256841481657e-12 3.161281798068127621e-12 5.402751007347125180e-12 8.089484764940595490e-12 1.614871417756599075e-11 7.410790066120330642e-12 2.038505333770753244e-12 4.570736172972750140e-13 3.773685869195960600e-13 -5.378008273091076603e-13 -6.314958131112691971e-13 7.482911946177812313e-15 -4.069793172575469187e-13 2.334887836637052029e-13
1.918209289073050497e-12 9.998595446909862880e-12 -1.059340676988987280e-12 4.483703564068900105e-13 5.675693472336859311e-12 4.229629545604633406e-12 -3.999558283642506822e-12 -3.053277520721518017e-12 2.537273147003683687e-13 4.041150000443856717e-13 1.521661211447523029e-12 -2.232267652733918354e-12 6.508679354352977710e-14 1.320436524667941499e-12 -5.224179120407800766e-13 2.546648902750877610e-12 7.410790066120330642e-12 1.673680577311617737e-11 7.639505965895740518e-12 2.535117325476209531e-12 1.177121369622197453e-12 -3.597912241909072738e-13 -7.307550587043850114e-13 -4.103910844293494504e-14 4.500212923149735975e-14 4.929766420353843086e-13
1.562155435466986824e-11 -4.256811399962215773e-12 1.823467827476961548e-11 -7.467122143630239423e-14 -4.930392423453429682e-13 1.745814500938740522e-12 4.069437566871793205e-13 -3.571815820737275401e-12 -3.254321556834411686e-12 -1.400484501163921557e-12 -2.143905899483408295e-12 -4.758951670579473893e-12 -1.274660141202034736e-12 -1.036960082342047543e-12 -1.017725528396519097e-12 3.557009207104195807e-13 2.038505333770753244e-12 7.639505965895740518e-12 1.506652770780751375e-11 5.291759083121460730e-12 2.508557144281460447e-12 9.223598965075338590e-13 4.674206038720452555e-13 6.885897728262916992e-13 -7.258838512648639010e-14 9.830069769795937981e-13
-2.940875404555840663e-12 1.131177319523839277e-12 1.775547686457778843e-11 -4.965881568582964585e-12 7.500218271256638503e-12 8.630865099188223966e-13 2.504004420512523329e-12 -3.453926314906809924e-12 -2.614476553773631085e-12 -1.338491218070811391e-12 2.991000176366594438e-13 -2.749947958263283639e-13 1.795411812147420279e-12 -2.557099244611149894e-13 7.441401935733034458e-13 2.861375648704894447e-13 4.570736172972750140e-13 2.535117325476209531e-12 5.291759083121460730e-12 1.220259706546476723e-11 4.152540073385624594e-12 1.133612192842857828e-12 -8.472475607923185997e-13 -3.265130897644369205e-13 -5.434996966740463891e-13 -2.727506176777465098e-13
-6.226906804190856795e-12 1.293395032787616275e-11 8.092244773155252322e-13 -6.830978196151659139e-12 2.457078474482725952e-12 -3.262444947957627263e-12 -2.008443733387231347e-12 8.340108078310156478e-13 -9.129962873236527319e-13 5.106970901961213640e-13 -3.887408378772631695e-13 -6.317904289026129065e-13 1.597398682195598389e-13 5.346758010983632729e-13 7.943319737324264281e-13 -4.810475234402556758e-13 3.773685869195960600e-13 1.177121369622197453e-12 2.508557144281460447e-12 4.152540073385624594e-12 1.027382805755036906e-11 4.212277512014281078e-12 1.169739996048866409e-12 1.181376988747852127e-13 -2.110249255351107407e-13 1.751430686463053102e-13
-1.016999150323022635e-11 -2.337171093496397907e-12 -2.612526930101101788e-13 -9.304756980155070253e-12 1.695003930124797476e-12 -6.015414587205978020e-12 -5.780777794103896048e-12 -6.183979456946283076e-13 -7.026068649388293270e-13 -3.262795330172798920e-13 -1.147090827420205854e-12 -1.496331097425359929e-12 -2.275832527950880655e-12 -2.097147060329718569e-13 -1.407573408922481797e-13 -8.124493446128058854e-13 -5.378008273091076603e-13 -3.597912241909072738e-13 9.223598965075338590e-13 1.133612192842857828e-12 4.212277512014281078e-12 7.649684812506372811e-12 2.770808605290746540e-12 3.169354725529803045e-13 4.046377392020101777e-13 1.797177098385540358e-13
-8.670986804836315180e-12 -4.336766692676849698e-12 -2.321316570090365996e-13 -2.877495570009483329e-12 -3.090033440529509287e-12 -5.596693634246475028e-12 -3.486342960704025656e-12 -2.046490878462172377e-13 5.292593345926446568e-13 3.942553007036602836e-13 -1.819205364992054492e-12 -6.665921982670826153e-13 -6.900544792361352310e-13 9.894880450217063722e-14 -4.576089421963962822e-13 -1.157556128213414676e-12 -6.314958131112691971e-13 -7.307550587043850114e-13 4.674206038720452555e-13 -8.472475607923185997e-13 1.169739996048866409e-12 2.770808605290746540e-12 6.195628651057104869e-12 1.914344331470903647e-12 4.964672110179089424e-13 4.161196377500775562e-14
-4.505170827875912260e-12 -3.587319423965372120e-12 -7.935400761347934033e-12 -9.645719286574011909e-13 -2.258690630868794241e-12 2.600877953171543501e-12 3.954136697117125987e-13 8.403765731111086775e-13 8.768398595373592847e-13 8.282649997805332359e-16 -1.348111363568814364e-13 4.581619782353082197e-13 -3.621696557828391106e-13 4.950423246798587959e-13 9.383144263623248646e-13 -3.006944808124127884e-13 7.482911946177812313e-15 -4.103910844293494504e-14 6.885897728262916992e-13 -3.265130897644369205e-13 1.181376988747852127e-13 3.169354725529803045e-13 1.914344331470903647e-12 5.109486957754487984e-12 1.040568042432846706e-12 3.947170291119572418e-13
1.994752902970397719e-12 4.084524899401851531e-12 -4.146053787596046912e-12 -6.453670907846458808e-12 -1.785873285412707086e-12 -1.954737333678655273e-12 -1.788518755962220538e-12 6.246428316721352180e-13 3.049591344804355390e-13 1.921841820801027911e-13 -3.860101412295830669e-13 -3.717348760696349386e-14 -1.208141973179473486e-12 8.405908055833060747e-13 -2.312890170283750223e-13 1.907073445764552479e-13 -4.069793172575469187e-13 4.500212923149735975e-14 -7.258838512648639010e-14 -5.434996966740463891e-13 -2.110249255351107407e-13 4.046377392020101777e-13 4.964672110179089424e-13 1.040568042432846706e-12 4.101998658693543149e-12 1.026942313148698812e-12
-4.478786558359899417e-12 1.473668447138868326e-11 -1.243755325658073746e-12 9.317587571003109221e-13 -4.686652673304799516e-12 -4.813397876649125969e-13 -6.815068144134693611e-13 -1.538786016040987910e-13 -1.790234013210970451e-12 -1.456275144743236065e-12 -4.918868012686043629e-13 -9.687180890559407098e-13 -1.006111537980968287e-12 -3.113196547730598617e-13 -5.022440772031895215e-13 -9.404392917240246037e-14 2.334887836637052029e-13 4.929766420353843086e-13 9.830069769795937981e-13 -2.727506176777465098e-13 1.751430686463053102e-13 1.797177098385540358e-13 4.161196377500775562e-14 3.947170291119572418e-13 1.026942313148698812e-12 2.667764303204980746e-12
