4.231860503430029789e-09 -7.698827219106829916e-11 -2.047125310080035966e-11 -1.260778278674192311e-12 1.440816248548268906e-10 1.095679278155982243e-10 -1.932923265633478898e-11 -3.643303318322611502e-12 9.033228164277317202e-11 -2.027578202878095273e-11 5.238598933879277489e-11 -4.492583141117296545e-11 4.354354240547519919e-12 -2.528181697116676596e-11 3.148493299682919228e-11 1.863694131964577693e-11 1.730233721871042112e-11 -3.468461619047564766e-12 1.619871249668205858e-11 -5.706573567292844841e-12 -5.221960029414792489e-13 8.386435842920647818e-12 9.913197527876654262e-13 4.680693718007713894e-12 -1.360556018761794608e-11 9.601489334008548725e-13
-7.698827219106829916e-11 2.487117682989302515e-09 -1.518511265169718448e-10 -7.569520275347294283e-11 9.593673715207222212e-11 8.614053904326910076e-11 1.676707815058079936e-11 -1.666409802391057417e-11 -3.081688693641565651e-12 1.133218453629107319e-11 -6.188053391581715229e-11 -3.469939077996469449e-11 -1.536336876194966144e-11 -2.896417388331889320e-11 -1.663452666699327447e-11 -3.905876368738090657e-11 -1.421117434287641710e-11 -1.520912881468995821e-11 -2.573698904643925084e-11 -6.178283203679442378e-12 -6.519724111266775451e-12 -4.005022713529153828e-12 7.107775981596156239e-12 -1.044689150275898034e-12 -8.513921200005032576e-12 -9.275935761491628192e-12
-2.047125310080035966e-11 -1.518511265169718448e-10 1.597763947737688208e-09 -6.819671164439644696e-11 4.275072937181652390e-11 -3.635037269309335317e-11 3.508950059480110949e-12 -6.658493507085645925e-12 -7.848620367536610359e-11 -3.295673994698602078e-11 -6.258970015384659367e-11 -3.383910139169629680e-11 1.081794508163649383e-12 5.440691779040658273e-12 1.313335905892718151e-11 2.472476374408362773e-11 2.316899180579021606e-13 -1.286518290202467598e-11 -1.684735885171124358e-11 -1.935365126114946645e-11 -7.133301034681999319e-12 -8.468258579106206645e-12 1.638440970490339125e-12 -4.128713399690852583e-12 5.035018267211682054e-12 -3.532733778111824577e-12
-1.260778278674192311e-12 -7.569520275347294283e-11 -6.819671164439644696e-11 1.083214859170876716e-09 7.205641283574146001e-13 9.962687187073759710e-11 -1.380018217014692116e-11 2.272288353214774181e-11 -7.028241050827157742e-12 1.294950006110568988e-11 2.987857481460737866e-11 6.112329827311238322e-12 -4.025119882101493028e-14 1.193916422795163186e-11 1.321931572158343127e-11 1.125370001844984190e-11 8.039615588763037249e-12 1.823010510198818409e-11 1.970933167864336078e-11 8.253636323081865355e-12 8.115490426476540445e-12 4.444396870312988398e-12 4.580267385018798180e-12 1.057477339060985187e-11 3.782096142361397007e-12 -9.856841579297625691e-13
1.440816248548268906e-10 9.593673715207222212e-11 4.275072937181652390e-11 7.205641283574146001e-13 7.099629102898094837e-10 2.729201096364460541e-11 7.132888259338077995e-11 2.900607163329171495e-11 3.985046261524719294e-11 8.840796063665879167e-13 -1.574453408093293647e-11 -2.677656529732085145e-12 -6.420595652971610241e-12 -2.101200124417216084e-11 -1.562021278500528036e-11 -1.581984675940812977e-11 -1.177834285251457262e-11 -1.019488747486246077e-11 6.562937368230546124e-13 2.185876548090323097e-12 -1.837709899644305667e-12 4.411350104082908409e-12 1.600021236341750434e-12 -5.099947646342626526e-13 -8.568995122244978996e-13 -3.273820442392237482e-12
1.095679278155982243e-10 8.614053904326910076e-11 -3.635037269309335317e-11 9.962687187073759710e-11 2.729201096364460541e-11 4.792961248347828680e-10 -4.358074084920905947e-12 1.712489127411938917e-12 7.013488858808450432e-12 2.030883790544041871e-11 1.793566600252037466e-11 5.921396684590466006e-12 -2.448077715117591740e-12 -5.048486756161677441e-12 -1.163832812113268817e-11 -1.427091624319932348e-11 -2.532034546725316625e-12 -1.135349197690142312e-12 -3.196586127681806382e-12 -4.851704005788473715e-12 5.905883532840525028e-12 2.188805036142487768e-12 -4.324725186401292040e-12 4.315748804911723531e-12 -1.795226250189689793e-12 4.998002016543039376e-13
-1.932923265633478898e-11 1.676707815058079936e-11 3.508950059480110949e-12 -1.380018217014692116e-11 7.132888259338077995e-11 -4.358074084920905947e-12 3.198413950133106429e-10 7.923008680742687897e-12 2.873056690854436684e-11 2.988529346960867362e-11 1.683139142624692010e-12 1.224132860671705302e-11 -6.830267857634731759e-12 -3.209870632614998356e-12 3.656455579732639176e-13 -5.089079303894663148e-12 -8.025283106589807538e-13 -8.124838711122318983e-12 -2.543665237236596978e-12 -4.996176641301916673e-12 -4.081573902952306333e-12 -2.176652898517300641e-12 6.578890526207249052e-12 2.258024522912603557e-12 -5.873197117610279824e-12 -2.129182338989447500e-12
-3.643303318322611502e-12 -1.666409802391057417e-11 -6.658493507085645925e-12 2.272288353214774181e-11 2.900607163329171495e-11 1.712489127411938917e-12 7.923008680742687897e-12 2.471199164944452453e-10 4.784857940858163265e-11 2.701059579468354585e-11 8.267993052153975828e-12 -4.207510295445280089e-12 -1.537289727862221269e-12 -1.465894299765602021e-13 -3.287918344577609998e-12 1.445981332642660167e-12 1.353645396798814506e-11 8.025659886471957973e-13 7.295883871765571559e-12 -1.378003116279894265e-12 -4.908062712217420826e-12 -2.716908713879629871e-12 2.236274592333450927e-13 3.005143056038996448e-12 2.076691711610897859e-12 6.963864449020980974e-13
9.033228164277317202e-11 -3.081688693641565651e-12 -7.848620367536610359e-11 -7.028241050827157742e-12 3.985046261524719294e-11 7.013488858808450432e-12 2.873056690854436684e-11 4.784857940858163265e-11 1.723317989491879484e-10 2.328654697900270016e-11 2.289482896194460628e-11 5.727706629873368614e-12 5.869329590230628374e-12 -1.318129754616480070e-12 -7.750041869626101431e-12 -4.189307955916315704e-12 6.180398551422095503e-13 -2.028212852823196387e-13 5.053405286491551801e-12 1.840152781677427184e-12 3.536037812983610555e-12 3.284989095717718287e-12 6.308141022106471129e-13 2.106021208910418066e-12 -1.743236540640232840e-12 -1.449336812479456739e-12
-2.027578202878095273e-11 1.133218453629107319e-11 -3.295673994698602078e-11 1.294950006110568988e-11 8.840796063665879167e-13 2.030883790544041871e-11 2.988529346960867362e-11 2.701059579468354585e-11 2.328654697900270016e-11 1.189747794924277045e-10 2.213078912514434418e-11 1.921096297339261204e-11 5.684545639385315820e-12 1.066796158920316389e-12 2.494870942206801055e-12 4.020285831804698357e-12 7.980749431065778408e-12 3.191599536951557835e-12 5.126046880950117918e-12 1.318280815530924037e-12 -2.209804914549865986e-12 4.700327966169748479e-13 9.056765011821439206e-13 4.489476215775983390e-13 6.732396367167655383e-13 6.523591803838278897e-13
5.238598933879277489e-11 -6.188053391581715229e-11 -6.258970015384659367e-11 2.987857481460737866e-11 -1.574453408093293647e-11 1.793566600252037466e-11 1.683139142624692010e-12 8.267993052153975828e-12 2.289482896194460628e-11 2.213078912514434418e-11 8.085865818869609879e-11 2.190431033736877291e-11 1.006801705830003332e-11 4.171746682968551100e-12 -2.433156357704668416e-13 8.839481890069060306e-12 5.019732918612459743e-12 4.866896957561411913e-12 6.119207694629090049e-12 3.852077649880826757e-12 5.929139894239640695e-13 3.487284401734323272e-12 1.642614206096205001e-12 2.227634775988998426e-12 -3.473142341522414143e-13 5.380344458389046070e-13
-4.492583141117296545e-11 -3.469939077996469449e-11 -3.383910139169629680e-11 6.112329827311238322e-12 -2.677656529732085145e-12 5.921396684590466006e-12 1.224132860671705302e-11 -4.207510295445280089e-12 5.727706629873368614e-12 1.921096297339261204e-11 2.190431033736877291e-11 6.313066372603356909e-11 2.446254463111498108e-11 7.871015874855779930e-12 1.902786664613912062e-12 5.148143131646627756e-12 6.202408395710757835e-12 2.595738990719108483e-12 2.666140128249427028e-12 2.669500707676278782e-12 -1.294461360523005720e-12 -1.275924897061581108e-12 -7.081870396481517413e-13 4.963176915170569669e-13 1.406978918298011338e-12 -3.865446089462744665e-14
4.354354240547519919e-12 -1.536336876194966144e-11 1.081794508163649383e-12 -4.025119882101493028e-14 -6.420595652971610241e-12 -2.448077715117591740e-12 -6.830267857634731759e-12 -1.537289727862221269e-12 5.869329590230628374e-12 5.684545639385315820e-12 1.006801705830003332e-11 2.446254463111498108e-11 5.166124376543415771e-11 1.541733632091274198e-11 4.765877245573033478e-12 1.080304908817622497e-12 1.652538622093814573e-12 -2.117189480061531397e-14 7.652040349139313097e-13 1.681611848977168553e-12 1.435486108648280080e-12 7.239372288258926486e-13 1.599769176750309417e-12 2.172589122720708704e-12 4.059615628321147448e-13 -1.353806459111300576e-12
-2.528181697116676596e-11 -2.896417388331889320e-11 5.440691779040658273e-12 1.193916422795163186e-11 -2.101200124417216084e-11 -5.048486756161677441e-12 -3.209870632614998356e-12 -1.465894299765602021e-13 -1.318129754616480070e-12 1.066796158920316389e-12 4.171746682968551100e-12 7.871015874855779930e-12 1.541733632091274198e-11 3.540337559826476130e-11 1.432231254019204278e-11 7.768486741944328628e-12 3.539925138893888455e-12 2.772980133504171818e-12 7.453880324254496937e-13 1.657718861843072866e-12 9.572378486144877608e-14 -1.360379588650025075e-12 6.658753715028525735e-13 1.003556682697679688e-12 -9.145912938108783354e-13 -1.505146751652193759e-12
3.148493299682919228e-11 -1.663452666699327447e-11 1.313335905892718151e-11 1.321931572158343127e-11 -1.562021278500528036e-11 -1.163832812113268817e-11 3.656455579732639176e-13 -3.287918344577609998e-12 -7.750041869626101431e-12 2.494870942206801055e-12 -2.433156357704668416e-13 1.902786664613912062e-12 4.765877245573033478e-12 1.432231254019204278e-11 3.223297909586374689e-11 1.323294777072878546e-11 5.669489796123158146e-12 3.420548950382492476e-12 1.991863973546463353e-12 3.383493209091378519e-12 -5.865697139111188408e-15 -9.945608003620710626e-13 1.668033134346897068e-12 1.409610771728451333e-12 6.425431721014983438e-14 -1.596892927367540705e-12
1.863694131964577693e-11 -3.905876368738090657e-11 2.472476374408362773e-11 1.125370001844984190e-11 -1.581984675940812977e-11 -1.427091624319932348e-11 -5.089079303894663148e-12 1.445981332642660167e-12 -4.189307955916315704e-12 4.020285831804698357e-12 8.839481890069060306e-12 5.148143131646627756e-12 1.080304908817622497e-12 7.768486741944328628e-12 1.323294777072878546e-11 2.653813283052556018e-11 8.940961292175114799e-12 3.752468258107648602e-12 4.725980185422529560e-12 2.296947163395680093e-12 -2.181432607937038510e-12 1.708148844478203167e-13 1.093287235455632103e-12 -8.226107595210490767e-13 1.026028015514732530e-13 1.023960540027807122e-12
1.730233721871042112e-11 -1.421117434287641710e-11 2.316899180579021606e-13 8.039615588763037249e-12 -1.177834285251457262e-11 -2.532034546725316625e-12 -8.025283106589807538e-13 1.353645396798814506e-11 6.180398551422095503e-13 7.980749431065778408e-12 5.019732918612459743e-12 6.202408395710757835e-12 1.652538622093814573e-12 3.539925138893888455e-12 5.669489796123158146e-12 8.940961292175114799e-12 2.591587302474100285e-11 1.192917690446937731e-11 5.294023024946233485e-12 2.229290843461259812e-12 -7.273035646672639722e-13 -1.027675210463302186e-12 -9.786989226398409046e-13 -6.706719841997382232e-13 -2.273526575456370951e-13 1.355638091936234929e-13
-3.468461619047564766e-12 -1.520912881468995821e-11 -1.286518290202467598e-11 1.823010510198818409e-11 -1.019488747486246077e-11 -1.135349197690142312e-12 -8.124838711122318983e-12 8.025659886471957973e-13 -2.028212852823196387e-13 3.191599536951557835e-12 4.866896957561411913e-12 2.595738990719108483e-12 -2.117189480061531397e-14 2.772980133504171818e-12 3.420548950382492476e-12 3.752468258107648602e-12 1.192917690446937731e-11 2.312686590540003420e-11 8.819026073029997469e-12 2.726327517765219001e-12 -1.030365036721956353e-13 -7.955305314014723481e-13 -9.252885958059236714e-13 4.967327293533111115e-13 8.553843691772543707e-13 3.825901358476539847e-14
1.619871249668205858e-11 -2.573698904643925084e-11 -1.684735885171124358e-11 1.970933167864336078e-11 6.562937368230546124e-13 -3.196586127681806382e-12 -2.543665237236596978e-12 7.295883871765571559e-12 5.053405286491551801e-12 5.126046880950117918e-12 6.119207694629090049e-12 2.666140128249427028e-12 7.652040349139313097e-13 7.453880324254496937e-13 1.991863973546463353e-12 4.725980185422529560e-12 5.294023024946233485e-12 8.819026073029997469e-12 2.010777783757283000e-11 8.038316969956090816e-12 2.637241879170094189e-12 1.367369581001206467e-12 -2.150329927321577703e-13 2.050145656757936778e-12 1.059560094285058260e-12 3.690306512638978622e-13
-5.706573567292844841e-12 -6.178283203679442378e-12 -1.935365126114946645e-11 8.253636323081865355e-12 2.185876548090323097e-12 -4.851704005788473715e-12 -4.996176641301916673e-12 -1.378003116279894265e-12 1.840152781677427184e-12 1.318280815530924037e-12 3.852077649880826757e-12 2.669500707676278782e-12 1.681611848977168553e-12 1.657718861843072866e-12 3.383493209091378519e-12 2.296947163395680093e-12 2.229290843461259812e-12 2.726327517765219001e-12 8.038316969956090816e-12 1.398492788556553944e-11 7.107859911339419877e-12 2.915282784711995084e-12 9.141236669715067721e-14 1.218411616438407610e-12 1.016668893824467173e-12 1.435379225309116391e-13
-5.221960029414792489e-13 -6.519724111266775451e-12 -7.133301034681999319e-12 8.115490426476540445e-12 -1.837709899644305667e-12 5.905883532840525028e-12 -4.081573902952306333e-12 -4.908062712217420826e-12 3.536037812983610555e-12 -2.209804914549865986e-12 5.929139894239640695e-13 -1.294461360523005720e-12 1.435486108648280080e-12 9.572378486144877608e-14 -5.865697139111188408e-15 -2.181432607937038510e-12 -7.273035646672639722e-13 -1.030365036721956353e-13 2.637241879170094189e-12 7.107859911339419877e-12 1.762081875210878602e-11 7.530221577389050986e-12 1.881659177556625654e-12 1.387753101150003993e-12 4.978481621738604091e-13 7.320410658852004943e-13
8.386435842920647818e-12 -4.005022713529153828e-12 -8.468258579106206645e-12 4.444396870312988398e-12 4.411350104082908409e-12 2.188805036142487768e-12 -2.176652898517300641e-12 -2.716908713879629871e-12 3.284989095717718287e-12 4.700327966169748479e-13 3.487284401734323272e-12 -1.275924897061581108e-12 7.239372288258926486e-13 -1.360379588650025075e-12 -9.945608003620710626e-13 1.708148844478203167e-13 -1.027675210463302186e-12 -7.955305314014723481e-13 1.367369581001206467e-12 2.915282784711995084e-12 7.530221577389050986e-12 1.305921066636333011e-11 4.708876008974744592e-12 5.957515485943044405e-13 6.831346180431439538e-13 1.050165080540490217e-12
9.913197527876654262e-13 7.107775981596156239e-12 1.638440970490339125e-12 4.580267385018798180e-12 1.600021236341750434e-12 -4.324725186401292040e-12 6.578890526207249052e-12 2.236274592333450927e-13 6.308141022106471129e-13 9.056765011821439206e-13 1.642614206096205001e-12 -7.081870396481517413e-13 1.599769176750309417e-12 6.658753715028525735e-13 1.668033134346897068e-12 1.093287235455632103e-12 -9.786989226398409046e-13 -9.252885958059236714e-13 -2.150329927321577703e-13 9.141236669715067721e-14 1.881659177556625654e-12 4.708876008974744592e-12 8.599762918422023261e-12 3.502999475481288272e-12 1.106978238749160650e-12 4.075675343376094466e-13
4.680693718007713894e-12 -1.044689150275898034e-12 -4.128713399690852583e-12 1.057477339060985187e-11 -5.099947646342626526e-13 4.315748804911723531e-12 2.258024522912603557e-12 3.005143056038996448e-12 2.106021208910418066e-12 4.489476215775983390e-13 2.227634775988998426e-12 4.963176915170569669e-13 2.172589122720708704e-12 1.003556682697679688e-12 1.409610771728451333e-12 -8.226107595210490767e-13 -6.706719841997382232e-13 4.967327293533111115e-13 2.050145656757936778e-12 1.218411616438407610e-12 1.387753101150003993e-12 5.957515485943044405e-13 3.502999475481288272e-12 8.746945817060301253e-12 2.721196516107245151e-12 3.256143980659915254e-13
-1.360556018761794608e-11 -8.513921200005032576e-12 5.035018267211682054e-12 3.782096142361397007e-12 -8.568995122244978996e-13 -1.795226250189689793e-12 -5.873197117610279824e-12 2.076691711610897859e-12 -1.743236540640232840e-12 6.732396367167655383e-13 -3.473142341522414143e-13 1.406978918298011338e-12 4.059615628321147448e-13 -9.145912938108783354e-13 6.425431721014983438e-14 1.026028015514732530e-13 -2.273526575456370951e-13 8.553843691772543707e-13 1.059560094285058260e-12 1.016668893824467173e-12 4.978481621738604091e-13 6.831346180431439538e-13 1.106978238749160650e-12 2.721196516107245151e-12 5.870210603222401052e-12 1.270760554064239297e-12
9.601489334008548725e-13 -9.275935761491628192e-12 -3.532733778111824577e-12 -9.856841579297625691e-13 -3.273820442392237482e-12 4.998002016543039376e-13 -2.129182338989447500e-12 6.963864449020980974e-13 -1.449336812479456739e-12 6.523591803838278897e-13 5.380344458389046070e-13 -3.865446089462744665e-14 -1.353806459111300576e-12 -1.505146751652193759e-12 -1.596892927367540705e-12 1.023960540027807122e-12 1.355638091936234929e-13 3.825901358476539847e-14 3.690306512638978622e-13 1.435379225309116391e-13 7.320410658852004943e-13 1.050165080540490217e-12 4.075675343376094466e-13 3.256143980659915254e-13 1.270760554064239297e-12 4.184280994213587868e-12
