2.224485365581392547e-09 1.738287268546505669e-10 1.892528958508413157e-11 -8.447294526679854456e-11 8.076752200190291637e-11 9.426117202608528022e-12 3.520476935966720214e-11 -1.424836379371888627e-11 -4.655333284756784337e-11 5.867383602158245125e-12 -2.058052391980197873e-12 1.409503012046845706e-11 6.003855289067478758e-11 1.524463743593852786e-11 -2.329884601894463882e-11 1.012742788765557154e-11 1.110431860880245792e-11 1.147128335728434421e-11 1.545076021163759597e-11 7.433519983598575588e-12 1.548754862419160442e-11 -9.762707846851951406e-13 1.653499539257580792e-12 2.082198461176641554e-12 4.717653924782256458e-12 6.574501223694729397e-12
1.738287268546505669e-10 1.403429118387999718e-09 5.215604293630058615e-11 1.034040839890190272e-10 6.985544764066913676e-11 7.939466339155079961e-12 2.672639804156460698e-11 1.326312509837329182e-11 1.477117342501457352e-13 -1.173916309729109619e-11 -8.013278247107595533e-12 -3.119580794821021356e-12 2.792708724142468355e-12 5.438976059516649592e-12 -1.771082869099648116e-11 -3.605357153582700046e-12 -8.964831741840951840e-12 -9.990452989701133481e-12 -5.072273516988925171e-12 -6.930330729104906438e-12 1.105023453633486931e-11 2.177173868427306537e-11 8.679926634788782489e-12 5.228977444191734984e-13 4.575196593364808470e-12 -5.525377560939784930e-12
1.892528958508413157e-11 5.215604293630058615e-11 7.786379826011828724e-10 2.964451093195055897e-11 2.156804206020453162e-11 -1.851777099478422914e-11 2.112696432778374100e-11 -9.288350186318064530e-12 -1.938988669004525897e-11 -1.485611322722912658e-12 1.139185042870756367e-12 -1.608183504349886650e-11 -5.021147358577616526e-12 2.547123197281693449e-12 2.026724117750828248e-12 -1.640241432454527023e-11 -2.035845510260475426e-11 -1.444893431949872101e-11 -9.972988680966815186e-12 -8.242271177912556705e-12 -1.240904360962533317e-11 -9.454464294548332628e-12 -6.220153795281266284e-12 5.487069179192158506e-12 3.379329834419343733e-12 -6.403328193876209573e-12
-8.447294526679854456e-11 1.034040839890190272e-10 2.964451093195055897e-11 5.808740932240986703e-10 8.967777324067759022e-11 3.146603292018744284e-11 4.678879217247974126e-11 -2.173534983874540461e-12 -2.302655695353701283e-11 -1.534744291359533167e-11 -1.401332959082744730e-11 -5.209819881622349861e-12 8.862290492728319536e-12 1.027048721288832111e-11 8.784136258426299095e-12 -1.476746271915275489e-12 3.520651085455508985e-12 2.546080738380561644e-13 -4.390365586583098846e-12 -1.637306564609578197e-12 1.568994348534164312e-12 8.208661340771504015e-12 1.022366797054479536e-11 -2.207460560694817292e-13 2.379571204944111849e-12 1.193052970905252557e-12
8.076752200190291637e-11 6.985544764066913676e-11 2.156804206020453162e-11 8.967777324067759022e-11 3.963824866003183996e-10 3.455357474258252612e-11 6.542643135968497181e-12 -7.752759977686317670e-12 1.336518525326315240e-11 1.498596207884380176e-12 -3.069914773772655137e-12 1.338209358554595749e-11 1.440983401476235402e-12 -1.009026688378995016e-12 -9.494431633481805891e-12 -4.182412526146501804e-12 -4.655996236029532376e-12 -1.154454440552143515e-12 -4.392560865951693944e-12 -3.156378652384865462e-12 3.331066950217879008e-12 6.569019531252830251e-12 1.705060189247125526e-12 -2.683779506806688936e-12 -3.084530228195482831e-12 -2.283720790121021066e-12
9.426117202608528022e-12 7.939466339155079961e-12 -1.851777099478422914e-11 3.146603292018744284e-11 3.455357474258252612e-11 2.920331177844729494e-10 7.380767251506792093e-11 3.242494419622142661e-11 7.295028331776510873e-12 1.351401329539785139e-12 1.207064271926095337e-11 1.500060640297549890e-11 1.082986740472132630e-11 1.384876443433032527e-12 7.181507191108925352e-12 6.420513351076256073e-12 -8.728631746698907097e-14 5.762405721179281666e-12 1.001222188773618571e-11 5.147885483615445954e-12 5.123947195417088808e-12 3.868818519754859070e-12 7.587109051026251469e-12 3.080201242804717800e-12 -7.616117804452547091e-14 -6.134794347945732332e-14
3.520476935966720214e-11 2.672639804156460698e-11 2.112696432778374100e-11 4.678879217247974126e-11 6.542643135968497181e-12 7.380767251506792093e-11 2.260299592500820600e-10 3.950618372969019902e-11 1.389842909045817888e-11 6.674633024832123063e-12 4.357742663978714078e-12 1.203604088372903322e-12 -2.003662251675278033e-13 -1.885354058997397159e-12 -8.931243987319569309e-12 -5.020157092760298214e-12 -6.030310278839248687e-12 -4.254039714273971978e-13 -1.556576254040548357e-12 -1.208792476201313391e-12 1.786856305747895320e-12 4.526417866138185995e-14 -3.587002175440497109e-12 -1.985702652851986098e-12 1.156117793440370720e-13 2.304005795798125237e-12
-1.424836379371888627e-11 1.326312509837329182e-11 -9.288350186318064530e-12 -2.173534983874540461e-12 -7.752759977686317670e-12 3.242494419622142661e-11 3.950618372969019902e-11 1.278889876998910103e-10 2.602153087537840624e-11 1.471271464309958994e-11 6.795174269529871227e-12 1.537341174361345585e-11 5.840803175351345094e-12 -5.849200765553639157e-14 -7.509530830979110150e-12 -7.406869211701897000e-12 -1.382341200139214165e-12 -3.767919268770499120e-12 -3.612511293072812579e-13 -6.258937276482183286e-13 -5.912307833558205128e-12 -2.351469250259596425e-12 3.128402894881283521e-12 -2.297167134008451610e-12 -3.090409416188367271e-12 -1.409321649964730562e-12
-4.655333284756784337e-11 1.477117342501457352e-13 -1.938988669004525897e-11 -2.302655695353701283e-11 1.336518525326315240e-11 7.295028331776510873e-12 1.389842909045817888e-11 2.602153087537840624e-11 1.140528412497030939e-10 1.908752337531438494e-11 5.990518251112462204e-12 2.444997001215871154e-12 4.737522546662503993e-13 -2.292193180798690751e-12 4.684543930405739675e-14 -1.619594217013775743e-12 -3.755005270440811361e-12 1.557353986175813140e-14 2.831039997531365513e-12 1.911697560756715071e-12 -3.319632008580814636e-12 1.618340355709216086e-12 2.765192631555852413e-12 1.831554114361158152e-12 1.060179330765300080e-12 -3.025068406716419341e-13
5.867383602158245125e-12 -1.173916309729109619e-11 -1.485611322722912658e-12 -1.534744291359533167e-11 1.498596207884380176e-12 1.351401329539785139e-12 6.674633024832123063e-12 1.471271464309958994e-11 1.908752337531438494e-11 7.634006787680970261e-11 1.424430219351342519e-11 5.366803625500156479e-12 4.865243007045443510e-12 1.419975206255524534e-12 -1.652149214295020434e-12 -2.298768604342895629e-12 1.959123814919788055e-12 -8.059161143606959264e-14 -1.822213773667259285e-12 2.641338268148326818e-12 -1.005002591030877105e-13 -1.798750423238324235e-12 -3.802310332114026269e-12 -3.310617880720034986e-12 -3.418179918369543402e-12 -1.533305575151172030e-12
-2.058052391980197873e-12 -8.013278247107595533e-12 1.139185042870756367e-12 -1.401332959082744730e-11 -3.069914773772655137e-12 1.207064271926095337e-11 4.357742663978714078e-12 6.795174269529871227e-12 5.990518251112462204e-12 1.424430219351342519e-11 6.001577326882298386e-11 1.671447420077858453e-11 1.207803256055393305e-11 1.116842972718037473e-11 7.816492061295737238e-12 4.710498663173157611e-12 -1.916283212797937720e-13 1.160708140438011890e-13 1.634212146232982120e-12 -5.280651072190959375e-14 -2.721220547683125170e-12 3.338716219601928351e-13 -4.221424452946727074e-13 -5.364919141553290248e-14 2.393952245471939312e-13 5.048019834109172239e-13
1.409503012046845706e-11 -3.119580794821021356e-12 -1.608183504349886650e-11 -5.209819881622349861e-12 1.338209358554595749e-11 1.500060640297549890e-11 1.203604088372903322e-12 1.537341174361345585e-11 2.444997001215871154e-12 5.366803625500156479e-12 1.671447420077858453e-11 4.928691795644718605e-11 1.730375459513913481e-11 1.005218534785382007e-11 3.993591710178730797e-12 -1.498308624691567774e-12 1.230435022260803782e-13 -6.148010609902623718e-13 -1.036780514848466778e-12 -1.672498108921973223e-12 2.028383657032588011e-13 2.278745938649121727e-12 8.105993404190977843e-13 1.496879965321425583e-12 -9.486774305562496021e-13 5.698200402543020303e-13
6.003855289067478758e-11 2.792708724142468355e-12 -5.021147358577616526e-12 8.862290492728319536e-12 1.440983401476235402e-12 1.082986740472132630e-11 -2.003662251675278033e-13 5.840803175351345094e-12 4.737522546662503993e-13 4.865243007045443510e-12 1.207803256055393305e-11 1.730375459513913481e-11 4.287744856133329891e-11 1.680228840648673640e-11 7.617181835296876244e-12 6.948523790228734472e-12 3.737878965116034245e-12 -5.900047387480641019e-13 9.256543356765900769e-13 -1.357994874486590178e-12 -1.560579219994704423e-12 1.186142187279055619e-12 2.083241926893694119e-12 1.736721401635253571e-12 1.654990496807533519e-13 -7.782489418911564983e-14
1.524463743593852786e-11 5.438976059516649592e-12 2.547123197281693449e-12 1.027048721288832111e-11 -1.009026688378995016e-12 1.384876443433032527e-12 -1.885354058997397159e-12 -5.849200765553639157e-14 -2.292193180798690751e-12 1.419975206255524534e-12 1.116842972718037473e-11 1.005218534785382007e-11 1.680228840648673640e-11 3.053053411966475686e-11 1.573956911007502314e-11 8.198773294948332973e-12 3.588055174244706555e-12 1.059006862508115452e-12 -6.595157652360869593e-13 -2.446605895634065873e-12 -9.063349789023819893e-14 1.150005895952018926e-12 3.865514004686384128e-13 1.503453837857775622e-12 5.748072148768862819e-13 -1.401818307682609077e-13
-2.329884601894463882e-11 -1.771082869099648116e-11 2.026724117750828248e-12 8.784136258426299095e-12 -9.494431633481805891e-12 7.181507191108925352e-12 -8.931243987319569309e-12 -7.509530830979110150e-12 4.684543930405739675e-14 -1.652149214295020434e-12 7.816492061295737238e-12 3.993591710178730797e-12 7.617181835296876244e-12 1.573956911007502314e-11 3.048716043019765497e-11 1.516414975631961991e-11 6.325884430000197580e-12 2.879631914306126868e-12 7.098311026204636958e-13 1.240193268359613724e-13 1.402855978543765378e-12 2.448862185421298532e-12 2.452741293550909630e-13 1.331835941014672838e-12 -1.040492970875523221e-12 -1.745631138165523101e-12
1.012742788765557154e-11 -3.605357153582700046e-12 -1.640241432454527023e-11 -1.476746271915275489e-12 -4.182412526146501804e-12 6.420513351076256073e-12 -5.020157092760298214e-12 -7.406869211701897000e-12 -1.619594217013775743e-12 -2.298768604342895629e-12 4.710498663173157611e-12 -1.498308624691567774e-12 6.948523790228734472e-12 8.198773294948332973e-12 1.516414975631961991e-11 2.571007337349460445e-11 1.096601566534276175e-11 5.018277602630878763e-12 2.818477426063216328e-12 1.494455954054104836e-12 1.867409937257555282e-12 1.294657501288529320e-12 1.516730819385653776e-12 2.219004657028638478e-12 2.995926555780446028e-13 -4.342779952297260973e-13
1.110431860880245792e-11 -8.964831741840951840e-12 -2.035845510260475426e-11 3.520651085455508985e-12 -4.655996236029532376e-12 -8.728631746698907097e-14 -6.030310278839248687e-12 -1.382341200139214165e-12 -3.755005270440811361e-12 1.959123814919788055e-12 -1.916283212797937720e-13 1.230435022260803782e-13 3.737878965116034245e-12 3.588055174244706555e-12 6.325884430000197580e-12 1.096601566534276175e-11 2.121644527884776576e-11 1.012934239375710465e-11 4.738622032372197747e-12 2.195361298221457065e-12 1.538095248421058789e-12 1.048216698081602424e-12 6.600362558838321667e-13 1.362127869587982180e-12 4.122514144502946241e-13 -4.530094527910527299e-13
1.147128335728434421e-11 -9.990452989701133481e-12 -1.444893431949872101e-11 2.546080738380561644e-13 -1.154454440552143515e-12 5.762405721179281666e-12 -4.254039714273971978e-13 -3.767919268770499120e-12 1.557353986175813140e-14 -8.059161143606959264e-14 1.160708140438011890e-13 -6.148010609902623718e-13 -5.900047387480641019e-13 1.059006862508115452e-12 2.879631914306126868e-12 5.018277602630878763e-12 1.012934239375710465e-11 1.595632993219619272e-11 7.311115409459270163e-12 3.945622607427681023e-12 1.927767504842523055e-12 3.394537348354277600e-13 -1.126794904943840608e-13 1.508877354651150972e-12 7.746488096457227802e-13 9.405455583434232825e-14
1.545076021163759597e-11 -5.072273516988925171e-12 -9.972988680966815186e-12 -4.390365586583098846e-12 -4.392560865951693944e-12 1.001222188773618571e-11 -1.556576254040548357e-12 -3.612511293072812579e-13 2.831039997531365513e-12 -1.822213773667259285e-12 1.634212146232982120e-12 -1.036780514848466778e-12 9.256543356765900769e-13 -6.595157652360869593e-13 7.098311026204636958e-13 2.818477426063216328e-12 4.738622032372197747e-12 7.311115409459270163e-12 1.453125820012902219e-11 7.270245599104783711e-12 3.279373388958865415e-12 4.257467593759708424e-13 2.952574326319378706e-13 1.509209042061365751e-12 9.226292699707960616e-13 3.059975888266302666e-13
7.433519983598575588e-12 -6.930330729104906438e-12 -8.242271177912556705e-12 -1.637306564609578197e-12 -3.156378652384865462e-12 5.147885483615445954e-12 -1.208792476201313391e-12 -6.258937276482183286e-13 1.911697560756715071e-12 2.641338268148326818e-12 -5.280651072190959375e-14 -1.672498108921973223e-12 -1.357994874486590178e-12 -2.446605895634065873e-12 1.240193268359613724e-13 1.494455954054104836e-12 2.195361298221457065e-12 3.945622607427681023e-12 7.270245599104783711e-12 1.399072107897987794e-11 7.113001571969391367e-12 1.733067771856682303e-12 2.985341708032125547e-13 4.432430710398272735e-13 -2.887450820798439024e-13 1.202560677173189124e-13
1.548754862419160442e-11 1.105023453633486931e-11 -1.240904360962533317e-11 1.568994348534164312e-12 3.331066950217879008e-12 5.123947195417088808e-12 1.786856305747895320e-12 -5.912307833558205128e-12 -3.319632008580814636e-12 -1.005002591030877105e-13 -2.721220547683125170e-12 2.028383657032588011e-13 -1.560579219994704423e-12 -9.063349789023819893e-14 1.402855978543765378e-12 1.867409937257555282e-12 1.538095248421058789e-12 1.927767504842523055e-12 3.279373388958865415e-12 7.113001571969391367e-12 1.191620822174599300e-11 4.912255292231111231e-12 1.188155577661646409e-12 3.004091063437517321e-13 -8.859665397960944781e-13 -6.425104292999739118e-13
-9.762707846851951406e-13 2.177173868427306537e-11 -9.454464294548332628e-12 8.208661340771504015e-12 6.569019531252830251e-12 3.868818519754859070e-12 4.526417866138185995e-14 -2.351469250259596425e-12 1.618340355709216086e-12 -1.798750423238324235e-12 3.338716219601928351e-13 2.278745938649121727e-12 1.186142187279055619e-12 1.150005895952018926e-12 2.448862185421298532e-12 1.294657501288529320e-12 1.048216698081602424e-12 3.394537348354277600e-13 4.257467593759708424e-13 1.733067771856682303e-12 4.912255292231111231e-12 1.022318237396163531e-11 5.633491698037672559e-12 2.294269072867459263e-12 3.677683477075348318e-13 -1.166483663817145617e-13
1.653499539257580792e-12 8.679926634788782489e-12 -6.220153795281266284e-12 1.022366797054479536e-11 1.705060189247125526e-12 7.587109051026251469e-12 -3.587002175440497109e-12 3.128402894881283521e-12 2.765192631555852413e-12 -3.802310332114026269e-12 -4.221424452946727074e-13 8.105993404190977843e-13 2.083241926893694119e-12 3.865514004686384128e-13 2.452741293550909630e-13 1.516730819385653776e-12 6.600362558838321667e-13 -1.126794904943840608e-13 2.952574326319378706e-13 2.985341708032125547e-13 1.188155577661646409e-12 5.633491698037672559e-12 9.900619232181138429e-12 4.219876744772018328e-12 1.203868426877988270e-12 8.209046551613354262e-13
2.082198461176641554e-12 5.228977444191734984e-13 5.487069179192158506e-12 -2.207460560694817292e-13 -2.683779506806688936e-12 3.080201242804717800e-12 -1.985702652851986098e-12 -2.297167134008451610e-12 1.831554114361158152e-12 -3.310617880720034986e-12 -5.364919141553290248e-14 1.496879965321425583e-12 1.736721401635253571e-12 1.503453837857775622e-12 1.331835941014672838e-12 2.219004657028638478e-12 1.362127869587982180e-12 1.508877354651150972e-12 1.509209042061365751e-12 4.432430710398272735e-13 3.004091063437517321e-13 2.294269072867459263e-12 4.219876744772018328e-12 8.242933729023282126e-12 4.154292675322728466e-12 1.040339270095597250e-12
4.717653924782256458e-12 4.575196593364808470e-12 3.379329834419343733e-12 2.379571204944111849e-12 -3.084530228195482831e-12 -7.616117804452547091e-14 1.156117793440370720e-13 -3.090409416188367271e-12 1.060179330765300080e-12 -3.418179918369543402e-12 2.393952245471939312e-13 -9.486774305562496021e-13 1.654990496807533519e-13 5.748072148768862819e-13 -1.040492970875523221e-12 2.995926555780446028e-13 4.122514144502946241e-13 7.746488096457227802e-13 9.226292699707960616e-13 -2.887450820798439024e-13 -8.859665397960944781e-13 3.677683477075348318e-13 1.203868426877988270e-12 4.154292675322728466e-12 6.904617661933758097e-12 1.792287399065363197e-12
6.574501223694729397e-12 -5.525377560939784930e-12 -6.403328193876209573e-12 1.193052970905252557e-12 -2.283720790121021066e-12 -6.134794347945732332e-14 2.304005795798125237e-12 -1.409321649964730562e-12 -3.025068406716419341e-13 -1.533305575151172030e-12 5.048019834109172239e-13 5.698200402543020303e-13 -7.782489418911564983e-14 -1.401818307682609077e-13 -1.745631138165523101e-12 -4.342779952297260973e-13 -4.530094527910527299e-13 9.405455583434232825e-14 3.059975888266302666e-13 1.202560677173189124e-13 -6.425104292999739118e-13 -1.166483663817145617e-13 8.209046551613354262e-13 1.040339270095597250e-12 1.792287399065363197e-12 3.966153893551311908e-12
