2.732119335472768365e-09 3.489964497557888724e-10 2.379550908231790948e-10 2.355790732012884344e-11 1.205648714176546800e-10 5.962976304977858288e-11 -6.539498156858246523e-11 4.562453735761718665e-12 2.879687964625846759e-12 2.372108930645662153e-11 -3.866155780856813999e-13 -4.313607741973576344e-11 -3.362338342049022424e-11 5.672907227099672294e-12 -8.251300036927132403e-12 1.183957050590196325e-11 -3.138264992273998397e-11 2.793558567476099695e-12 8.884425215983247061e-12 1.559430221673311412e-11 1.816741547581119797e-11 2.307137380395552825e-11 1.089709725875530502e-11 5.000564853825836574e-12 -4.172841651093771031e-12 -1.575121449401360986e-13
3.489964497557888724e-10 1.638408679143316589e-09 1.597319360221206774e-11 -1.214082419423911230e-11 4.125799230693131076e-11 2.582605191852882158e-11 1.549940475708701721e-11 -7.302436622821137001e-12 -4.406520667926060933e-11 -1.162042213553284444e-11 -2.913346760797800725e-11 -1.171518803464737957e-11 -2.253672712924416416e-11 7.126383074781013961e-13 -8.479573710455090082e-12 -5.435705565125065355e-14 -1.626152499981615469e-11 -7.405499660718380296e-12 2.904265187514556997e-12 7.248530984169209213e-12 -6.964728638639343522e-12 4.383733218626169671e-12 1.591857449828724728e-12 6.574873799903435959e-12 8.920461421067931076e-13 3.690539869325566517e-12
2.379550908231790948e-10 1.597319360221206774e-11 1.120653186786650643e-09 1.025974729250912555e-10 8.390258323253326628e-11 4.843046282982285639e-11 -2.850378865015726417e-11 -1.783288396842247920e-11 -3.948794262872096996e-11 -3.063654661757769183e-11 -3.328923765686412071e-12 -2.131362768599784426e-11 2.428324359367626146e-12 -1.461703963774168969e-11 1.882627949332958055e-12 1.090606089125005136e-11 4.846575804359398270e-12 -1.206390191530641886e-12 1.658598154635316754e-12 1.665872772995743108e-11 1.456875748071841465e-11 7.730467485717775596e-12 -9.436754976061913101e-13 -2.352765465405419078e-12 -1.450972288701255812e-12 -2.986313481381041701e-12
2.355790732012884344e-11 -1.214082419423911230e-11 1.025974729250912555e-10 6.876438476246431332e-10 4.770731824215200491e-11 5.420627417554746896e-11 1.716757993199625989e-11 3.655202286432744879e-12 -1.734866740942590397e-11 1.716525759976995951e-11 2.393242439586440919e-11 5.284455919061146682e-13 1.922429926769184997e-11 2.791742287960992122e-11 1.576600625583484242e-11 2.080492651443419414e-11 1.670851000258822780e-11 8.817678192725814706e-12 2.324473954161361836e-12 1.879782055796996708e-12 -6.331876328497549624e-12 4.361766441490058222e-12 -1.100029821290457257e-12 -5.304074034395380675e-12 1.238541430410994814e-12 1.657583012643119627e-12
1.205648714176546800e-10 4.125799230693131076e-11 8.390258323253326628e-11 4.770731824215200491e-11 4.376859395083958329e-10 1.452969826914751783e-11 6.772154653270659455e-12 -1.463169264249300812e-11 -1.236412418153882721e-11 9.626457087954699420e-12 -8.269530149546893533e-12 5.387361026654822843e-12 7.408894379435782742e-12 2.516601782600829378e-13 1.571159600709801051e-12 1.314725832699974559e-11 2.287387284691814373e-12 -7.096545008381251682e-12 -3.895469717115071662e-12 1.137120263819560090e-11 1.947450998618884964e-12 7.718258634514464742e-12 8.352902426555766656e-12 -4.894908844395216761e-13 -1.733404426626142567e-12 1.549867812545179377e-12
5.962976304977858288e-11 2.582605191852882158e-11 4.843046282982285639e-11 5.420627417554746896e-11 1.452969826914751783e-11 3.314228033761317686e-10 1.619817930741197000e-11 1.102307468203143070e-11 7.524765886700562759e-12 1.255469799743635308e-11 2.029919909589587883e-11 1.661382788641681960e-11 2.734136732384142806e-12 4.739549915139485962e-12 4.690210451066782607e-12 3.664996355377469403e-12 3.378681851241817573e-12 -2.024319414990751558e-12 -2.374014989399282569e-12 6.054074475049873205e-12 4.996306360796535693e-13 -3.694113174022062604e-12 -1.873835177980183908e-14 -1.850179047506389681e-12 3.776014295911051797e-13 -6.571559325665288012e-13
-6.539498156858246523e-11 1.549940475708701721e-11 -2.850378865015726417e-11 1.716757993199625989e-11 6.772154653270659455e-12 1.619817930741197000e-11 1.920030190387257275e-10 1.944104986366159520e-11 -2.709249154463600685e-13 2.187018204675891127e-12 9.009606590293794710e-13 8.117228494496335699e-12 2.363787408273444413e-12 -5.432943881878677148e-12 -9.156525876975050427e-13 3.172380124474570604e-12 2.529446164076610788e-12 1.848472685105347705e-12 1.804233257170879354e-12 3.750119135201478826e-12 2.333519656940888006e-12 1.609423665257003600e-12 -6.627683658681280698e-13 8.335067951928486753e-13 2.605995878806188330e-13 -7.697881081634761698e-13
4.562453735761718665e-12 -7.302436622821137001e-12 -1.783288396842247920e-11 3.655202286432744879e-12 -1.463169264249300812e-11 1.102307468203143070e-11 1.944104986366159520e-11 1.383237523506112185e-10 1.743461555630347991e-11 1.158927430477611017e-11 6.687770816985745887e-12 4.926956846655895020e-12 6.964252949744242482e-12 7.477465528212974160e-12 2.376234836820923722e-12 2.944349646450542011e-12 1.413575250437988303e-12 -1.635102078220668061e-12 5.827549782070861060e-12 -3.574982896792175245e-12 -5.912561197507108549e-12 -2.187908732464073734e-12 2.756758683686642959e-12 3.915460246205059637e-13 -2.102805084296148537e-12 -1.452857098678158387e-12
2.879687964625846759e-12 -4.406520667926060933e-11 -3.948794262872096996e-11 -1.734866740942590397e-11 -1.236412418153882721e-11 7.524765886700562759e-12 -2.709249154463600685e-13 1.743461555630347991e-11 1.019266186149750679e-10 2.139235038303417632e-11 1.892079436652040180e-11 3.292383042409197674e-12 5.357548394822799141e-12 -3.398778084363726825e-12 -2.821378770101035421e-14 -5.039527424615700856e-12 -1.229728867355206683e-12 5.222127224563619714e-13 1.440061262908929890e-12 -3.330285645290475306e-12 -1.332491195441449847e-12 -3.266731018383819641e-12 -2.892380123273273736e-14 -5.076555987458784388e-13 -1.435398924172997009e-12 -1.069890318080471793e-12
2.372108930645662153e-11 -1.162042213553284444e-11 -3.063654661757769183e-11 1.716525759976995951e-11 9.626457087954699420e-12 1.255469799743635308e-11 2.187018204675891127e-12 1.158927430477611017e-11 2.139235038303417632e-11 9.390661531844748121e-11 2.707607583615718405e-11 1.560200949456928765e-11 2.110866181787312664e-12 4.536017043878753815e-12 2.139473367901221912e-12 3.467009476007787387e-12 -1.487155057432043185e-12 3.174596979552879331e-12 1.994381606170208321e-12 2.085195423565428323e-12 -1.229393286392179336e-12 -9.011791524510740021e-13 1.309300474598185058e-12 7.216740760214990137e-14 -6.366385764691392713e-14 -4.534990562184101690e-13
-3.866155780856813999e-13 -2.913346760797800725e-11 -3.328923765686412071e-12 2.393242439586440919e-11 -8.269530149546893533e-12 2.029919909589587883e-11 9.009606590293794710e-13 6.687770816985745887e-12 1.892079436652040180e-11 2.707607583615718405e-11 6.806550715568657268e-11 1.937056803270782808e-11 9.157112279770428187e-12 1.248309480816612352e-12 9.146511077341712149e-13 -7.536655502253065652e-13 -2.193584587547987231e-12 1.612276361113624283e-13 -2.960008118770729145e-12 -1.099766535709421847e-12 -1.918587444785299886e-12 -1.307286888428319191e-12 -2.779930421851637150e-14 -1.821717133823123208e-12 -8.027976870002332160e-13 1.473859991887320465e-12
-4.313607741973576344e-11 -1.171518803464737957e-11 -2.131362768599784426e-11 5.284455919061146682e-13 5.387361026654822843e-12 1.661382788641681960e-11 8.117228494496335699e-12 4.926956846655895020e-12 3.292383042409197674e-12 1.560200949456928765e-11 1.937056803270782808e-11 4.379854325776173694e-11 1.343896182304109592e-11 9.264551429681331897e-12 4.673045703860849057e-12 2.494851014654128762e-12 1.087696864062101210e-12 5.968016600601180123e-14 -1.230188723742041963e-12 1.784425806917615537e-13 -3.756142946323913911e-12 -2.380519405522634701e-12 8.367379412419551132e-13 -3.277285316119525628e-14 -1.248853162545536619e-12 -9.781265301625180183e-13
-3.362338342049022424e-11 -2.253672712924416416e-11 2.428324359367626146e-12 1.922429926769184997e-11 7.408894379435782742e-12 2.734136732384142806e-12 2.363787408273444413e-12 6.964252949744242482e-12 5.357548394822799141e-12 2.110866181787312664e-12 9.157112279770428187e-12 1.343896182304109592e-11 3.523763242657836255e-11 1.584413956236806320e-11 7.408168957284591638e-12 2.927893540526435333e-12 2.862919363942896337e-12 -1.906146211364949514e-13 -1.548725958538127274e-12 -5.153986781598503848e-13 -2.663037496063134547e-12 -1.924286113006560328e-12 6.355743924319532250e-13 -3.111202135270309247e-13 -1.022062565402511999e-12 -6.584318722807174216e-14
5.672907227099672294e-12 7.126383074781013961e-13 -1.461703963774168969e-11 2.791742287960992122e-11 2.516601782600829378e-13 4.739549915139485962e-12 -5.432943881878677148e-12 7.477465528212974160e-12 -3.398778084363726825e-12 4.536017043878753815e-12 1.248309480816612352e-12 9.264551429681331897e-12 1.584413956236806320e-11 3.673489629361209570e-11 1.210033558131632812e-11 5.220135387330352216e-12 2.441038567374897503e-12 -1.069335350772434531e-12 1.592453460138726886e-13 -1.599453649180808165e-12 -2.304397963449120475e-12 -1.020096772633532215e-12 1.086136673884545887e-12 -8.671958661692091295e-13 -1.035489708036870163e-12 3.778119128430656123e-13
-8.251300036927132403e-12 -8.479573710455090082e-12 1.882627949332958055e-12 1.576600625583484242e-11 1.571159600709801051e-12 4.690210451066782607e-12 -9.156525876975050427e-13 2.376234836820923722e-12 -2.821378770101035421e-14 2.139473367901221912e-12 9.146511077341712149e-13 4.673045703860849057e-12 7.408168957284591638e-12 1.210033558131632812e-11 2.715768548061998684e-11 1.107368548364379916e-11 4.357109833685387243e-12 2.173969919543548560e-12 -8.758663852322420603e-13 6.773174255612826510e-13 -1.034314627611897411e-12 -1.451733535877556958e-13 4.618049258307439181e-13 -1.980620051519921429e-13 2.232288638107092554e-13 2.499363701974807158e-13
1.183957050590196325e-11 -5.435705565125065355e-14 1.090606089125005136e-11 2.080492651443419414e-11 1.314725832699974559e-11 3.664996355377469403e-12 3.172380124474570604e-12 2.944349646450542011e-12 -5.039527424615700856e-12 3.467009476007787387e-12 -7.536655502253065652e-13 2.494851014654128762e-12 2.927893540526435333e-12 5.220135387330352216e-12 1.107368548364379916e-11 2.054930748963923040e-11 8.344741367743144314e-12 1.883655493878406963e-12 -2.590430742982183152e-13 -6.940732628944885685e-13 -1.683966094630434211e-13 1.466753165456865135e-12 1.486677347907760860e-13 -1.467064260435222338e-12 -2.598090220342856039e-13 2.642997187375401214e-13
-3.138264992273998397e-11 -1.626152499981615469e-11 4.846575804359398270e-12 1.670851000258822780e-11 2.287387284691814373e-12 3.378681851241817573e-12 2.529446164076610788e-12 1.413575250437988303e-12 -1.229728867355206683e-12 -1.487155057432043185e-12 -2.193584587547987231e-12 1.087696864062101210e-12 2.862919363942896337e-12 2.441038567374897503e-12 4.357109833685387243e-12 8.344741367743144314e-12 2.158555205154822302e-11 8.348961059817840820e-12 9.269852819583151760e-13 -7.283971584759839284e-14 4.746670277859012226e-13 6.567379171771478184e-14 1.320606790680136737e-13 -1.609684367978737848e-12 6.589283517718026534e-14 6.127121506585311383e-13
2.793558567476099695e-12 -7.405499660718380296e-12 -1.206390191530641886e-12 8.817678192725814706e-12 -7.096545008381251682e-12 -2.024319414990751558e-12 1.848472685105347705e-12 -1.635102078220668061e-12 5.222127224563619714e-13 3.174596979552879331e-12 1.612276361113624283e-13 5.968016600601180123e-14 -1.906146211364949514e-13 -1.069335350772434531e-12 2.173969919543548560e-12 1.883655493878406963e-12 8.348961059817840820e-12 1.713329113738557144e-11 5.283518537053165810e-12 1.614850922770844235e-12 6.558147349697895268e-13 1.861815032671841933e-13 -1.095434279455608119e-12 -8.741982291286051893e-13 3.038034913396875566e-13 -1.519111631071403162e-13
8.884425215983247061e-12 2.904265187514556997e-12 1.658598154635316754e-12 2.324473954161361836e-12 -3.895469717115071662e-12 -2.374014989399282569e-12 1.804233257170879354e-12 5.827549782070861060e-12 1.440061262908929890e-12 1.994381606170208321e-12 -2.960008118770729145e-12 -1.230188723742041963e-12 -1.548725958538127274e-12 1.592453460138726886e-13 -8.758663852322420603e-13 -2.590430742982183152e-13 9.269852819583151760e-13 5.283518537053165810e-12 1.271862303882435606e-11 4.751938948856668620e-12 2.048959292870438399e-12 9.192497443228074274e-13 -6.520729724984354520e-13 4.220045798937082878e-15 -7.631519628522184490e-13 -4.613632344960194435e-14
1.559430221673311412e-11 7.248530984169209213e-12 1.665872772995743108e-11 1.879782055796996708e-12 1.137120263819560090e-11 6.054074475049873205e-12 3.750119135201478826e-12 -3.574982896792175245e-12 -3.330285645290475306e-12 2.085195423565428323e-12 -1.099766535709421847e-12 1.784425806917615537e-13 -5.153986781598503848e-13 -1.599453649180808165e-12 6.773174255612826510e-13 -6.940732628944885685e-13 -7.283971584759839284e-14 1.614850922770844235e-12 4.751938948856668620e-12 1.516014723477658599e-11 5.236027590837056694e-12 1.797395825547703030e-12 -5.050824984652150393e-14 7.719181559348817011e-13 7.324790141935510881e-13 1.138001608099195042e-13
1.816741547581119797e-11 -6.964728638639343522e-12 1.456875748071841465e-11 -6.331876328497549624e-12 1.947450998618884964e-12 4.996306360796535693e-13 2.333519656940888006e-12 -5.912561197507108549e-12 -1.332491195441449847e-12 -1.229393286392179336e-12 -1.918587444785299886e-12 -3.756142946323913911e-12 -2.663037496063134547e-12 -2.304397963449120475e-12 -1.034314627611897411e-12 -1.683966094630434211e-13 4.746670277859012226e-13 6.558147349697895268e-13 2.048959292870438399e-12 5.236027590837056694e-12 1.264752574524956586e-11 4.984280692686373807e-12 -2.643503064193310048e-13 1.273972046886950491e-13 4.802260026476802132e-13 1.814831464952813860e-13
2.307137380395552825e-11 4.383733218626169671e-12 7.730467485717775596e-12 4.361766441490058222e-12 7.718258634514464742e-12 -3.694113174022062604e-12 1.609423665257003600e-12 -2.187908732464073734e-12 -3.266731018383819641e-12 -9.011791524510740021e-13 -1.307286888428319191e-12 -2.380519405522634701e-12 -1.924286113006560328e-12 -1.020096772633532215e-12 -1.451733535877556958e-13 1.466753165456865135e-12 6.567379171771478184e-14 1.861815032671841933e-13 9.192497443228074274e-13 1.797395825547703030e-12 4.984280692686373807e-12 7.749148594460496195e-12 1.523573676056542934e-12 2.850423288299383694e-13 1.072008645465433668e-13 4.237204301051942829e-13
1.089709725875530502e-11 1.591857449828724728e-12 -9.436754976061913101e-13 -1.100029821290457257e-12 8.352902426555766656e-12 -1.873835177980183908e-14 -6.627683658681280698e-13 2.756758683686642959e-12 -2.892380123273273736e-14 1.309300474598185058e-12 -2.779930421851637150e-14 8.367379412419551132e-13 6.355743924319532250e-13 1.086136673884545887e-12 4.618049258307439181e-13 1.486677347907760860e-13 1.320606790680136737e-13 -1.095434279455608119e-12 -6.520729724984354520e-13 -5.050824984652150393e-14 -2.643503064193310048e-13 1.523573676056542934e-12 5.720066239200436689e-12 1.057265942182291274e-12 9.678681166028639430e-15 3.014681267699996559e-13
5.000564853825836574e-12 6.574873799903435959e-12 -2.352765465405419078e-12 -5.304074034395380675e-12 -4.894908844395216761e-13 -1.850179047506389681e-12 8.335067951928486753e-13 3.915460246205059637e-13 -5.076555987458784388e-13 7.216740760214990137e-14 -1.821717133823123208e-12 -3.277285316119525628e-14 -3.111202135270309247e-13 -8.671958661692091295e-13 -1.980620051519921429e-13 -1.467064260435222338e-12 -1.609684367978737848e-12 -8.741982291286051893e-13 4.220045798937082878e-15 7.719181559348817011e-13 1.273972046886950491e-13 2.850423288299383694e-13 1.057265942182291274e-12 4.220017970329984707e-12 4.069970405174834746e-13 -1.838915653326244267e-13
-4.172841651093771031e-12 8.920461421067931076e-13 -1.450972288701255812e-12 1.238541430410994814e-12 -1.733404426626142567e-12 3.776014295911051797e-13 2.605995878806188330e-13 -2.102805084296148537e-12 -1.435398924172997009e-12 -6.366385764691392713e-14 -8.027976870002332160e-13 -1.248853162545536619e-12 -1.022062565402511999e-12 -1.035489708036870163e-12 2.232288638107092554e-13 -2.598090220342856039e-13 6.589283517718026534e-14 3.038034913396875566e-13 -7.631519628522184490e-13 7.324790141935510881e-13 4.802260026476802132e-13 1.072008645465433668e-13 9.678681166028639430e-15 4.069970405174834746e-13 2.663599393179552675e-12 2.722429228534155016e-13
-1.575121449401360986e-13 3.690539869325566517e-12 -2.986313481381041701e-12 1.657583012643119627e-12 1.549867812545179377e-12 -6.571559325665288012e-13 -7.697881081634761698e-13 -1.452857098678158387e-12 -1.069890318080471793e-12 -4.534990562184101690e-13 1.473859991887320465e-12 -9.781265301625180183e-13 -6.584318722807174216e-14 3.778119128430656123e-13 2.499363701974807158e-13 2.642997187375401214e-13 6.127121506585311383e-13 -1.519111631071403162e-13 -4.613632344960194435e-14 1.138001608099195042e-13 1.814831464952813860e-13 4.237204301051942829e-13 3.014681267699996559e-13 -1.838915653326244267e-13 2.722429228534155016e-13 2.483305266210221237e-12
