4.005562548886202915e-09 2.186443530457153316e-10 1.154901448754977306e-10 1.760158324812416616e-10 -4.680203814207843833e-11 -8.604986646271505356e-12 1.438672210423785258e-11 -8.556466516069653704e-12 -8.216473871901400248e-11 7.559376428745951464e-11 6.742042722949922451e-11 4.169015808691208769e-11 3.758790244294536956e-11 2.771633284476784365e-11 -8.216867481040465886e-12 -1.781564580245265183e-11 -2.893108861225688006e-11 2.660956300330367261e-12 2.774863981883114497e-12 -3.062235311134098026e-11 -2.037539770730352749e-11 1.736351891296997762e-12 -7.667893910750506332e-13 -1.778483222334933113e-11 -8.491221411590555154e-12 -2.783845488912254101e-12
2.186443530457153316e-10 2.348059698750174931e-09 -1.335536761953974535e-10 1.017736133103517417e-10 -3.068592759594120661e-11 -7.653826675334412735e-11 1.299355585659162112e-10 9.810562866723035906e-12 -1.645996817739298741e-11 3.707415701941187709e-11 7.544458059784820067e-12 -3.431235618736004576e-11 -1.074427824406020357e-12 1.854643429632551491e-11 -2.255013599269822792e-11 1.090629118881348471e-11 -5.271979184530736493e-12 -3.064727786959110256e-13 -9.284831403229072116e-12 -1.124479186976767798e-11 3.025004199677953118e-11 1.479882218089466291e-11 -6.250394479454711057e-12 -4.001642595676362267e-12 4.373767746959205476e-12 -2.988452255670184906e-12
1.154901448754977306e-10 -1.335536761953974535e-10 1.248841021067986533e-09 4.395605285770480969e-11 8.985888893272116031e-11 2.011611451972034141e-11 -6.706440940234413115e-11 -1.425313813536263489e-11 3.713168990681284857e-11 -2.220786245221417070e-11 2.184148557944045531e-11 1.373324233251508357e-12 3.906626834088617870e-13 2.693761223610816001e-11 2.674351130775110618e-11 3.055585849141054941e-11 2.242759838298742174e-12 2.563310834077383492e-12 1.097383371558665154e-11 1.040791816453228027e-11 6.264848061886056291e-12 -1.696881632154252063e-12 -1.340334582374438532e-11 3.110288027094752344e-13 6.353835216081759481e-12 -7.256279315936279377e-13
1.760158324812416616e-10 1.017736133103517417e-10 4.395605285770480969e-11 1.092470630305731090e-09 4.292703695494476239e-12 2.114259825405207004e-11 7.877265539272515763e-11 3.877169157694634029e-11 1.149910770284130497e-11 -3.352657853394647093e-13 -5.041529036312543937e-12 -2.064610535098545656e-11 5.675788749154040284e-12 -2.088440941086042173e-11 -9.553100335665371916e-13 -6.169669232033734308e-12 -1.879974766764686803e-12 -9.215386933966694605e-12 3.224363583117628272e-13 7.021441504036017445e-12 9.723770599427633242e-12 2.612175595151409519e-12 -2.149009619534615880e-12 3.272081467908259482e-12 5.168212779409535696e-12 5.765564408310093155e-12
-4.680203814207843833e-11 -3.068592759594120661e-11 8.985888893272116031e-11 4.292703695494476239e-12 5.118962026173416183e-10 5.232025728289414718e-11 1.977541097761591648e-11 2.822254902112643050e-11 1.971171965339500262e-11 2.203906390747817947e-11 1.398781832372875094e-11 1.287621664289305999e-11 1.335183627452228104e-11 -3.142019291253687022e-12 1.672885206531123403e-11 1.252641067130861698e-11 1.013612018726188016e-11 7.727581079114923746e-12 7.507879337392830971e-12 1.239705505981282751e-11 5.184750882770374121e-12 -1.129707999265196576e-11 -6.008237082389625052e-12 -2.697113274428384550e-12 -2.630884366059621403e-12 -2.311641938180124157e-12
-8.604986646271505356e-12 -7.653826675334412735e-11 2.011611451972034141e-11 2.114259825405207004e-11 5.232025728289414718e-11 4.346421806361799071e-10 8.186320780841277503e-11 4.007099626933803703e-11 1.816960951638031585e-12 4.809158541023180375e-12 1.426160686373171642e-11 5.948793107853447325e-12 9.268333307076400728e-12 -3.414206314302594718e-12 5.208105313889125670e-12 1.611241534586017577e-12 -1.622461293532874858e-12 3.588116904778055419e-12 7.289940894524135077e-12 7.138598521145227933e-12 1.232373649717959618e-11 5.824162839887707847e-12 -7.835871638055089030e-12 -4.349543148528877824e-13 -3.770277362754195730e-12 -8.686383250728611772e-14
1.438672210423785258e-11 1.299355585659162112e-10 -6.706440940234413115e-11 7.877265539272515763e-11 1.977541097761591648e-11 8.186320780841277503e-11 2.880488321555339960e-10 5.725390600432443769e-11 9.091311076373663641e-12 2.133846552623328378e-11 -1.116290401012411021e-11 -1.106192721040504141e-11 -5.173394008869356390e-12 -1.521436960441084095e-11 -1.227384539943537494e-11 -3.693351224367885085e-12 -4.320783860490829083e-12 -5.319304871418377569e-12 -6.148454674886857193e-12 4.189397753832280335e-12 2.653229088154004084e-12 5.228102603341315501e-12 -2.986768451093008228e-12 1.319534045916890334e-12 5.337486937952470984e-12 4.524899870246345454e-12
-8.556466516069653704e-12 9.810562866723035906e-12 -1.425313813536263489e-11 3.877169157694634029e-11 2.822254902112643050e-11 4.007099626933803703e-11 5.725390600432443769e-11 1.877361186467734362e-10 1.946887905237545188e-11 2.676945598524928015e-11 9.988695200651261444e-12 1.863782511073787181e-11 7.808868196683539490e-13 -2.445458237789725416e-12 8.671610652585611312e-13 4.032014088384693333e-12 3.107830598087598045e-12 1.730217925472108373e-12 4.532050790364272017e-13 4.776935626111337690e-12 -1.980935600904753153e-12 -1.309454069323997273e-12 2.102818411248333928e-13 -5.093424572627899989e-13 -1.122782530522183888e-12 -3.286696346924074804e-13
-8.216473871901400248e-11 -1.645996817739298741e-11 3.713168990681284857e-11 1.149910770284130497e-11 1.971171965339500262e-11 1.816960951638031585e-12 9.091311076373663641e-12 1.946887905237545188e-11 1.452281159198823590e-10 3.184408287435761247e-11 1.942501715722199633e-11 1.542413395854870836e-11 7.220692293974799573e-12 4.809722830089276219e-12 2.514045474859264982e-12 4.549402572850502368e-12 6.387767587075682371e-12 -7.873283326804207388e-13 6.513373359785770464e-12 7.183931547954064227e-12 6.389387121285858133e-12 2.435115380962335610e-12 -2.588541261576427114e-12 -2.026561299422482270e-12 1.411550801960748879e-12 -2.408489767230818825e-13
7.559376428745951464e-11 3.707415701941187709e-11 -2.220786245221417070e-11 -3.352657853394647093e-13 2.203906390747817947e-11 4.809158541023180375e-12 2.133846552623328378e-11 2.676945598524928015e-11 3.184408287435761247e-11 8.730667549259492765e-11 1.759391781738897202e-11 5.425880313248929324e-12 6.054857120350662000e-12 1.860070602773625969e-12 -9.526930544235561269e-13 -4.535877605413462297e-13 2.360382749754902969e-12 -3.378243964817572131e-14 4.098323559708970117e-12 1.332755315013460627e-13 1.617791260121793981e-12 1.705123208405000721e-12 -9.361938758802200228e-13 -2.960926863668443297e-12 -2.834173653113035585e-12 -1.160863325295131281e-12
6.742042722949922451e-11 7.544458059784820067e-12 2.184148557944045531e-11 -5.041529036312543937e-12 1.398781832372875094e-11 1.426160686373171642e-11 -1.116290401012411021e-11 9.988695200651261444e-12 1.942501715722199633e-11 1.759391781738897202e-11 6.371712964462413032e-11 2.427671822275789844e-11 1.018905399753090704e-11 6.248185641418983997e-12 5.008211293041161814e-12 3.435174984316355341e-12 3.685846486905511678e-12 1.341487108374032719e-12 4.073376652374206511e-12 1.932123649345531445e-12 2.196117040845905585e-13 3.319591135003769289e-13 -2.111848081922373474e-12 -2.041623467445733398e-12 -1.374084928058031343e-12 -8.957905390231882424e-13
4.169015808691208769e-11 -3.431235618736004576e-11 1.373324233251508357e-12 -2.064610535098545656e-11 1.287621664289305999e-11 5.948793107853447325e-12 -1.106192721040504141e-11 1.863782511073787181e-11 1.542413395854870836e-11 5.425880313248929324e-12 2.427671822275789844e-11 6.687002157287496124e-11 2.065759250188420360e-11 1.004300007234012235e-11 5.876126876042207321e-12 5.697709093995566463e-12 3.036401762762313264e-12 1.539770775906437737e-12 2.768954000935470305e-12 1.673824645395844340e-12 4.537111254034041410e-14 1.258108933605379999e-12 6.424158251476626609e-13 -2.081183886887666269e-12 -1.445097798032633423e-12 -3.504505671297824533e-13
3.758790244294536956e-11 -1.074427824406020357e-12 3.906626834088617870e-13 5.675788749154040284e-12 1.335183627452228104e-11 9.268333307076400728e-12 -5.173394008869356390e-12 7.808868196683539490e-13 7.220692293974799573e-12 6.054857120350662000e-12 1.018905399753090704e-11 2.065759250188420360e-11 3.990778537415238513e-11 1.454563661866925061e-11 6.199516769434814443e-12 3.529774632800881114e-12 1.708610388100891329e-12 6.744734942004138286e-13 9.571320557541134598e-13 1.705132165104218682e-12 3.340446327312964476e-12 1.474238480304482596e-12 -1.953481819536189443e-12 -1.999851826567952001e-12 -6.947831284827879089e-13 5.595393448904821172e-14
2.771633284476784365e-11 1.854643429632551491e-11 2.693761223610816001e-11 -2.088440941086042173e-11 -3.142019291253687022e-12 -3.414206314302594718e-12 -1.521436960441084095e-11 -2.445458237789725416e-12 4.809722830089276219e-12 1.860070602773625969e-12 6.248185641418983997e-12 1.004300007234012235e-11 1.454563661866925061e-11 3.244775166700757120e-11 1.331298163971963721e-11 7.846468472213786011e-12 1.706860744980696405e-12 5.438577846537697622e-13 1.291803749518105853e-12 -1.712302557692860821e-12 4.121643458589590870e-13 4.485289909708061076e-13 -8.441275424178862631e-13 -9.633169677299332742e-13 -1.089342723766328818e-12 -1.237849617085784101e-12
-8.216867481040465886e-12 -2.255013599269822792e-11 2.674351130775110618e-11 -9.553100335665371916e-13 1.672885206531123403e-11 5.208105313889125670e-12 -1.227384539943537494e-11 8.671610652585611312e-13 2.514045474859264982e-12 -9.526930544235561269e-13 5.008211293041161814e-12 5.876126876042207321e-12 6.199516769434814443e-12 1.331298163971963721e-11 3.061408804082823202e-11 1.272520637332587569e-11 7.355472301785559496e-12 4.690266454579224148e-12 1.963777057581813349e-12 -1.668742445368058036e-13 -2.843597236959197041e-14 -6.189973458442484122e-13 -1.359611165431239268e-12 3.054625855851558284e-14 9.492090158354757521e-13 4.651723190637743871e-14
-1.781564580245265183e-11 1.090629118881348471e-11 3.055585849141054941e-11 -6.169669232033734308e-12 1.252641067130861698e-11 1.611241534586017577e-12 -3.693351224367885085e-12 4.032014088384693333e-12 4.549402572850502368e-12 -4.535877605413462297e-13 3.435174984316355341e-12 5.697709093995566463e-12 3.529774632800881114e-12 7.846468472213786011e-12 1.272520637332587569e-11 2.296934477195111231e-11 1.208200356374834282e-11 7.143031986407844563e-12 3.360793694612000324e-12 1.149768555278677745e-12 -5.560699091272950713e-13 -1.811029664386436900e-12 -6.274925217944056551e-13 -4.525060250332262382e-14 9.820020113854722781e-13 3.662176008164312092e-13
-2.893108861225688006e-11 -5.271979184530736493e-12 2.242759838298742174e-12 -1.879974766764686803e-12 1.013612018726188016e-11 -1.622461293532874858e-12 -4.320783860490829083e-12 3.107830598087598045e-12 6.387767587075682371e-12 2.360382749754902969e-12 3.685846486905511678e-12 3.036401762762313264e-12 1.708610388100891329e-12 1.706860744980696405e-12 7.355472301785559496e-12 1.208200356374834282e-11 2.466540276393896052e-11 1.279555523419719437e-11 6.625485312803412912e-12 4.334641530491039242e-12 1.323465918926714214e-12 -1.332205085320486348e-12 -9.739398115577123189e-13 -1.606842741481951960e-12 -9.683204785400300278e-13 -8.522399738629886475e-13
2.660956300330367261e-12 -3.064727786959110256e-13 2.563310834077383492e-12 -9.215386933966694605e-12 7.727581079114923746e-12 3.588116904778055419e-12 -5.319304871418377569e-12 1.730217925472108373e-12 -7.873283326804207388e-13 -3.378243964817572131e-14 1.341487108374032719e-12 1.539770775906437737e-12 6.744734942004138286e-13 5.438577846537697622e-13 4.690266454579224148e-12 7.143031986407844563e-12 1.279555523419719437e-11 2.039353331512822638e-11 1.012455049108501369e-11 3.911172661907769889e-12 2.229664035405109635e-13 -4.596236240114881556e-13 -1.872633478391272092e-13 -1.472397394650452716e-12 -3.472508956067415043e-13 -9.929273083107481846e-13
2.774863981883114497e-12 -9.284831403229072116e-12 1.097383371558665154e-11 3.224363583117628272e-13 7.507879337392830971e-12 7.289940894524135077e-12 -6.148454674886857193e-12 4.532050790364272017e-13 6.513373359785770464e-12 4.098323559708970117e-12 4.073376652374206511e-12 2.768954000935470305e-12 9.571320557541134598e-13 1.291803749518105853e-12 1.963777057581813349e-12 3.360793694612000324e-12 6.625485312803412912e-12 1.012455049108501369e-11 2.024223295586422663e-11 1.052072688886674266e-11 2.596768601977023915e-12 -1.698110416080989885e-14 -9.571463167825956561e-13 -1.634403060048163290e-12 -5.573225442941184844e-13 -2.008017545173521042e-12
-3.062235311134098026e-11 -1.124479186976767798e-11 1.040791816453228027e-11 7.021441504036017445e-12 1.239705505981282751e-11 7.138598521145227933e-12 4.189397753832280335e-12 4.776935626111337690e-12 7.183931547954064227e-12 1.332755315013460627e-13 1.932123649345531445e-12 1.673824645395844340e-12 1.705132165104218682e-12 -1.712302557692860821e-12 -1.668742445368058036e-13 1.149768555278677745e-12 4.334641530491039242e-12 3.911172661907769889e-12 1.052072688886674266e-11 2.023722076999858018e-11 9.928538410846263111e-12 3.128643458946448108e-12 -4.100852178119221938e-13 -1.235998937921391751e-12 -4.719270805621438059e-13 -1.200011250526085221e-12
-2.037539770730352749e-11 3.025004199677953118e-11 6.264848061886056291e-12 9.723770599427633242e-12 5.184750882770374121e-12 1.232373649717959618e-11 2.653229088154004084e-12 -1.980935600904753153e-12 6.389387121285858133e-12 1.617791260121793981e-12 2.196117040845905585e-13 4.537111254034041410e-14 3.340446327312964476e-12 4.121643458589590870e-13 -2.843597236959197041e-14 -5.560699091272950713e-13 1.323465918926714214e-12 2.229664035405109635e-13 2.596768601977023915e-12 9.928538410846263111e-12 1.667454255805703887e-11 6.653770660998700519e-12 -3.558282563664786575e-14 -4.841053247035703273e-13 -8.056089532000354788e-13 -8.103680484588096383e-13
1.736351891296997762e-12 1.479882218089466291e-11 -1.696881632154252063e-12 2.612175595151409519e-12 -1.129707999265196576e-11 5.824162839887707847e-12 5.228102603341315501e-12 -1.309454069323997273e-12 2.435115380962335610e-12 1.705123208405000721e-12 3.319591135003769289e-13 1.258108933605379999e-12 1.474238480304482596e-12 4.485289909708061076e-13 -6.189973458442484122e-13 -1.811029664386436900e-12 -1.332205085320486348e-12 -4.596236240114881556e-13 -1.698110416080989885e-14 3.128643458946448108e-12 6.653770660998700519e-12 1.379475800705208968e-11 6.114157656963291747e-12 1.425874453182650922e-12 -9.184802255011263197e-13 -7.486366834271252676e-13
-7.667893910750506332e-13 -6.250394479454711057e-12 -1.340334582374438532e-11 -2.149009619534615880e-12 -6.008237082389625052e-12 -7.835871638055089030e-12 -2.986768451093008228e-12 2.102818411248333928e-13 -2.588541261576427114e-12 -9.361938758802200228e-13 -2.111848081922373474e-12 6.424158251476626609e-13 -1.953481819536189443e-12 -8.441275424178862631e-13 -1.359611165431239268e-12 -6.274925217944056551e-13 -9.739398115577123189e-13 -1.872633478391272092e-13 -9.571463167825956561e-13 -4.100852178119221938e-13 -3.558282563664786575e-14 6.114157656963291747e-12 1.323041676778383612e-11 5.687251463523984633e-12 -1.976696081651951978e-13 -2.834007670159978756e-13
-1.778483222334933113e-11 -4.001642595676362267e-12 3.110288027094752344e-13 3.272081467908259482e-12 -2.697113274428384550e-12 -4.349543148528877824e-13 1.319534045916890334e-12 -5.093424572627899989e-13 -2.026561299422482270e-12 -2.960926863668443297e-12 -2.041623467445733398e-12 -2.081183886887666269e-12 -1.999851826567952001e-12 -9.633169677299332742e-13 3.054625855851558284e-14 -4.525060250332262382e-14 -1.606842741481951960e-12 -1.472397394650452716e-12 -1.634403060048163290e-12 -1.235998937921391751e-12 -4.841053247035703273e-13 1.425874453182650922e-12 5.687251463523984633e-12 9.162631359425733659e-12 1.870785554847242245e-12 -4.036113506648051245e-13
-8.491221411590555154e-12 4.373767746959205476e-12 6.353835216081759481e-12 5.168212779409535696e-12 -2.630884366059621403e-12 -3.770277362754195730e-12 5.337486937952470984e-12 -1.122782530522183888e-12 1.411550801960748879e-12 -2.834173653113035585e-12 -1.374084928058031343e-12 -1.445097798032633423e-12 -6.947831284827879089e-13 -1.089342723766328818e-12 9.492090158354757521e-13 9.820020113854722781e-13 -9.683204785400300278e-13 -3.472508956067415043e-13 -5.573225442941184844e-13 -4.719270805621438059e-13 -8.056089532000354788e-13 -9.184802255011263197e-13 -1.976696081651951978e-13 1.870785554847242245e-12 5.996447908534423813e-12 1.413142162603070431e-12
-2.783845488912254101e-12 -2.988452255670184906e-12 -7.256279315936279377e-13 5.765564408310093155e-12 -2.311641938180124157e-12 -8.686383250728611772e-14 4.524899870246345454e-12 -3.286696346924074804e-13 -2.408489767230818825e-13 -1.160863325295131281e-12 -8.957905390231882424e-13 -3.504505671297824533e-13 5.595393448904821172e-14 -1.237849617085784101e-12 4.651723190637743871e-14 3.662176008164312092e-13 -8.522399738629886475e-13 -9.929273083107481846e-13 -2.008017545173521042e-12 -1.200011250526085221e-12 -8.103680484588096383e-13 -7.486366834271252676e-13 -2.834007670159978756e-13 -4.036113506648051245e-13 1.413142162603070431e-12 5.223615344838626887e-12
