2.921624583112024092e-09 3.989343171461152158e-10 1.311877684252743800e-10 6.486550563375280260e-11 -4.017522861888552440e-12 2.892227079884351524e-11 9.867956653651306465e-12 -7.560884474652476694e-11 -1.347897936840792267e-11 -2.202034250452054779e-11 1.132848417845262542e-11 5.303917836334200085e-11 6.399636427273806270e-11 4.695716371089888604e-11 3.261823207692359643e-11 1.696388280198112121e-11 7.348613038041297888e-12 1.095561245283006337e-11 2.359908682199387374e-11 9.123950149962360655e-12 2.010987876546976462e-12 -3.072971539571635939e-12 -2.095866338672265926e-12 1.095170393525916300e-11 -2.624008266304156432e-12 -2.816295606562130741e-12
3.989343171461152158e-10 2.197350909666732020e-09 1.499296654595824789e-10 4.065258120701665681e-11 1.232848662220849575e-10 4.488179686644863457e-12 3.017948465739895369e-11 -8.553702026324901964e-12 2.692397644252900055e-11 -4.332795045744070775e-11 2.441412257922291743e-11 5.492694044374034067e-12 1.735082527408405175e-11 3.576935577557638187e-12 1.469655030755186555e-11 -3.930708770698607520e-12 -5.838183043964467586e-12 -1.895490106203479628e-11 -7.750477034378747268e-12 1.859817014628059953e-11 1.383194855275177566e-11 1.239805443468404839e-11 -3.417426181495800603e-12 3.336130048898130267e-12 -8.196155719162687837e-12 1.337359689172725089e-12
1.311877684252743800e-10 1.499296654595824789e-10 1.346115962875271015e-09 1.071291446077457321e-10 5.514490620358310546e-11 -4.567427189498136891e-11 5.291100522253263899e-11 1.991626401252030519e-11 -2.761327652505137816e-11 -5.069488621191585147e-11 1.484107858228807229e-11 7.901780027173227122e-12 -2.707960737803485666e-11 -3.666869484675115818e-12 1.245576291665350922e-11 1.657627530233539687e-11 1.103529105379829273e-11 -1.232390516341077208e-11 -7.365564025228142180e-12 -1.275376248470586527e-11 -5.908415295597705293e-12 -8.840708591214867517e-12 -1.127889166682932274e-11 -3.893695503295706156e-12 -7.085336987229080635e-12 -5.002285677836568737e-12
6.486550563375280260e-11 4.065258120701665681e-11 1.071291446077457321e-10 1.068291251076484396e-09 6.725032280305169481e-11 3.258497371572299250e-12 6.081233592774217949e-11 -6.822225929811686371e-12 -8.704600338526303020e-12 -6.529999750160638638e-14 1.430567144332713400e-12 -2.292805741113154889e-11 -1.865498630546578103e-11 -2.054175607300982774e-12 2.234888707775127747e-11 2.713231708824823937e-12 1.927297245830929766e-11 -2.947269568001319732e-12 -7.980229061500402797e-12 -5.780323257202457897e-12 -1.149604562997719257e-12 -4.008980438292521420e-12 -1.067937766858571432e-11 -2.553503680765297080e-12 2.304953027364527606e-12 -2.913486363610119456e-12
-4.017522861888552440e-12 1.232848662220849575e-10 5.514490620358310546e-11 6.725032280305169481e-11 5.671013874950653132e-10 2.136550738487061216e-11 1.581558320268535116e-11 4.317007474411079469e-11 -1.484739797834165495e-11 2.150236682219239267e-11 6.975843915906552034e-12 -1.420994238109992881e-11 -1.065597926518323858e-11 -9.638809888422366299e-12 -2.245838450372281979e-13 -1.047460109035951091e-11 -1.140433001500128728e-12 -4.746361493507335416e-12 -1.040960827211808369e-12 1.283855583917858028e-11 8.554410023941833354e-12 7.066434459049634949e-12 -3.671268625536349867e-12 -1.051058100917100437e-12 1.639868328677453962e-12 2.044110109553218672e-12
2.892227079884351524e-11 4.488179686644863457e-12 -4.567427189498136891e-11 3.258497371572299250e-12 2.136550738487061216e-11 3.523665625178681708e-10 2.686392145784235250e-11 2.761083526884288476e-11 5.634051240777904840e-12 1.798374413889474509e-11 6.623556933878965927e-12 1.637585420324128496e-11 5.850909371711047691e-12 -2.018593040159600665e-13 -2.681810867548189527e-12 -1.215932482539429039e-12 7.473659565685091294e-12 -4.347893201830942672e-13 7.537794351377865221e-12 8.943215595430035747e-12 3.370885163225380471e-12 1.184452699846438251e-12 -3.756472340931414765e-12 -2.873995646846735791e-12 1.266918709925202516e-12 -1.504877403923343554e-12
9.867956653651306465e-12 3.017948465739895369e-11 5.291100522253263899e-11 6.081233592774217949e-11 1.581558320268535116e-11 2.686392145784235250e-11 2.525895532503565497e-10 3.671133447043806399e-11 3.686322624732380141e-11 2.994124466201998283e-11 1.281653134665890450e-11 1.219612772607751620e-11 1.345569808930234882e-11 6.224676632897299860e-12 1.625831311296535109e-11 6.108469853113763933e-12 -1.944889094104040055e-12 -5.166490142311978830e-12 3.035570348034481297e-13 6.227563781720115594e-13 3.750216642565798895e-12 -2.477721283253763649e-12 -4.601312567633697931e-12 -3.470574329307746903e-12 -3.652121106264027764e-12 4.377117015020748023e-13
-7.560884474652476694e-11 -8.553702026324901964e-12 1.991626401252030519e-11 -6.822225929811686371e-12 4.317007474411079469e-11 2.761083526884288476e-11 3.671133447043806399e-11 1.756988825686717163e-10 7.614001590419690863e-12 2.113384544826248517e-11 2.710103893319951263e-13 -3.893504701058282483e-12 -2.737620503976017580e-13 -4.177027257053035517e-12 2.626098032474034812e-12 -3.942106034728286784e-12 2.780970781636745064e-13 2.235023898814361933e-12 -1.119379314889990381e-12 -4.609019339772144055e-14 3.497861923843804363e-12 1.883511364622018667e-12 7.877893707702236116e-13 -2.669257265352029403e-12 -4.146650640429695885e-13 1.024001758596583850e-12
-1.347897936840792267e-11 2.692397644252900055e-11 -2.761327652505137816e-11 -8.704600338526303020e-12 -1.484739797834165495e-11 5.634051240777904840e-12 3.686322624732380141e-11 7.614001590419690863e-12 1.329827129076620074e-10 2.296753258848542279e-11 7.262843679908077255e-12 3.552641547731537326e-12 5.654697738471997839e-12 9.037530264179166307e-14 -1.152210381761373528e-12 -4.469950944830026958e-13 -1.101011231733809049e-12 1.794262589334269928e-12 -2.796855854366957253e-13 2.662332568638744707e-12 3.882206168810039544e-12 -2.728212398357431265e-12 7.666707229080762789e-14 -6.982801645210957152e-14 -7.435826425473600269e-13 -1.647879571337162862e-12
-2.202034250452054779e-11 -4.332795045744070775e-11 -5.069488621191585147e-11 -6.529999750160638638e-14 2.150236682219239267e-11 1.798374413889474509e-11 2.994124466201998283e-11 2.113384544826248517e-11 2.296753258848542279e-11 9.889791501017730135e-11 1.712946254420106148e-11 1.044943040564824374e-11 6.740001322435669737e-12 1.128176908913694820e-12 1.924454412354673562e-12 -5.253884976436683749e-13 -3.639747790448341557e-12 -5.224764060597201022e-12 -3.954464800643391863e-12 -2.576944167528810307e-12 1.935158528412632534e-12 -2.067737774878184892e-13 -6.709785643542359226e-13 -1.648216107718238714e-12 2.266954342698256847e-12 2.132069790655157763e-12
1.132848417845262542e-11 2.441412257922291743e-11 1.484107858228807229e-11 1.430567144332713400e-12 6.975843915906552034e-12 6.623556933878965927e-12 1.281653134665890450e-11 2.710103893319951263e-13 7.262843679908077255e-12 1.712946254420106148e-11 6.279704830223542765e-11 2.124426474973790058e-11 8.658080544500067337e-12 2.568135103683535433e-12 2.598996738754465309e-12 7.745304740549674599e-13 2.794587718723477114e-13 -2.025849339569369530e-12 -2.159992504507764972e-12 3.182747395347012581e-13 1.752652495119736206e-12 -3.795302906646058819e-12 -2.219738134653510081e-12 1.253040045816256887e-12 4.379026301427899082e-13 8.489272081328440214e-13
5.303917836334200085e-11 5.492694044374034067e-12 7.901780027173227122e-12 -2.292805741113154889e-11 -1.420994238109992881e-11 1.637585420324128496e-11 1.219612772607751620e-11 -3.893504701058282483e-12 3.552641547731537326e-12 1.044943040564824374e-11 2.124426474973790058e-11 5.431609261727662284e-11 1.298298741917838355e-11 4.965850806116281640e-12 2.109866584726747168e-12 3.449842627299830160e-14 1.817022251907924347e-12 -1.563654826166777700e-12 -1.375473356266780814e-12 -8.360682504158461611e-13 -4.907303601236728477e-13 -1.516838366609129241e-12 6.251864193299879428e-13 1.564267094684152167e-12 8.354146667481114832e-13 1.260490829723323967e-12
6.399636427273806270e-11 1.735082527408405175e-11 -2.707960737803485666e-11 -1.865498630546578103e-11 -1.065597926518323858e-11 5.850909371711047691e-12 1.345569808930234882e-11 -2.737620503976017580e-13 5.654697738471997839e-12 6.740001322435669737e-12 8.658080544500067337e-12 1.298298741917838355e-11 4.002155242287273848e-11 1.153380344256388819e-11 7.595971010816089861e-12 5.113415974331505521e-12 1.422287353585531976e-12 3.360038257657894009e-12 2.423764084479008469e-12 2.074792495715510699e-12 1.413911188589814556e-12 -4.737405676164157488e-14 1.259606635973514313e-12 1.498008138577386118e-12 -4.192156567169964891e-13 3.779067119673682080e-13
4.695716371089888604e-11 3.576935577557638187e-12 -3.666869484675115818e-12 -2.054175607300982774e-12 -9.638809888422366299e-12 -2.018593040159600665e-13 6.224676632897299860e-12 -4.177027257053035517e-12 9.037530264179166307e-14 1.128176908913694820e-12 2.568135103683535433e-12 4.965850806116281640e-12 1.153380344256388819e-11 2.600517853013607471e-11 9.852701197718671917e-12 3.830970102707014632e-12 2.541898483855480428e-12 4.379767481418663446e-13 -3.846570629873809051e-13 5.490485429079633455e-15 8.853666144781196928e-13 -6.259232114044737565e-13 -2.996867342860128461e-13 2.694276839892748056e-13 8.259445668894762499e-13 -1.120468602519067479e-13
3.261823207692359643e-11 1.469655030755186555e-11 1.245576291665350922e-11 2.234888707775127747e-11 -2.245838450372281979e-13 -2.681810867548189527e-12 1.625831311296535109e-11 2.626098032474034812e-12 -1.152210381761373528e-12 1.924454412354673562e-12 2.598996738754465309e-12 2.109866584726747168e-12 7.595971010816089861e-12 9.852701197718671917e-12 2.485123776186620856e-11 9.511628354208815509e-12 5.163603886872299720e-12 1.890828439456393461e-12 2.182493449800230526e-12 1.805297378346731047e-12 1.884284698478133895e-12 4.570216483850739934e-13 -1.471462320200488617e-13 2.482778845852071912e-13 -9.629584533462948296e-14 -1.625766922036495694e-14
1.696388280198112121e-11 -3.930708770698607520e-12 1.657627530233539687e-11 2.713231708824823937e-12 -1.047460109035951091e-11 -1.215932482539429039e-12 6.108469853113763933e-12 -3.942106034728286784e-12 -4.469950944830026958e-13 -5.253884976436683749e-13 7.745304740549674599e-13 3.449842627299830160e-14 5.113415974331505521e-12 3.830970102707014632e-12 9.511628354208815509e-12 2.066879428004875590e-11 1.116069247814569677e-11 5.550802436173318145e-12 3.775693930095743053e-12 2.587419801924865220e-12 1.112234800517763104e-12 3.544361471666065099e-13 -5.370270937607046009e-13 7.189381629292415224e-14 -7.954121112846296684e-14 -8.882297418482389656e-13
7.348613038041297888e-12 -5.838183043964467586e-12 1.103529105379829273e-11 1.927297245830929766e-11 -1.140433001500128728e-12 7.473659565685091294e-12 -1.944889094104040055e-12 2.780970781636745064e-13 -1.101011231733809049e-12 -3.639747790448341557e-12 2.794587718723477114e-13 1.817022251907924347e-12 1.422287353585531976e-12 2.541898483855480428e-12 5.163603886872299720e-12 1.116069247814569677e-11 2.049612313501666355e-11 9.122327956369863840e-12 3.743422992838282305e-12 3.267583648640609224e-12 -1.069625077732552952e-13 -1.058011968074768566e-12 -1.179224773925897723e-12 -3.894808516678899078e-13 -4.675255818432592358e-14 -1.108032382535194553e-12
1.095561245283006337e-11 -1.895490106203479628e-11 -1.232390516341077208e-11 -2.947269568001319732e-12 -4.746361493507335416e-12 -4.347893201830942672e-13 -5.166490142311978830e-12 2.235023898814361933e-12 1.794262589334269928e-12 -5.224764060597201022e-12 -2.025849339569369530e-12 -1.563654826166777700e-12 3.360038257657894009e-12 4.379767481418663446e-13 1.890828439456393461e-12 5.550802436173318145e-12 9.122327956369863840e-12 1.737998688938683448e-11 8.551194637591922757e-12 5.460847932979706876e-12 6.589663574526858605e-13 4.233441962146454610e-13 -2.684321144040382572e-13 -7.597945081305335667e-14 -6.090940873380968833e-13 -6.552698509259069290e-13
2.359908682199387374e-11 -7.750477034378747268e-12 -7.365564025228142180e-12 -7.980229061500402797e-12 -1.040960827211808369e-12 7.537794351377865221e-12 3.035570348034481297e-13 -1.119379314889990381e-12 -2.796855854366957253e-13 -3.954464800643391863e-12 -2.159992504507764972e-12 -1.375473356266780814e-12 2.423764084479008469e-12 -3.846570629873809051e-13 2.182493449800230526e-12 3.775693930095743053e-12 3.743422992838282305e-12 8.551194637591922757e-12 1.528893889304639771e-11 9.155798324146009593e-12 3.638758485758037674e-12 1.479752646233394050e-12 -8.439293865750561402e-13 1.505194955379470413e-13 -5.684770969386672167e-13 -1.395831096987272045e-12
9.123950149962360655e-12 1.859817014628059953e-11 -1.275376248470586527e-11 -5.780323257202457897e-12 1.283855583917858028e-11 8.943215595430035747e-12 6.227563781720115594e-13 -4.609019339772144055e-14 2.662332568638744707e-12 -2.576944167528810307e-12 3.182747395347012581e-13 -8.360682504158461611e-13 2.074792495715510699e-12 5.490485429079633455e-15 1.805297378346731047e-12 2.587419801924865220e-12 3.267583648640609224e-12 5.460847932979706876e-12 9.155798324146009593e-12 1.519666978648313208e-11 7.205295633806700674e-12 3.197202415400735331e-12 -6.315708113131323061e-13 3.618877050176415186e-13 1.679356045223191607e-14 -7.857764696129726240e-13
2.010987876546976462e-12 1.383194855275177566e-11 -5.908415295597705293e-12 -1.149604562997719257e-12 8.554410023941833354e-12 3.370885163225380471e-12 3.750216642565798895e-12 3.497861923843804363e-12 3.882206168810039544e-12 1.935158528412632534e-12 1.752652495119736206e-12 -4.907303601236728477e-13 1.413911188589814556e-12 8.853666144781196928e-13 1.884284698478133895e-12 1.112234800517763104e-12 -1.069625077732552952e-13 6.589663574526858605e-13 3.638758485758037674e-12 7.205295633806700674e-12 1.162302138850373266e-11 3.394506046802307548e-12 -6.646003332003884917e-13 1.500287948409400839e-13 -6.943666007371289268e-14 -3.129312767016485915e-13
-3.072971539571635939e-12 1.239805443468404839e-11 -8.840708591214867517e-12 -4.008980438292521420e-12 7.066434459049634949e-12 1.184452699846438251e-12 -2.477721283253763649e-12 1.883511364622018667e-12 -2.728212398357431265e-12 -2.067737774878184892e-13 -3.795302906646058819e-12 -1.516838366609129241e-12 -4.737405676164157488e-14 -6.259232114044737565e-13 4.570216483850739934e-13 3.544361471666065099e-13 -1.058011968074768566e-12 4.233441962146454610e-13 1.479752646233394050e-12 3.197202415400735331e-12 3.394506046802307548e-12 8.155959777049107915e-12 1.882030633080587420e-12 2.403482977578330526e-13 -9.032109424635062589e-14 -2.257634211193121176e-13
-2.095866338672265926e-12 -3.417426181495800603e-12 -1.127889166682932274e-11 -1.067937766858571432e-11 -3.671268625536349867e-12 -3.756472340931414765e-12 -4.601312567633697931e-12 7.877893707702236116e-13 7.666707229080762789e-14 -6.709785643542359226e-13 -2.219738134653510081e-12 6.251864193299879428e-13 1.259606635973514313e-12 -2.996867342860128461e-13 -1.471462320200488617e-13 -5.370270937607046009e-13 -1.179224773925897723e-12 -2.684321144040382572e-13 -8.439293865750561402e-13 -6.315708113131323061e-13 -6.646003332003884917e-13 1.882030633080587420e-12 6.336305475286690684e-12 2.045403481979802248e-12 -3.666601603708849829e-13 1.506093015291258847e-13
1.095170393525916300e-11 3.336130048898130267e-12 -3.893695503295706156e-12 -2.553503680765297080e-12 -1.051058100917100437e-12 -2.873995646846735791e-12 -3.470574329307746903e-12 -2.669257265352029403e-12 -6.982801645210957152e-14 -1.648216107718238714e-12 1.253040045816256887e-12 1.564267094684152167e-12 1.498008138577386118e-12 2.694276839892748056e-13 2.482778845852071912e-13 7.189381629292415224e-14 -3.894808516678899078e-13 -7.597945081305335667e-14 1.505194955379470413e-13 3.618877050176415186e-13 1.500287948409400839e-13 2.403482977578330526e-13 2.045403481979802248e-12 4.787634436913694952e-12 8.479373918115711290e-13 2.943069426827341908e-13
-2.624008266304156432e-12 -8.196155719162687837e-12 -7.085336987229080635e-12 2.304953027364527606e-12 1.639868328677453962e-12 1.266918709925202516e-12 -3.652121106264027764e-12 -4.146650640429695885e-13 -7.435826425473600269e-13 2.266954342698256847e-12 4.379026301427899082e-13 8.354146667481114832e-13 -4.192156567169964891e-13 8.259445668894762499e-13 -9.629584533462948296e-14 -7.954121112846296684e-14 -4.675255818432592358e-14 -6.090940873380968833e-13 -5.684770969386672167e-13 1.679356045223191607e-14 -6.943666007371289268e-14 -9.032109424635062589e-14 -3.666601603708849829e-13 8.479373918115711290e-13 3.321798379481835522e-12 5.338209577685328452e-13
-2.816295606562130741e-12 1.337359689172725089e-12 -5.002285677836568737e-12 -2.913486363610119456e-12 2.044110109553218672e-12 -1.504877403923343554e-12 4.377117015020748023e-13 1.024001758596583850e-12 -1.647879571337162862e-12 2.132069790655157763e-12 8.489272081328440214e-13 1.260490829723323967e-12 3.779067119673682080e-13 -1.120468602519067479e-13 -1.625766922036495694e-14 -8.882297418482389656e-13 -1.108032382535194553e-12 -6.552698509259069290e-13 -1.395831096987272045e-12 -7.857764696129726240e-13 -3.129312767016485915e-13 -2.257634211193121176e-13 1.506093015291258847e-13 2.943069426827341908e-13 5.338209577685328452e-13 2.022878355439343633e-12
