2.308173625875625086e-09 1.771091538499319489e-10 -4.817898071603417719e-11 -1.474269519515004619e-10 -4.631040942555277560e-11 1.909158820936172120e-11 9.705918528162704254e-11 5.808174140633806955e-11 7.003482618888131306e-11 2.941153749047218219e-11 -1.269517573765623333e-11 -8.030128775419197539e-12 -2.726984978715416020e-11 -1.092814777099876659e-11 -3.269059139715310722e-11 -2.410284864397223235e-11 -2.502608811108682146e-11 -6.651392452812578262e-12 7.167155173542089696e-12 2.030413947873123691e-11 5.333719056264469680e-12 9.740365823128444530e-12 1.921564292188434059e-11 8.066133475327116277e-13 -8.625750381731502413e-12 -7.020200523844445462e-12
1.771091538499319489e-10 1.410753915549810699e-09 9.354860976368405193e-11 1.382291867409183464e-10 5.654049468587301108e-12 2.985260985841399382e-12 7.508659618318921385e-12 2.972534153652074328e-12 -1.613709839389922215e-12 4.006233326885064125e-12 2.086809925236992201e-11 -6.204289976477287218e-12 8.314667379321805697e-12 1.120498441603895523e-11 -2.031477082689154391e-12 -6.149193580946980297e-12 -8.847067480612100511e-12 -3.664407212741275963e-12 -3.593372135511858157e-12 1.279995540048513223e-11 1.468525048269522784e-12 -1.036316749921809291e-11 -1.635021132839751716e-11 -8.019823833166252788e-12 -1.067594561824347760e-14 -4.019009280131884604e-13
-4.817898071603417719e-11 9.354860976368405193e-11 9.754649634004413008e-10 1.163916365733803903e-10 4.130190846979076505e-11 3.235203132031430515e-11 -1.935153135453493048e-11 -2.253527338936810451e-11 1.459978404632453254e-11 5.422469569186076018e-12 -4.894954681304068789e-12 1.367413218368095767e-12 -1.250466521186824236e-13 6.366105231066948269e-14 -8.514514683756930701e-12 6.700602580322070990e-12 1.536974268895619960e-11 9.440377085902209006e-14 4.273595596781521592e-12 -5.921121685830622581e-12 -7.291385654630744484e-12 -5.175881808260731461e-12 -4.376905772192234932e-12 -3.781101093243232765e-13 -2.429566072446643166e-12 -3.680887822403265221e-12
-1.474269519515004619e-10 1.382291867409183464e-10 1.163916365733803903e-10 7.178013992449736020e-10 8.310589747670385846e-12 3.455186418731948575e-11 2.388536464512567888e-11 -1.497759875026385244e-11 4.111063531363870491e-12 2.611053602999940779e-11 7.400555834832518364e-12 5.122283018755199551e-12 3.867107767311547246e-12 1.488100460863287645e-11 -2.445823064317039867e-12 8.686943749147142340e-12 2.264841024306205549e-12 -5.059665895112451934e-13 4.141477476761563101e-12 8.774864674924179189e-12 6.097600441403817548e-12 -4.678136595150675220e-12 4.780427929332180816e-12 4.533038499676838732e-12 7.914905225666397701e-12 7.815649851919753358e-12
-4.631040942555277560e-11 5.654049468587301108e-12 4.130190846979076505e-11 8.310589747670385846e-12 3.733933570609163544e-10 6.395687816589260874e-11 2.264766774579015483e-11 4.262428133367115277e-11 6.342764452152217800e-12 1.666775490854466500e-12 -9.770745115484684289e-13 -1.825729576936352401e-11 -2.377751166535047921e-12 -1.942412061605264398e-12 3.055942534964395622e-12 1.548860788932054392e-12 2.141188945356873953e-12 1.009059658085410611e-11 9.358270091989184226e-12 5.252160863478309299e-12 -1.554570782252547704e-12 7.555064234552740173e-14 -3.257876210975225557e-14 2.559905075136188067e-12 -2.661109431949786753e-13 -1.861217914962821248e-12
1.909158820936172120e-11 2.985260985841399382e-12 3.235203132031430515e-11 3.455186418731948575e-11 6.395687816589260874e-11 3.558776548626967166e-10 1.893383139413312246e-11 1.734431042545987150e-11 -2.076907357863479067e-13 -1.998797178642057567e-12 1.193667646095395053e-12 6.366700033461932799e-12 1.085196309124482385e-11 -5.191458972253569715e-12 1.004496242137498217e-11 2.468913968829845545e-13 -4.299948779469196436e-12 -4.502318594152319608e-13 7.456367064911088086e-12 -5.427869464854350769e-12 -4.523376998435315516e-12 1.261219635098587391e-12 -3.898073129223755416e-12 -3.452171587458152586e-12 9.265941973953310296e-13 1.381382003245603743e-12
9.705918528162704254e-11 7.508659618318921385e-12 -1.935153135453493048e-11 2.388536464512567888e-11 2.264766774579015483e-11 1.893383139413312246e-11 2.137345069237103136e-10 2.018622991243568959e-11 1.627094528981486571e-11 1.033931734901517372e-11 6.997786041604769434e-12 -2.240725151994826738e-12 -8.566403886560967194e-12 -5.003731899927940383e-12 -1.194224617422731329e-12 -6.175291793628787808e-12 -7.561483484761912418e-12 -9.579241366811264003e-12 -4.619965045068497139e-12 -3.483249173821641690e-12 -7.461451352868092315e-13 -2.625366280525733322e-12 -1.211173970346297071e-12 2.298414014482150114e-12 5.653535065019761114e-12 3.699528121565192906e-12
5.808174140633806955e-11 2.972534153652074328e-12 -2.253527338936810451e-11 -1.497759875026385244e-11 4.262428133367115277e-11 1.734431042545987150e-11 2.018622991243568959e-11 1.726812033839618291e-10 3.955095795391094927e-11 4.085055549309221207e-12 2.963885212961564630e-12 -2.002665453165457622e-12 -1.730561472947629486e-12 -9.121975203433866968e-12 -4.074707770126688484e-12 -7.849529349030522113e-12 -8.986900380986190801e-12 -9.300665912026423200e-13 6.383541970922779110e-12 4.827221960418228358e-12 -7.536662233736328361e-14 2.719627035769894901e-12 1.574284391005587337e-12 4.533949071487091119e-12 -2.420284805613903774e-13 -3.794955491601345288e-12
7.003482618888131306e-11 -1.613709839389922215e-12 1.459978404632453254e-11 4.111063531363870491e-12 6.342764452152217800e-12 -2.076907357863479067e-13 1.627094528981486571e-11 3.955095795391094927e-11 1.109948873328209465e-10 3.376665197539886952e-11 1.494835644297177945e-11 4.816293119534552792e-12 1.708661079951244376e-12 2.772391433653394961e-12 1.618201637405898156e-12 5.025750586868521114e-13 -1.316802875443778407e-12 1.597538403529871451e-12 -1.028865544580162673e-12 -2.881904313777535153e-13 1.830726376277681575e-13 4.415228609178461063e-12 5.176923828988700360e-12 1.744494430322382076e-12 1.647905798826511411e-12 -8.164437790762755391e-13
2.941153749047218219e-11 4.006233326885064125e-12 5.422469569186076018e-12 2.611053602999940779e-11 1.666775490854466500e-12 -1.998797178642057567e-12 1.033931734901517372e-11 4.085055549309221207e-12 3.376665197539886952e-11 8.236969190724686681e-11 1.536648655306645255e-11 2.535303536964778130e-12 2.086046088243076120e-12 3.459440047928767290e-12 2.302239300631941040e-12 5.508501187302325728e-12 -4.728192244506560020e-13 3.331198631583983866e-12 2.275186339565476884e-12 4.037195325291781833e-12 1.439447904033430097e-12 -1.018629765649904617e-13 3.850461243920848990e-13 -3.462090287858680243e-13 4.562821349033416317e-14 -3.055411030162906751e-12
-1.269517573765623333e-11 2.086809925236992201e-11 -4.894954681304068789e-12 7.400555834832518364e-12 -9.770745115484684289e-13 1.193667646095395053e-12 6.997786041604769434e-12 2.963885212961564630e-12 1.494835644297177945e-11 1.536648655306645255e-11 5.620735520395707431e-11 1.555004484071295470e-11 8.532954975923305574e-12 1.027047048122106043e-11 7.494819301596279016e-12 6.372779777599863506e-12 -1.250772365944068345e-12 -2.338619719599961627e-12 -1.265387560301318419e-13 9.507737186826775984e-13 -8.463423696642029622e-13 -9.445998034813454308e-13 9.730694706709114018e-13 1.714872573243831153e-12 5.434422359633522043e-13 1.856100688077338070e-13
-8.030128775419197539e-12 -6.204289976477287218e-12 1.367413218368095767e-12 5.122283018755199551e-12 -1.825729576936352401e-11 6.366700033461932799e-12 -2.240725151994826738e-12 -2.002665453165457622e-12 4.816293119534552792e-12 2.535303536964778130e-12 1.555004484071295470e-11 4.496379109192200620e-11 1.554198542290725595e-11 1.533043884704385117e-12 4.805160121788174171e-12 4.117664242532693335e-12 -7.247809800152236450e-13 -2.286655372112699039e-12 -1.948262672289171966e-12 3.272269071084207579e-13 -1.814671576152920775e-13 -1.560728168980309325e-12 9.748031149673697314e-13 -5.673748178239236466e-14 1.854021660726630548e-12 1.443436809872071766e-12
-2.726984978715416020e-11 8.314667379321805697e-12 -1.250466521186824236e-13 3.867107767311547246e-12 -2.377751166535047921e-12 1.085196309124482385e-11 -8.566403886560967194e-12 -1.730561472947629486e-12 1.708661079951244376e-12 2.086046088243076120e-12 8.532954975923305574e-12 1.554198542290725595e-11 4.134554193540298754e-11 1.426975787788333307e-11 9.193207004252725408e-12 8.039068054894310231e-12 1.848594470552937744e-12 1.819508507086314673e-12 3.597466662932292050e-13 -8.817041392766686278e-14 -6.345289118302663575e-14 1.553581670560719246e-12 3.138283686768486320e-12 1.950541414811876001e-12 1.654988483974625633e-12 1.124727381766078002e-12
-1.092814777099876659e-11 1.120498441603895523e-11 6.366105231066948269e-14 1.488100460863287645e-11 -1.942412061605264398e-12 -5.191458972253569715e-12 -5.003731899927940383e-12 -9.121975203433866968e-12 2.772391433653394961e-12 3.459440047928767290e-12 1.027047048122106043e-11 1.533043884704385117e-12 1.426975787788333307e-11 3.470213537411230874e-11 1.284411728257445778e-11 1.045038796623629637e-11 6.721897845060651556e-12 4.865182748711895253e-12 3.564197944706474358e-12 1.152877301262894453e-12 9.473385764675341894e-13 2.427845144962423649e-13 5.162384496559193895e-14 -8.737732712566192745e-13 -1.395914154306348544e-12 1.442528894313539896e-12
-3.269059139715310722e-11 -2.031477082689154391e-12 -8.514514683756930701e-12 -2.445823064317039867e-12 3.055942534964395622e-12 1.004496242137498217e-11 -1.194224617422731329e-12 -4.074707770126688484e-12 1.618201637405898156e-12 2.302239300631941040e-12 7.494819301596279016e-12 4.805160121788174171e-12 9.193207004252725408e-12 1.284411728257445778e-11 2.946644857855507879e-11 1.275488028582564713e-11 7.709251881773687085e-12 5.048584589500492392e-12 3.601889030571593717e-12 1.729924620111555247e-12 1.954218311712686790e-12 6.318830038312332627e-13 -1.730792218531228911e-12 -5.298556406557751515e-13 -1.845333758874064463e-13 1.601656047049212500e-12
-2.410284864397223235e-11 -6.149193580946980297e-12 6.700602580322070990e-12 8.686943749147142340e-12 1.548860788932054392e-12 2.468913968829845545e-13 -6.175291793628787808e-12 -7.849529349030522113e-12 5.025750586868521114e-13 5.508501187302325728e-12 6.372779777599863506e-12 4.117664242532693335e-12 8.039068054894310231e-12 1.045038796623629637e-11 1.275488028582564713e-11 2.371361766369177536e-11 1.285861252103512553e-11 9.170637215181688643e-12 4.133731902917797502e-12 2.277206729694379905e-12 1.579291707689838925e-12 4.951365031199033016e-14 -1.701835285690254674e-14 1.129619022112384001e-12 1.448441141862823672e-13 1.692888444769646901e-12
-2.502608811108682146e-11 -8.847067480612100511e-12 1.536974268895619960e-11 2.264841024306205549e-12 2.141188945356873953e-12 -4.299948779469196436e-12 -7.561483484761912418e-12 -8.986900380986190801e-12 -1.316802875443778407e-12 -4.728192244506560020e-13 -1.250772365944068345e-12 -7.247809800152236450e-13 1.848594470552937744e-12 6.721897845060651556e-12 7.709251881773687085e-12 1.285861252103512553e-11 2.548923700727441011e-11 1.487150954663181430e-11 6.056044646957661989e-12 3.791915306133790998e-12 2.138178745383573430e-12 1.766672554443681945e-12 5.649434933116718350e-13 -1.101624575465256299e-12 -1.174937283382371135e-12 1.079893945829309524e-12
-6.651392452812578262e-12 -3.664407212741275963e-12 9.440377085902209006e-14 -5.059665895112451934e-13 1.009059658085410611e-11 -4.502318594152319608e-13 -9.579241366811264003e-12 -9.300665912026423200e-13 1.597538403529871451e-12 3.331198631583983866e-12 -2.338619719599961627e-12 -2.286655372112699039e-12 1.819508507086314673e-12 4.865182748711895253e-12 5.048584589500492392e-12 9.170637215181688643e-12 1.487150954663181430e-11 2.153545592246287275e-11 1.036468971722665963e-11 3.965251874902177172e-12 2.411930195269655704e-12 2.151310344639671568e-12 1.629310827051112391e-12 1.202577167730496757e-12 -1.848835014795848297e-13 4.434541101621190933e-13
7.167155173542089696e-12 -3.593372135511858157e-12 4.273595596781521592e-12 4.141477476761563101e-12 9.358270091989184226e-12 7.456367064911088086e-12 -4.619965045068497139e-12 6.383541970922779110e-12 -1.028865544580162673e-12 2.275186339565476884e-12 -1.265387560301318419e-13 -1.948262672289171966e-12 3.597466662932292050e-13 3.564197944706474358e-12 3.601889030571593717e-12 4.133731902917797502e-12 6.056044646957661989e-12 1.036468971722665963e-11 1.886226563558900889e-11 8.825006726125906616e-12 2.971792329630439870e-12 1.428913523029281603e-12 1.165113756084664466e-12 7.194915220486227739e-13 -1.528366225024681447e-12 -1.069825990344070101e-12
2.030413947873123691e-11 1.279995540048513223e-11 -5.921121685830622581e-12 8.774864674924179189e-12 5.252160863478309299e-12 -5.427869464854350769e-12 -3.483249173821641690e-12 4.827221960418228358e-12 -2.881904313777535153e-13 4.037195325291781833e-12 9.507737186826775984e-13 3.272269071084207579e-13 -8.817041392766686278e-14 1.152877301262894453e-12 1.729924620111555247e-12 2.277206729694379905e-12 3.791915306133790998e-12 3.965251874902177172e-12 8.825006726125906616e-12 1.839326521342594116e-11 8.508448223050537189e-12 3.508991819438151277e-12 2.057212999060887059e-12 1.406935452075138329e-12 -2.450315215059676243e-13 -9.417426715140091834e-13
5.333719056264469680e-12 1.468525048269522784e-12 -7.291385654630744484e-12 6.097600441403817548e-12 -1.554570782252547704e-12 -4.523376998435315516e-12 -7.461451352868092315e-13 -7.536662233736328361e-14 1.830726376277681575e-13 1.439447904033430097e-12 -8.463423696642029622e-13 -1.814671576152920775e-13 -6.345289118302663575e-14 9.473385764675341894e-13 1.954218311712686790e-12 1.579291707689838925e-12 2.138178745383573430e-12 2.411930195269655704e-12 2.971792329630439870e-12 8.508448223050537189e-12 1.599104883287586927e-11 7.425960211071264522e-12 3.713288143852563289e-12 6.648115002555284596e-13 3.358260937193821607e-13 2.118728369887466004e-13
9.740365823128444530e-12 -1.036316749921809291e-11 -5.175881808260731461e-12 -4.678136595150675220e-12 7.555064234552740173e-14 1.261219635098587391e-12 -2.625366280525733322e-12 2.719627035769894901e-12 4.415228609178461063e-12 -1.018629765649904617e-13 -9.445998034813454308e-13 -1.560728168980309325e-12 1.553581670560719246e-12 2.427845144962423649e-13 6.318830038312332627e-13 4.951365031199033016e-14 1.766672554443681945e-12 2.151310344639671568e-12 1.428913523029281603e-12 3.508991819438151277e-12 7.425960211071264522e-12 1.637623152960999474e-11 8.558789895070275037e-12 1.436346662223651322e-12 -1.950239275881723605e-14 1.074595353229079888e-12
1.921564292188434059e-11 -1.635021132839751716e-11 -4.376905772192234932e-12 4.780427929332180816e-12 -3.257876210975225557e-14 -3.898073129223755416e-12 -1.211173970346297071e-12 1.574284391005587337e-12 5.176923828988700360e-12 3.850461243920848990e-13 9.730694706709114018e-13 9.748031149673697314e-13 3.138283686768486320e-12 5.162384496559193895e-14 -1.730792218531228911e-12 -1.701835285690254674e-14 5.649434933116718350e-13 1.629310827051112391e-12 1.165113756084664466e-12 2.057212999060887059e-12 3.713288143852563289e-12 8.558789895070275037e-12 1.362216907411096479e-11 4.550354239915204533e-12 1.072768680866960172e-12 1.264205017478105678e-12
8.066133475327116277e-13 -8.019823833166252788e-12 -3.781101093243232765e-13 4.533038499676838732e-12 2.559905075136188067e-12 -3.452171587458152586e-12 2.298414014482150114e-12 4.533949071487091119e-12 1.744494430322382076e-12 -3.462090287858680243e-13 1.714872573243831153e-12 -5.673748178239236466e-14 1.950541414811876001e-12 -8.737732712566192745e-13 -5.298556406557751515e-13 1.129619022112384001e-12 -1.101624575465256299e-12 1.202577167730496757e-12 7.194915220486227739e-13 1.406935452075138329e-12 6.648115002555284596e-13 1.436346662223651322e-12 4.550354239915204533e-12 8.199637275578462214e-12 3.040253062106892760e-12 1.089637063263686938e-12
-8.625750381731502413e-12 -1.067594561824347760e-14 -2.429566072446643166e-12 7.914905225666397701e-12 -2.661109431949786753e-13 9.265941973953310296e-13 5.653535065019761114e-12 -2.420284805613903774e-13 1.647905798826511411e-12 4.562821349033416317e-14 5.434422359633522043e-13 1.854021660726630548e-12 1.654988483974625633e-12 -1.395914154306348544e-12 -1.845333758874064463e-13 1.448441141862823672e-13 -1.174937283382371135e-12 -1.848835014795848297e-13 -1.528366225024681447e-12 -2.450315215059676243e-13 3.358260937193821607e-13 -1.950239275881723605e-14 1.072768680866960172e-12 3.040253062106892760e-12 7.553591672358891958e-12 2.328836885090787010e-12
-7.020200523844445462e-12 -4.019009280131884604e-13 -3.680887822403265221e-12 7.815649851919753358e-12 -1.861217914962821248e-12 1.381382003245603743e-12 3.699528121565192906e-12 -3.794955491601345288e-12 -8.164437790762755391e-13 -3.055411030162906751e-12 1.856100688077338070e-13 1.443436809872071766e-12 1.124727381766078002e-12 1.442528894313539896e-12 1.601656047049212500e-12 1.692888444769646901e-12 1.079893945829309524e-12 4.434541101621190933e-13 -1.069825990344070101e-12 -9.417426715140091834e-13 2.118728369887466004e-13 1.074595353229079888e-12 1.264205017478105678e-12 1.089637063263686938e-12 2.328836885090787010e-12 5.751733305722328097e-12
