2.313824560929013809e-09 2.661357167271667800e-11 1.215156633631858179e-10 -2.150566387534656655e-11 -1.633675359685693207e-11 7.853670919184207139e-12 -2.423397823441622816e-11 -6.900452878477080149e-11 2.071685733141007612e-11 1.128162896503170872e-12 -5.586996589261675361e-12 -9.415676009401592505e-12 -9.020384205974252583e-12 5.515929526100453978e-12 -5.995720013377063713e-12 4.420313619292908810e-12 1.732150215775623762e-11 -5.077571591145940974e-12 -4.123027854764032862e-12 -6.282114927378500693e-12 1.875619940520222132e-11 1.904641418312349221e-11 7.871269324506188782e-12 6.758243786910534308e-12 -1.216552296156634103e-11 -7.843767289424191194e-12
2.661357167271667800e-11 1.617565885273828629e-09 3.936464476478480785e-11 8.972809060961740881e-11 6.917075925386524291e-11 -1.304529470833406513e-11 -7.791670033213352641e-12 1.688870177209680642e-11 -4.869533813904147503e-12 1.531300920121765383e-11 1.299337860416481451e-11 1.121960818725181982e-11 -2.361110196581636312e-11 -2.477125760431491116e-11 -7.053675359726320466e-13 3.552228123698373861e-11 4.060009975255059375e-11 3.929720777300315112e-11 1.011608627779876059e-11 1.230780424200526035e-11 3.288074948783503453e-12 -1.067825512342837844e-11 -9.463905622733084580e-12 -2.291753184943275226e-12 -4.917751055104556524e-12 1.429929907025867842e-12
1.215156633631858179e-10 3.936464476478480785e-11 1.068418345409854436e-09 1.420300701732601667e-10 -6.596401966339487622e-12 2.491192532461384901e-11 4.219852399234296486e-11 2.699247293166799709e-11 1.653043965149278655e-11 1.526591530148451471e-11 1.698177976243359152e-11 1.215685777884300952e-11 -1.840388609359766732e-11 3.644948671355650002e-12 -8.361358468349873949e-12 -1.262735046194026790e-11 -1.267271931107106059e-11 -4.756857951606045089e-12 -7.795784259451176007e-12 -1.167902246852387602e-11 -1.199869470215664073e-11 -7.100044494556094045e-12 -2.695078477591274324e-12 -5.729535246755509179e-12 8.190167908428666334e-12 9.928255305845214504e-12
-2.150566387534656655e-11 8.972809060961740881e-11 1.420300701732601667e-10 7.835010680205867207e-10 8.559807335993671523e-12 -1.137256601885085323e-11 4.464134751266460651e-11 3.956590653428179385e-11 -4.757516896031451100e-13 1.302042082985953993e-12 7.220234582793528556e-12 5.812160179397113054e-12 1.177544343759040959e-12 1.005264370949595546e-11 9.327471083102481136e-12 6.348502135069660442e-12 2.441045649092294463e-11 2.006452147275778786e-11 2.867857182828473430e-11 6.674816077806123171e-12 -5.802662720836529561e-12 -1.007721874456971865e-11 -1.075427015838116972e-11 -4.760747066385242503e-12 -1.241295294187247310e-11 7.318555106743586780e-13
-1.633675359685693207e-11 6.917075925386524291e-11 -6.596401966339487622e-12 8.559807335993671523e-12 4.272333096164728934e-10 3.401354758364126264e-11 2.616354315648537551e-11 2.699510581687790396e-12 8.754966420391161834e-12 -7.506108312068137855e-12 5.335008241443155133e-12 3.531690128148789362e-12 3.556097562143427772e-12 -2.737097843694689453e-12 -5.252612808452696725e-12 -1.156761447399075764e-11 -8.096077309277020025e-12 -1.997528123227011462e-12 -4.034067118089691917e-12 4.137794330504534329e-12 3.142344601196474294e-12 5.398856898789415223e-12 -2.406525599820928050e-12 2.302486376348853844e-12 1.091157249323697853e-12 7.847767663741101363e-12
7.853670919184207139e-12 -1.304529470833406513e-11 2.491192532461384901e-11 -1.137256601885085323e-11 3.401354758364126264e-11 3.186248090617983642e-10 4.052566071110369814e-11 8.488201168865340187e-12 1.196464116873051023e-11 -7.453389589720293900e-13 2.468477102627522496e-13 -6.246470745614708615e-12 1.625360583071050625e-12 1.082145241093483279e-11 2.924843890696706229e-13 -3.518595904885826327e-12 2.065735458269231122e-12 -5.679220567769234842e-13 1.102670337557243462e-12 2.633259329746478406e-14 9.859212226655078974e-13 4.878645529058299404e-12 -2.546096494583793232e-12 -9.226893305140678669e-12 -4.031334790271013740e-12 4.070637999932385424e-12
-2.423397823441622816e-11 -7.791670033213352641e-12 4.219852399234296486e-11 4.464134751266460651e-11 2.616354315648537551e-11 4.052566071110369814e-11 2.100727373262965158e-10 4.077067233220038561e-11 4.368870258007738293e-12 -3.279719072895952168e-12 -7.698232728222685936e-12 -4.934426372337218705e-12 -7.722833134596088266e-12 -3.081736777485322220e-12 -1.443200022887334352e-11 -4.322397761487284715e-12 1.091326819872204329e-12 1.366260462040848663e-12 3.684568984964849085e-12 3.828348169322108780e-12 -7.871634069691251949e-13 -4.389261245073888162e-13 -2.988896329404181622e-12 -1.220632828784645375e-12 2.569136944534074273e-13 2.725953299611031644e-12
-6.900452878477080149e-11 1.688870177209680642e-11 2.699247293166799709e-11 3.956590653428179385e-11 2.699510581687790396e-12 8.488201168865340187e-12 4.077067233220038561e-11 1.291580116509305174e-10 2.578433052102633920e-11 1.075126132991267769e-11 8.934108116764744023e-12 6.909204214941418824e-12 -5.311706163336288887e-12 7.466702626886393245e-13 -6.646358830355495344e-12 -1.843179735151146008e-12 -4.371922684860627165e-12 6.222283514198227674e-12 7.240950988711273452e-12 4.897996591972991663e-12 2.161050527529251202e-12 4.040196622815940423e-12 -1.585751560296392137e-13 8.631519252057637907e-14 5.869535242789990589e-13 1.295923282451752946e-12
2.071685733141007612e-11 -4.869533813904147503e-12 1.653043965149278655e-11 -4.757516896031451100e-13 8.754966420391161834e-12 1.196464116873051023e-11 4.368870258007738293e-12 2.578433052102633920e-11 1.169866535809013902e-10 3.020054231955346016e-11 1.334754454630827888e-11 1.452724573860786372e-11 1.614684402543205989e-11 7.835309376191705240e-12 -8.496943570536753120e-13 1.189880253318370048e-12 3.369087905631661024e-12 2.181916389115805633e-12 4.305654716812585519e-12 3.658442091425305124e-12 -2.151213898702349164e-13 -1.503767406946506958e-12 -3.355103626374441149e-12 -3.194873666530457518e-12 -2.776610372164259297e-12 -5.321444716208749787e-12
1.128162896503170872e-12 1.531300920121765383e-11 1.526591530148451471e-11 1.302042082985953993e-12 -7.506108312068137855e-12 -7.453389589720293900e-13 -3.279719072895952168e-12 1.075126132991267769e-11 3.020054231955346016e-11 8.220505647656553936e-11 2.051669820278720545e-11 1.672473334453267732e-11 1.057812777465541284e-11 7.195996992084740544e-12 2.969214563595542394e-12 -2.580751879031216507e-13 3.351946306287737852e-12 4.514902867941413097e-12 2.804104838492102274e-12 3.586930591316554680e-12 2.455830333390977319e-12 4.046449266436529076e-12 3.605696786412612558e-12 -2.257679450046487525e-12 -3.461444573467713807e-12 -2.120333377002920557e-12
-5.586996589261675361e-12 1.299337860416481451e-11 1.698177976243359152e-11 7.220234582793528556e-12 5.335008241443155133e-12 2.468477102627522496e-13 -7.698232728222685936e-12 8.934108116764744023e-12 1.334754454630827888e-11 2.051669820278720545e-11 6.919748321027181125e-11 2.363970319329035855e-11 1.086273332519519564e-11 -5.098066974258994175e-12 2.146117888038260864e-12 -1.684040207360582141e-12 -8.733949447497777278e-13 1.390432430492715698e-12 7.728044217359675208e-14 2.816799949244342485e-12 -7.453541283783388146e-13 3.746400837124505591e-12 3.224974664725045171e-12 -1.284060632800023825e-12 -3.320926407286689359e-12 -3.002942847126578273e-12
-9.415676009401592505e-12 1.121960818725181982e-11 1.215685777884300952e-11 5.812160179397113054e-12 3.531690128148789362e-12 -6.246470745614708615e-12 -4.934426372337218705e-12 6.909204214941418824e-12 1.452724573860786372e-11 1.672473334453267732e-11 2.363970319329035855e-11 4.971663260526397573e-11 1.789172517594343885e-11 3.176629108046526486e-12 9.052482021630779641e-12 2.707577421670473016e-12 -5.888886422804898650e-13 -2.947902197657734746e-13 -3.175056208567426089e-13 4.306165144142350224e-13 -2.590802629085089745e-12 -2.623924344150747070e-12 2.499498137033746236e-13 9.230543251975619337e-13 -1.089889946371657349e-12 -1.077871856596792232e-12
-9.020384205974252583e-12 -2.361110196581636312e-11 -1.840388609359766732e-11 1.177544343759040959e-12 3.556097562143427772e-12 1.625360583071050625e-12 -7.722833134596088266e-12 -5.311706163336288887e-12 1.614684402543205989e-11 1.057812777465541284e-11 1.086273332519519564e-11 1.789172517594343885e-11 4.362995065314658644e-11 1.295437128444119898e-11 9.609465865092810032e-12 5.381899190988172836e-12 2.640170082563568360e-12 1.022146370000899808e-12 1.078454791852774280e-13 1.067759858341418140e-12 2.083674221261140159e-13 1.663192690140244032e-12 1.119601200808868620e-12 -8.628552933545461035e-13 -1.414314550614433495e-12 -9.628096510590381810e-13
5.515929526100453978e-12 -2.477125760431491116e-11 3.644948671355650002e-12 1.005264370949595546e-11 -2.737097843694689453e-12 1.082145241093483279e-11 -3.081736777485322220e-12 7.466702626886393245e-13 7.835309376191705240e-12 7.195996992084740544e-12 -5.098066974258994175e-12 3.176629108046526486e-12 1.295437128444119898e-11 3.138778520661537891e-11 1.468876979063060650e-11 7.404583225774570818e-12 3.071462442199975732e-12 4.087961244713495163e-13 -7.233205366839217012e-13 -2.214581848652414435e-12 -2.767057912049056241e-12 -1.972794859691282076e-12 -1.436052229807406302e-12 -2.056910836888368646e-12 5.026924170798072675e-14 1.766146461916077211e-12
-5.995720013377063713e-12 -7.053675359726320466e-13 -8.361358468349873949e-12 9.327471083102481136e-12 -5.252612808452696725e-12 2.924843890696706229e-13 -1.443200022887334352e-11 -6.646358830355495344e-12 -8.496943570536753120e-13 2.969214563595542394e-12 2.146117888038260864e-12 9.052482021630779641e-12 9.609465865092810032e-12 1.468876979063060650e-11 3.302427126449634802e-11 1.348431189899727394e-11 5.542078899214992593e-12 3.458552193705555091e-12 7.882662854295528006e-13 -1.182051699606545330e-12 -1.191511058366263890e-12 -3.331387702942742174e-12 -1.972015885825517406e-12 -6.797920705410039064e-13 1.259409705434410230e-12 1.917611304500133838e-12
4.420313619292908810e-12 3.552228123698373861e-11 -1.262735046194026790e-11 6.348502135069660442e-12 -1.156761447399075764e-11 -3.518595904885826327e-12 -4.322397761487284715e-12 -1.843179735151146008e-12 1.189880253318370048e-12 -2.580751879031216507e-13 -1.684040207360582141e-12 2.707577421670473016e-12 5.381899190988172836e-12 7.404583225774570818e-12 1.348431189899727394e-11 2.521149079198090129e-11 1.114215052402730955e-11 7.070783264441738384e-12 4.715149271907335412e-12 1.496145780061532331e-12 3.196728791851045155e-14 -3.268744092215582594e-12 -2.724883249036167227e-12 -2.869011168830855267e-13 -9.242282927764742192e-14 5.595536940666211362e-13
1.732150215775623762e-11 4.060009975255059375e-11 -1.267271931107106059e-11 2.441045649092294463e-11 -8.096077309277020025e-12 2.065735458269231122e-12 1.091326819872204329e-12 -4.371922684860627165e-12 3.369087905631661024e-12 3.351946306287737852e-12 -8.733949447497777278e-13 -5.888886422804898650e-13 2.640170082563568360e-12 3.071462442199975732e-12 5.542078899214992593e-12 1.114215052402730955e-11 2.660975142854909940e-11 1.647096826209521005e-11 1.013979657411891988e-11 3.629900745011053340e-12 2.012933818311888686e-12 -2.424854772092903668e-12 -2.406418555364453408e-12 -5.084062724766933386e-13 -1.778431330468099738e-12 -8.803166673316244822e-13
-5.077571591145940974e-12 3.929720777300315112e-11 -4.756857951606045089e-12 2.006452147275778786e-11 -1.997528123227011462e-12 -5.679220567769234842e-13 1.366260462040848663e-12 6.222283514198227674e-12 2.181916389115805633e-12 4.514902867941413097e-12 1.390432430492715698e-12 -2.947902197657734746e-13 1.022146370000899808e-12 4.087961244713495163e-13 3.458552193705555091e-12 7.070783264441738384e-12 1.647096826209521005e-11 2.674830876357449191e-11 1.573251224412326107e-11 7.554809432236155670e-12 2.636160364543425459e-12 -1.066022157223146859e-12 -1.127766247671399946e-12 -3.869449148583043700e-13 -1.087763620877619476e-12 4.251170392883423370e-13
-4.123027854764032862e-12 1.011608627779876059e-11 -7.795784259451176007e-12 2.867857182828473430e-11 -4.034067118089691917e-12 1.102670337557243462e-12 3.684568984964849085e-12 7.240950988711273452e-12 4.305654716812585519e-12 2.804104838492102274e-12 7.728044217359675208e-14 -3.175056208567426089e-13 1.078454791852774280e-13 -7.233205366839217012e-13 7.882662854295528006e-13 4.715149271907335412e-12 1.013979657411891988e-11 1.573251224412326107e-11 2.272987841066822547e-11 1.191374270949683923e-11 5.469641023621580545e-12 -4.914753424413655157e-13 -1.469279989370622475e-12 -1.048545058280459392e-12 -2.436538799029934589e-12 -7.261181294625048747e-13
-6.282114927378500693e-12 1.230780424200526035e-11 -1.167902246852387602e-11 6.674816077806123171e-12 4.137794330504534329e-12 2.633259329746478406e-14 3.828348169322108780e-12 4.897996591972991663e-12 3.658442091425305124e-12 3.586930591316554680e-12 2.816799949244342485e-12 4.306165144142350224e-13 1.067759858341418140e-12 -2.214581848652414435e-12 -1.182051699606545330e-12 1.496145780061532331e-12 3.629900745011053340e-12 7.554809432236155670e-12 1.191374270949683923e-11 1.855932601742120600e-11 1.008045741661451689e-11 3.048645560296778794e-12 1.923038084478258732e-14 -1.183575432132195878e-12 -2.518053053599774817e-12 -1.764685916376762977e-12
1.875619940520222132e-11 3.288074948783503453e-12 -1.199869470215664073e-11 -5.802662720836529561e-12 3.142344601196474294e-12 9.859212226655078974e-13 -7.871634069691251949e-13 2.161050527529251202e-12 -2.151213898702349164e-13 2.455830333390977319e-12 -7.453541283783388146e-13 -2.590802629085089745e-12 2.083674221261140159e-13 -2.767057912049056241e-12 -1.191511058366263890e-12 3.196728791851045155e-14 2.012933818311888686e-12 2.636160364543425459e-12 5.469641023621580545e-12 1.008045741661451689e-11 1.637314373976883362e-11 8.454523713516502311e-12 1.925524879985570675e-12 -2.635674610681193667e-13 -9.514173866429268911e-13 -1.313851951760391618e-12
1.904641418312349221e-11 -1.067825512342837844e-11 -7.100044494556094045e-12 -1.007721874456971865e-11 5.398856898789415223e-12 4.878645529058299404e-12 -4.389261245073888162e-13 4.040196622815940423e-12 -1.503767406946506958e-12 4.046449266436529076e-12 3.746400837124505591e-12 -2.623924344150747070e-12 1.663192690140244032e-12 -1.972794859691282076e-12 -3.331387702942742174e-12 -3.268744092215582594e-12 -2.424854772092903668e-12 -1.066022157223146859e-12 -4.914753424413655157e-13 3.048645560296778794e-12 8.454523713516502311e-12 1.725865704683132210e-11 8.889778434017926281e-12 2.156386380744889908e-12 7.464901826855362451e-14 -1.168878320584446484e-12
7.871269324506188782e-12 -9.463905622733084580e-12 -2.695078477591274324e-12 -1.075427015838116972e-11 -2.406525599820928050e-12 -2.546096494583793232e-12 -2.988896329404181622e-12 -1.585751560296392137e-13 -3.355103626374441149e-12 3.605696786412612558e-12 3.224974664725045171e-12 2.499498137033746236e-13 1.119601200808868620e-12 -1.436052229807406302e-12 -1.972015885825517406e-12 -2.724883249036167227e-12 -2.406418555364453408e-12 -1.127766247671399946e-12 -1.469279989370622475e-12 1.923038084478258732e-14 1.925524879985570675e-12 8.889778434017926281e-12 1.522383354860463819e-11 5.968317789806379975e-12 5.520696463512936854e-13 -7.839408650307211006e-13
6.758243786910534308e-12 -2.291753184943275226e-12 -5.729535246755509179e-12 -4.760747066385242503e-12 2.302486376348853844e-12 -9.226893305140678669e-12 -1.220632828784645375e-12 8.631519252057637907e-14 -3.194873666530457518e-12 -2.257679450046487525e-12 -1.284060632800023825e-12 9.230543251975619337e-13 -8.628552933545461035e-13 -2.056910836888368646e-12 -6.797920705410039064e-13 -2.869011168830855267e-13 -5.084062724766933386e-13 -3.869449148583043700e-13 -1.048545058280459392e-12 -1.183575432132195878e-12 -2.635674610681193667e-13 2.156386380744889908e-12 5.968317789806379975e-12 1.185613217986815413e-11 4.250337283111781295e-12 5.664495755851511516e-13
-1.216552296156634103e-11 -4.917751055104556524e-12 8.190167908428666334e-12 -1.241295294187247310e-11 1.091157249323697853e-12 -4.031334790271013740e-12 2.569136944534074273e-13 5.869535242789990589e-13 -2.776610372164259297e-12 -3.461444573467713807e-12 -3.320926407286689359e-12 -1.089889946371657349e-12 -1.414314550614433495e-12 5.026924170798072675e-14 1.259409705434410230e-12 -9.242282927764742192e-14 -1.778431330468099738e-12 -1.087763620877619476e-12 -2.436538799029934589e-12 -2.518053053599774817e-12 -9.514173866429268911e-13 7.464901826855362451e-14 5.520696463512936854e-13 4.250337283111781295e-12 1.022829530515851445e-11 3.583496973102345185e-12
-7.843767289424191194e-12 1.429929907025867842e-12 9.928255305845214504e-12 7.318555106743586780e-13 7.847767663741101363e-12 4.070637999932385424e-12 2.725953299611031644e-12 1.295923282451752946e-12 -5.321444716208749787e-12 -2.120333377002920557e-12 -3.002942847126578273e-12 -1.077871856596792232e-12 -9.628096510590381810e-13 1.766146461916077211e-12 1.917611304500133838e-12 5.595536940666211362e-13 -8.803166673316244822e-13 4.251170392883423370e-13 -7.261181294625048747e-13 -1.764685916376762977e-12 -1.313851951760391618e-12 -1.168878320584446484e-12 -7.839408650307211006e-13 5.664495755851511516e-13 3.583496973102345185e-12 8.624372921765302144e-12
