4.705464683742840242e-09 3.033212977901956208e-10 -2.649024696374229321e-10 1.999277709012765761e-10 2.271234243520993013e-10 -3.853971282479851204e-11 3.302219349283877661e-11 -1.448214231412822915e-11 -8.859116461786878927e-12 2.496644316149300151e-11 2.905112682917098010e-11 2.681945022495550927e-11 -2.090376500402270113e-11 -1.156155833110022650e-12 6.304245474420422954e-11 6.757812838925646797e-11 4.603795958949359294e-11 4.740858184450495011e-11 3.900292817511333894e-11 3.064457732795436153e-11 2.384139328871277454e-13 3.912124960217938878e-11 4.358424911794181253e-11 3.859893056881954085e-11 4.903640820383434286e-12 -9.873371326999974816e-12
3.033212977901956208e-10 3.075478527483707973e-09 1.432645115277489642e-10 -3.925362010410233698e-11 -5.220980021387891539e-11 2.678869580268033533e-11 1.432615884034142857e-11 -5.728090679471357423e-11 -4.968089885506057812e-11 1.786990938209231340e-11 -2.233750078342633030e-11 -2.446046634186099977e-11 1.367156218077729032e-11 -1.013160294673838590e-11 -3.953708909269546830e-11 -4.996228823390871555e-11 -4.856448529545148821e-11 -5.411941918256311062e-12 -2.165164609658831972e-12 3.340101489543744306e-11 1.347493610005947068e-11 1.213788808974023189e-11 9.462213606430890212e-12 -9.259737945386831001e-12 -3.270723316288803775e-12 4.249059325091936890e-13
-2.649024696374229321e-10 1.432645115277489642e-10 1.800110683999402991e-09 1.387471539612456941e-10 -1.003751557440174293e-11 3.693093874740330177e-11 8.070678730926415318e-11 6.455191409771575617e-11 3.557761864348904334e-11 1.468505534703686151e-11 1.703617512128189527e-12 -2.293150373183200447e-11 -5.131877397351315993e-11 -1.449725875516747892e-11 -1.294521666240634657e-11 1.099040765124083441e-12 -1.052344995280400246e-11 -1.849495261198022317e-11 2.550056369123655926e-11 2.719741893847236417e-11 8.856837514950572881e-12 5.768156919166889304e-12 9.495614587605188848e-13 1.774415117519168088e-11 1.211874267097031659e-11 4.422263156270315690e-13
1.999277709012765761e-10 -3.925362010410233698e-11 1.387471539612456941e-10 1.339557037009964930e-09 1.587882214623250696e-11 1.451145973492718837e-10 1.769547038983274964e-12 -9.180679900842204076e-11 -3.398544225122074523e-11 -8.312181578096401918e-12 1.766092518748568267e-11 9.979568758420699990e-13 -1.400339223949690068e-12 -7.744938789809131651e-12 1.282481777428103687e-11 8.344412778566863356e-12 2.916255796393057870e-11 2.152456663433440596e-11 8.951626248113498848e-12 -9.710082534657501273e-12 -6.786904042051579090e-12 -5.754930087279686468e-12 1.685052120705951948e-12 1.183587489245418353e-11 7.855465950383004752e-12 1.360889554145542719e-11
2.271234243520993013e-10 -5.220980021387891539e-11 -1.003751557440174293e-11 1.587882214623250696e-11 7.318265286600407114e-10 2.460648353323685572e-11 1.466896172308900954e-11 3.418114509901179423e-11 -8.084528029524209588e-12 2.496872347762430102e-11 5.829353963758667445e-12 1.263632851249578744e-11 -2.254015734390881245e-11 -1.782922732652100786e-11 -1.400677627038253695e-11 -1.523972616605766215e-11 1.124210706681915181e-11 1.533816490527325636e-11 8.692412682761696246e-12 9.190094035336361261e-12 -1.416225235492371253e-12 2.466657975678539281e-12 -3.500800353869436287e-13 -2.832607894462506015e-12 -3.390012537687434222e-12 -3.341127409966950864e-12
-3.853971282479851204e-11 2.678869580268033533e-11 3.693093874740330177e-11 1.451145973492718837e-10 2.460648353323685572e-11 5.763874115106127996e-10 4.066161762795950764e-11 9.080972153573441105e-12 2.560642927056180721e-12 2.578393156161670486e-11 1.367376327384489555e-11 2.560744521177124335e-11 2.151065487060814857e-11 5.133187634305340941e-12 -1.034322319730201094e-11 -2.276699202093363228e-12 -2.062766673619762516e-11 -3.428534226167747338e-12 6.540242163325773078e-12 -2.685850856885974462e-12 -5.842317951130808927e-12 -1.555981846656462392e-11 -3.708159779131642856e-12 -2.118477525392787058e-12 6.759101197566200411e-12 4.348757774523371976e-12
3.302219349283877661e-11 1.432615884034142857e-11 8.070678730926415318e-11 1.769547038983274964e-12 1.466896172308900954e-11 4.066161762795950764e-11 4.289276112408970015e-10 3.800740951963894192e-11 8.959545190402216670e-12 2.241144405551392456e-12 1.139200332146945040e-11 2.421460123552384304e-11 -3.655371061248548244e-12 2.827697837245312908e-12 1.754684540548374567e-12 2.223403205949866754e-12 8.869824831938722802e-12 1.158763369375641780e-11 1.619195804788638116e-11 1.169106401054263254e-11 4.497211024669646929e-12 2.733164190685017285e-15 1.417236488161575580e-12 8.419777800873200044e-12 -3.883278867297258715e-14 2.117297402758146903e-12
-1.448214231412822915e-11 -5.728090679471357423e-11 6.455191409771575617e-11 -9.180679900842204076e-11 3.418114509901179423e-11 9.080972153573441105e-12 3.800740951963894192e-11 2.478474534298317639e-10 3.174573528630039353e-11 9.211523172540763188e-14 2.036845716212960787e-11 8.605963112457264888e-12 -3.478388725823759360e-12 -7.590429508086914006e-12 -1.200116306177965441e-11 -8.429179778147783422e-12 -6.361821270318877453e-12 2.150011210448904634e-12 -7.663141031811189933e-12 -5.125957734392019105e-12 -8.050199710956956772e-12 -1.129499259491513781e-12 7.002751412259578654e-12 -7.461907444649754601e-13 -4.612377846739543370e-12 -3.216797165013873940e-12
-8.859116461786878927e-12 -4.968089885506057812e-11 3.557761864348904334e-11 -3.398544225122074523e-11 -8.084528029524209588e-12 2.560642927056180721e-12 8.959545190402216670e-12 3.174573528630039353e-11 1.994155054454600028e-10 3.092658006118189710e-11 2.756586856992703251e-11 2.850872107289672157e-11 1.333648623176858398e-11 7.652202735769594314e-12 1.386400028936180146e-11 -4.611996635491369915e-14 -3.167897801253558901e-12 -1.279205593835149156e-12 4.331286008441818730e-12 3.477192179635046880e-12 -5.319527145443640309e-14 -1.160769872994767822e-12 2.688127637411067610e-12 2.922574135147296896e-12 2.670112996948939802e-12 -2.991942384562314136e-12
2.496644316149300151e-11 1.786990938209231340e-11 1.468505534703686151e-11 -8.312181578096401918e-12 2.496872347762430102e-11 2.578393156161670486e-11 2.241144405551392456e-12 9.211523172540763188e-14 3.092658006118189710e-11 1.423638931769714454e-10 3.916116734953993301e-11 1.904392248158698433e-11 2.026176573538796714e-11 6.073461170689254184e-12 1.810619419473121232e-13 1.909362306518620616e-12 -4.237339880542009660e-12 -3.887995378092137393e-13 1.030116855173251221e-11 7.262992203755408454e-12 -7.660923451518674330e-14 -6.800677491810394573e-13 -3.286511392322417322e-13 -4.230171779719838910e-13 3.459565977694103091e-12 7.706017000942868163e-13
2.905112682917098010e-11 -2.233750078342633030e-11 1.703617512128189527e-12 1.766092518748568267e-11 5.829353963758667445e-12 1.367376327384489555e-11 1.139200332146945040e-11 2.036845716212960787e-11 2.756586856992703251e-11 3.916116734953993301e-11 9.861143266028771708e-11 5.385521889728031878e-11 2.407627969333901533e-11 1.739451345360920907e-11 1.100115983512033088e-11 4.383911182485690829e-12 5.595658863567305892e-12 5.730338001116298466e-12 -1.135613142036274068e-12 -3.018434642560312884e-12 1.955502808831968049e-12 -2.606769132941438861e-12 -1.477450725929925638e-12 2.201939162616791427e-13 2.478658932406310701e-12 -8.738723953873033107e-13
2.681945022495550927e-11 -2.446046634186099977e-11 -2.293150373183200447e-11 9.979568758420699990e-13 1.263632851249578744e-11 2.560744521177124335e-11 2.421460123552384304e-11 8.605963112457264888e-12 2.850872107289672157e-11 1.904392248158698433e-11 5.385521889728031878e-11 9.605898537707459056e-11 3.447061589806251849e-11 2.411526390844574933e-11 9.960313502815093126e-12 8.435298819607205631e-12 4.655023797799198600e-12 5.092981941738823922e-12 -1.416937882253850122e-12 1.124779847014490795e-12 4.903746049117685582e-12 -2.680691973423640826e-12 -2.817384322483184169e-13 -4.718933083277718897e-13 1.329205100097947743e-12 -3.599418344848139089e-13
-2.090376500402270113e-11 1.367156218077729032e-11 -5.131877397351315993e-11 -1.400339223949690068e-12 -2.254015734390881245e-11 2.151065487060814857e-11 -3.655371061248548244e-12 -3.478388725823759360e-12 1.333648623176858398e-11 2.026176573538796714e-11 2.407627969333901533e-11 3.447061589806251849e-11 7.884912451640189268e-11 3.740777715254288360e-11 1.225209892891370051e-11 9.702247620459859694e-12 -1.364303524734250424e-12 -1.215123767680292022e-12 -4.669173600921296281e-12 -4.402966648644567483e-12 -2.066500347787798277e-12 -1.645744036107083709e-12 -1.554929917052120586e-12 1.366840478198716851e-12 2.077518308227141245e-12 2.410150726001540631e-12
-1.156155833110022650e-12 -1.013160294673838590e-11 -1.449725875516747892e-11 -7.744938789809131651e-12 -1.782922732652100786e-11 5.133187634305340941e-12 2.827697837245312908e-12 -7.590429508086914006e-12 7.652202735769594314e-12 6.073461170689254184e-12 1.739451345360920907e-11 2.411526390844574933e-11 3.740777715254288360e-11 5.968659723131978808e-11 2.509599791856463027e-11 1.603587023840433272e-11 9.020106467276499114e-12 4.216273562195265333e-12 5.775925163597474440e-12 3.455817052443248408e-12 3.108034402273882498e-12 -2.644630634501431279e-12 -3.258230546213798301e-12 7.435783322040531691e-13 -4.736292494444669784e-13 2.047760871492215254e-12
6.304245474420422954e-11 -3.953708909269546830e-11 -1.294521666240634657e-11 1.282481777428103687e-11 -1.400677627038253695e-11 -1.034322319730201094e-11 1.754684540548374567e-12 -1.200116306177965441e-11 1.386400028936180146e-11 1.810619419473121232e-13 1.100115983512033088e-11 9.960313502815093126e-12 1.225209892891370051e-11 2.509599791856463027e-11 5.587564532975440580e-11 2.589627762853625673e-11 1.255540739012528085e-11 7.345416831826373236e-12 8.037122038856550711e-12 1.095707208662250150e-13 3.006329141902656776e-12 2.402030126771632743e-12 8.866679592447154495e-13 2.295913041561091074e-12 -2.184226917166059302e-12 -4.446021454151193485e-12
6.757812838925646797e-11 -4.996228823390871555e-11 1.099040765124083441e-12 8.344412778566863356e-12 -1.523972616605766215e-11 -2.276699202093363228e-12 2.223403205949866754e-12 -8.429179778147783422e-12 -4.611996635491369915e-14 1.909362306518620616e-12 4.383911182485690829e-12 8.435298819607205631e-12 9.702247620459859694e-12 1.603587023840433272e-11 2.589627762853625673e-11 4.551026388844895934e-11 2.062078050480108592e-11 1.467998836525254749e-11 9.310126280453350457e-12 5.355738505152438868e-12 4.885774771404624754e-12 5.912416734297019847e-13 2.042962452462457638e-15 1.443360102964085078e-12 -1.681735154325046602e-12 -2.610224958508998741e-12
4.603795958949359294e-11 -4.856448529545148821e-11 -1.052344995280400246e-11 2.916255796393057870e-11 1.124210706681915181e-11 -2.062766673619762516e-11 8.869824831938722802e-12 -6.361821270318877453e-12 -3.167897801253558901e-12 -4.237339880542009660e-12 5.595658863567305892e-12 4.655023797799198600e-12 -1.364303524734250424e-12 9.020106467276499114e-12 1.255540739012528085e-11 2.062078050480108592e-11 3.751969972115844116e-11 1.827314699393744408e-11 1.012532697564529408e-11 6.422790490039703195e-12 6.674192773252904725e-12 2.433042803249044178e-12 8.791568917918188157e-13 3.782799255193390436e-12 -4.266342387695974293e-13 -1.710541703266222483e-12
4.740858184450495011e-11 -5.411941918256311062e-12 -1.849495261198022317e-11 2.152456663433440596e-11 1.533816490527325636e-11 -3.428534226167747338e-12 1.158763369375641780e-11 2.150011210448904634e-12 -1.279205593835149156e-12 -3.887995378092137393e-13 5.730338001116298466e-12 5.092981941738823922e-12 -1.215123767680292022e-12 4.216273562195265333e-12 7.345416831826373236e-12 1.467998836525254749e-11 1.827314699393744408e-11 3.613517344919721614e-11 2.120910213180317096e-11 1.054993032013211908e-11 4.666863057864111412e-12 7.227450153481426646e-13 -6.798568148615200419e-13 3.031243723198634529e-12 -1.476999965618980471e-12 -2.791369899581285044e-12
3.900292817511333894e-11 -2.165164609658831972e-12 2.550056369123655926e-11 8.951626248113498848e-12 8.692412682761696246e-12 6.540242163325773078e-12 1.619195804788638116e-11 -7.663141031811189933e-12 4.331286008441818730e-12 1.030116855173251221e-11 -1.135613142036274068e-12 -1.416937882253850122e-12 -4.669173600921296281e-12 5.775925163597474440e-12 8.037122038856550711e-12 9.310126280453350457e-12 1.012532697564529408e-11 2.120910213180317096e-11 3.872319709699560608e-11 2.014071505620375625e-11 7.323032486013236523e-12 2.221751936684383161e-12 -8.820497171739727406e-13 2.788807592078397767e-12 -9.111201410240381470e-13 -1.426227292895921604e-12
3.064457732795436153e-11 3.340101489543744306e-11 2.719741893847236417e-11 -9.710082534657501273e-12 9.190094035336361261e-12 -2.685850856885974462e-12 1.169106401054263254e-11 -5.125957734392019105e-12 3.477192179635046880e-12 7.262992203755408454e-12 -3.018434642560312884e-12 1.124779847014490795e-12 -4.402966648644567483e-12 3.455817052443248408e-12 1.095707208662250150e-13 5.355738505152438868e-12 6.422790490039703195e-12 1.054993032013211908e-11 2.014071505620375625e-11 3.612222569333187332e-11 1.758395850394811011e-11 3.590180198430607016e-12 -6.480352083936329965e-13 1.269510393901823120e-12 -5.530036769495199748e-13 1.602164936385934868e-12
2.384139328871277454e-13 1.347493610005947068e-11 8.856837514950572881e-12 -6.786904042051579090e-12 -1.416225235492371253e-12 -5.842317951130808927e-12 4.497211024669646929e-12 -8.050199710956956772e-12 -5.319527145443640309e-14 -7.660923451518674330e-14 1.955502808831968049e-12 4.903746049117685582e-12 -2.066500347787798277e-12 3.108034402273882498e-12 3.006329141902656776e-12 4.885774771404624754e-12 6.674192773252904725e-12 4.666863057864111412e-12 7.323032486013236523e-12 1.758395850394811011e-11 2.928933591128730369e-11 9.781813336999375800e-12 2.074557124368096569e-12 2.480984327133282916e-12 5.950745834691030635e-13 1.378633607563229209e-12
3.912124960217938878e-11 1.213788808974023189e-11 5.768156919166889304e-12 -5.754930087279686468e-12 2.466657975678539281e-12 -1.555981846656462392e-11 2.733164190685017285e-15 -1.129499259491513781e-12 -1.160769872994767822e-12 -6.800677491810394573e-13 -2.606769132941438861e-12 -2.680691973423640826e-12 -1.645744036107083709e-12 -2.644630634501431279e-12 2.402030126771632743e-12 5.912416734297019847e-13 2.433042803249044178e-12 7.227450153481426646e-13 2.221751936684383161e-12 3.590180198430607016e-12 9.781813336999375800e-12 2.014686148718086267e-11 9.874009186929594531e-12 2.094612831185291208e-12 5.537790648950115493e-13 -1.283107548832787593e-13
4.358424911794181253e-11 9.462213606430890212e-12 9.495614587605188848e-13 1.685052120705951948e-12 -3.500800353869436287e-13 -3.708159779131642856e-12 1.417236488161575580e-12 7.002751412259578654e-12 2.688127637411067610e-12 -3.286511392322417322e-13 -1.477450725929925638e-12 -2.817384322483184169e-13 -1.554929917052120586e-12 -3.258230546213798301e-12 8.866679592447154495e-13 2.042962452462457638e-15 8.791568917918188157e-13 -6.798568148615200419e-13 -8.820497171739727406e-13 -6.480352083936329965e-13 2.074557124368096569e-12 9.874009186929594531e-12 1.783328591063384449e-11 5.061943833250148295e-12 5.945113621895034765e-13 1.088843989742399109e-12
3.859893056881954085e-11 -9.259737945386831001e-12 1.774415117519168088e-11 1.183587489245418353e-11 -2.832607894462506015e-12 -2.118477525392787058e-12 8.419777800873200044e-12 -7.461907444649754601e-13 2.922574135147296896e-12 -4.230171779719838910e-13 2.201939162616791427e-13 -4.718933083277718897e-13 1.366840478198716851e-12 7.435783322040531691e-13 2.295913041561091074e-12 1.443360102964085078e-12 3.782799255193390436e-12 3.031243723198634529e-12 2.788807592078397767e-12 1.269510393901823120e-12 2.480984327133282916e-12 2.094612831185291208e-12 5.061943833250148295e-12 1.444804389379097323e-11 4.319627553715149285e-12 -3.348058201010980755e-13
4.903640820383434286e-12 -3.270723316288803775e-12 1.211874267097031659e-11 7.855465950383004752e-12 -3.390012537687434222e-12 6.759101197566200411e-12 -3.883278867297258715e-14 -4.612377846739543370e-12 2.670112996948939802e-12 3.459565977694103091e-12 2.478658932406310701e-12 1.329205100097947743e-12 2.077518308227141245e-12 -4.736292494444669784e-13 -2.184226917166059302e-12 -1.681735154325046602e-12 -4.266342387695974293e-13 -1.476999965618980471e-12 -9.111201410240381470e-13 -5.530036769495199748e-13 5.950745834691030635e-13 5.537790648950115493e-13 5.945113621895034765e-13 4.319627553715149285e-12 1.089780780176738157e-11 3.443847483250012934e-12
-9.873371326999974816e-12 4.249059325091936890e-13 4.422263156270315690e-13 1.360889554145542719e-11 -3.341127409966950864e-12 4.348757774523371976e-12 2.117297402758146903e-12 -3.216797165013873940e-12 -2.991942384562314136e-12 7.706017000942868163e-13 -8.738723953873033107e-13 -3.599418344848139089e-13 2.410150726001540631e-12 2.047760871492215254e-12 -4.446021454151193485e-12 -2.610224958508998741e-12 -1.710541703266222483e-12 -2.791369899581285044e-12 -1.426227292895921604e-12 1.602164936385934868e-12 1.378633607563229209e-12 -1.283107548832787593e-13 1.088843989742399109e-12 -3.348058201010980755e-13 3.443847483250012934e-12 1.113070615310708277e-11
