3.062096369714578604e-09 8.116476083864469161e-11 -1.253487166906611612e-11 5.478289349172260095e-11 4.710274613939108674e-11 6.407214106498666271e-11 -4.045917786663885156e-11 -1.527409179226184758e-11 9.836443128751995359e-12 -1.677814162949082975e-11 -3.998859002763902136e-11 4.276098886061389218e-12 9.550045841775466875e-12 -6.091781682827057885e-12 1.718296198431977979e-11 -1.024502332518178324e-11 -1.681134764664931319e-11 -4.051116859789551695e-12 -1.724297811564945608e-11 -3.484382768265626707e-11 -1.071792123634517058e-11 6.928615540367663189e-13 3.992001627467168851e-12 -1.019747407285333958e-11 -3.823093141609982798e-12 1.892096625096308518e-11
8.116476083864469161e-11 2.252947757022498152e-09 1.021683159798691493e-11 8.711760846932887106e-11 6.029666585942047628e-11 -3.806577413117122623e-11 4.054632824838580708e-13 8.358826883554213635e-12 3.188390756855014501e-12 -9.305599499739068910e-12 -3.082728773395186724e-11 4.872412239413616426e-11 -1.622033156922310784e-11 1.215566911063179677e-11 -3.771552962795980928e-12 -1.183752922123929837e-11 2.723969395477297318e-12 1.118469483164239808e-11 -1.098932137481905894e-12 -9.086840173206961806e-12 -2.746927935557589192e-12 -3.251263249946636228e-12 -6.020351368066697996e-12 -9.569331014494736513e-12 -1.434562384272442086e-12 -7.780437602743758842e-13
-1.253487166906611612e-11 1.021683159798691493e-11 1.400563760062529446e-09 7.889943180982276514e-11 4.419057170199039220e-11 3.953195905454603901e-11 -1.839554793573604212e-11 -2.339823178164514169e-11 7.197697257001274016e-12 4.546203251892510818e-11 2.948583138747271533e-11 4.126230637671413717e-11 7.129404768760559095e-11 -1.671520671230593198e-12 7.231888900127246436e-12 -8.943014008199985366e-12 1.082571280516754423e-11 1.333044956655500432e-12 -8.836124492482108306e-12 2.872235113880975501e-12 -4.897539642621008068e-12 3.803651653220363968e-12 -9.012749871439476855e-12 -7.174056244916353220e-12 7.839573937110295077e-12 2.509114829019897805e-12
5.478289349172260095e-11 8.711760846932887106e-11 7.889943180982276514e-11 8.732540185669415158e-10 9.454825932093498412e-11 1.090352966724113114e-10 1.563314016222933893e-11 -4.343762187291811920e-12 2.040172464041256381e-11 -1.164423749513811210e-12 1.059747781780196938e-11 4.863232511414429555e-13 9.325769254954347111e-12 -5.765566426437023957e-12 -5.248755917847061689e-13 1.362753925862691408e-11 -3.516400362018579317e-12 3.647510924022243641e-12 9.991047814304857481e-12 1.645417327179940054e-11 6.667846222243421769e-12 5.400824821427701740e-12 4.305875785420138580e-12 -8.713308066595844024e-13 -3.788110195755225162e-12 -5.040833002113505994e-12
4.710274613939108674e-11 6.029666585942047628e-11 4.419057170199039220e-11 9.454825932093498412e-11 6.075212485578781955e-10 5.454994218371744781e-11 -1.185607775456620583e-11 -2.207053406068001402e-11 7.126407436858651348e-12 3.706709466057041583e-12 7.515194630043243710e-12 1.426516979734501173e-11 1.409738204479080851e-11 9.428223323629199650e-12 8.387565181813831245e-12 -6.016634085393908413e-12 -2.796133438095526104e-12 -1.122720369359336274e-11 -1.023593846672388069e-11 4.386887107500123095e-13 -1.357228453183047722e-11 -1.127102451634891819e-11 -9.033959515145899688e-13 3.118008137815708843e-12 2.236407697501217873e-12 -1.559806925729587676e-12
6.407214106498666271e-11 -3.806577413117122623e-11 3.953195905454603901e-11 1.090352966724113114e-10 5.454994218371744781e-11 3.922126507303739595e-10 7.774551902396958211e-11 3.658227505982945616e-11 3.856096800327566459e-11 2.809008943018246020e-11 -7.871438739395442277e-12 -7.843338632629834396e-12 -4.716670151444232531e-13 -1.208843672619434406e-11 -5.199385697606105848e-12 -8.239824661069005725e-15 -1.126906047545465360e-12 1.427220126683864797e-12 -8.073209830303860064e-13 -7.844250689934150827e-12 -5.879205080857446794e-12 2.547633127334216757e-12 8.359565327622582917e-14 6.310985987294319256e-12 7.774038080674121306e-12 4.570326935663470242e-12
-4.045917786663885156e-11 4.054632824838580708e-13 -1.839554793573604212e-11 1.563314016222933893e-11 -1.185607775456620583e-11 7.774551902396958211e-11 3.130930945395673713e-10 2.530773071559899748e-11 3.415242478326144812e-11 3.582845912438282197e-11 5.688907007476109394e-12 9.261105013846144212e-12 2.960549089808831756e-12 -1.937029795705809548e-12 -1.442084688336950603e-12 -1.680585390200164880e-12 2.554633160002167590e-12 -3.232793206267565909e-12 -9.851042807667451328e-13 -2.263902862013246329e-12 -5.275219820067761228e-12 -4.266944127760823892e-12 -8.472481911534201715e-14 -5.048991874701665022e-13 -2.302021538361442771e-12 3.746703938611471472e-12
-1.527409179226184758e-11 8.358826883554213635e-12 -2.339823178164514169e-11 -4.343762187291811920e-12 -2.207053406068001402e-11 3.658227505982945616e-11 2.530773071559899748e-11 1.809227764285701663e-10 3.688204420279743782e-11 2.122992214527345050e-11 5.359231279999080072e-12 5.196235598058222961e-12 3.378731813779700833e-12 2.232417905021638099e-12 3.065282136870032153e-12 -5.029308518604901148e-12 -4.836848914342006129e-12 -1.726449162543922261e-12 -1.226074876789064066e-12 -5.911518865160410343e-13 1.203189343645865787e-12 2.967153621484188366e-12 -8.358687198651274904e-15 2.254376451672503363e-12 1.354403082871825245e-12 6.835120258612450051e-13
9.836443128751995359e-12 3.188390756855014501e-12 7.197697257001274016e-12 2.040172464041256381e-11 7.126407436858651348e-12 3.856096800327566459e-11 3.415242478326144812e-11 3.688204420279743782e-11 1.623248045127631829e-10 4.237987205230654347e-11 2.221871177793393104e-11 1.796585890715788234e-11 -1.557124855496861452e-12 -2.870251510235540039e-12 -1.512147795212913759e-13 3.461308441067743706e-12 -2.392787972318572055e-12 -1.179745218587924665e-12 -1.136689014079377900e-12 7.392344620679470898e-13 1.622714753184730757e-12 -2.863791127360282836e-12 -2.135233501004156855e-12 -1.299217958524786895e-13 3.286514589304846321e-13 2.057450109094029248e-12
-1.677814162949082975e-11 -9.305599499739068910e-12 4.546203251892510818e-11 -1.164423749513811210e-12 3.706709466057041583e-12 2.809008943018246020e-11 3.582845912438282197e-11 2.122992214527345050e-11 4.237987205230654347e-11 1.063439668767715053e-10 2.226629189647171554e-11 1.493617185964999325e-11 9.855546658238126011e-12 1.527389778445724127e-12 1.612015013607289272e-12 2.220668756096414216e-13 -2.642791507124230702e-12 -4.814695870526052004e-12 -6.982947195043498880e-12 -6.397673247258038037e-12 -1.736605505270313455e-12 -4.039708369202959365e-12 -1.781234064053805261e-12 -1.155362978815385658e-12 -1.939671546489518222e-12 1.011007496153001122e-13
-3.998859002763902136e-11 -3.082728773395186724e-11 2.948583138747271533e-11 1.059747781780196938e-11 7.515194630043243710e-12 -7.871438739395442277e-12 5.688907007476109394e-12 5.359231279999080072e-12 2.221871177793393104e-11 2.226629189647171554e-11 8.123727522863864658e-11 2.534689817338089606e-11 8.987646944996739736e-12 5.912615941735207934e-12 6.455156130174214172e-12 5.479616105521981303e-12 6.077746658247654423e-12 -1.370130357256853938e-13 -1.259035661931345414e-12 2.731137373501595957e-12 2.192739019606208113e-12 1.732095264827379840e-12 2.105333362378976569e-12 2.246605948424912345e-13 -7.262147113941146394e-13 -8.629280362936407009e-13
4.276098886061389218e-12 4.872412239413616426e-11 4.126230637671413717e-11 4.863232511414429555e-13 1.426516979734501173e-11 -7.843338632629834396e-12 9.261105013846144212e-12 5.196235598058222961e-12 1.796585890715788234e-11 1.493617185964999325e-11 2.534689817338089606e-11 5.936674367689293097e-11 2.152355015814682066e-11 8.396419048398806676e-12 7.064777450274388346e-12 2.866102124938188535e-12 3.779864276522444149e-12 2.055279843850982489e-12 -3.247905231504385821e-12 1.845370093368479195e-12 4.814486448685729143e-13 2.981816583931104569e-13 2.787298784363765462e-12 1.735632104805148267e-12 3.417657938251798953e-13 -5.098885596498775476e-13
9.550045841775466875e-12 -1.622033156922310784e-11 7.129404768760559095e-11 9.325769254954347111e-12 1.409738204479080851e-11 -4.716670151444232531e-13 2.960549089808831756e-12 3.378731813779700833e-12 -1.557124855496861452e-12 9.855546658238126011e-12 8.987646944996739736e-12 2.152355015814682066e-11 5.357360681896887040e-11 2.148550415908112082e-11 1.118113569814527214e-11 3.925178054871754259e-12 3.897804160145185818e-12 9.106741124187294514e-13 -2.011115839332169148e-12 -7.035624389512354506e-13 -6.618522900851106259e-13 -6.027221008238323901e-13 -2.106746796542922884e-12 -2.107740980341326370e-12 -2.050360709027504439e-12 -4.145255805347264892e-13
-6.091781682827057885e-12 1.215566911063179677e-11 -1.671520671230593198e-12 -5.765566426437023957e-12 9.428223323629199650e-12 -1.208843672619434406e-11 -1.937029795705809548e-12 2.232417905021638099e-12 -2.870251510235540039e-12 1.527389778445724127e-12 5.912615941735207934e-12 8.396419048398806676e-12 2.148550415908112082e-11 4.068125291928186262e-11 1.708740729600803146e-11 9.174894049925607272e-12 5.349893987315017915e-12 1.248813487328851364e-12 -4.084831217956015432e-13 8.708956371489293422e-13 -5.822449751716091751e-13 -2.109927280996274386e-12 -5.855459640987361116e-13 -1.367920096203020813e-12 -1.514485974413698826e-12 -1.144269360153124989e-12
1.718296198431977979e-11 -3.771552962795980928e-12 7.231888900127246436e-12 -5.248755917847061689e-13 8.387565181813831245e-12 -5.199385697606105848e-12 -1.442084688336950603e-12 3.065282136870032153e-12 -1.512147795212913759e-13 1.612015013607289272e-12 6.455156130174214172e-12 7.064777450274388346e-12 1.118113569814527214e-11 1.708740729600803146e-11 3.033421616069764188e-11 1.397903886589117589e-11 6.494903877798981624e-12 2.148634949493487113e-12 1.090160538850016395e-13 4.334937825927483594e-12 2.946800986476771210e-12 1.800633425700354125e-12 1.083539346174696668e-12 9.337635749625629035e-13 1.781574116356631461e-12 7.338447402780683559e-13
-1.024502332518178324e-11 -1.183752922123929837e-11 -8.943014008199985366e-12 1.362753925862691408e-11 -6.016634085393908413e-12 -8.239824661069005725e-15 -1.680585390200164880e-12 -5.029308518604901148e-12 3.461308441067743706e-12 2.220668756096414216e-13 5.479616105521981303e-12 2.866102124938188535e-12 3.925178054871754259e-12 9.174894049925607272e-12 1.397903886589117589e-11 3.308846707245473960e-11 1.664960224236757232e-11 6.874874773636646506e-12 3.894598146137217322e-12 4.381446714531758943e-12 1.156994571531569811e-12 -6.276437228340070369e-13 -9.845169836271799612e-13 -1.838141761594968019e-13 4.615420719740470577e-13 1.298638645169713181e-12
-1.681134764664931319e-11 2.723969395477297318e-12 1.082571280516754423e-11 -3.516400362018579317e-12 -2.796133438095526104e-12 -1.126906047545465360e-12 2.554633160002167590e-12 -4.836848914342006129e-12 -2.392787972318572055e-12 -2.642791507124230702e-12 6.077746658247654423e-12 3.779864276522444149e-12 3.897804160145185818e-12 5.349893987315017915e-12 6.494903877798981624e-12 1.664960224236757232e-11 3.327297982306012147e-11 1.710780833613497895e-11 3.722991422181861980e-12 5.916059764960060588e-13 -1.954836427303257087e-12 -6.456789115375343714e-13 -5.323076589647216903e-13 -1.739773699294517409e-12 -8.432702248790889834e-13 4.231556574548842383e-13
-4.051116859789551695e-12 1.118469483164239808e-11 1.333044956655500432e-12 3.647510924022243641e-12 -1.122720369359336274e-11 1.427220126683864797e-12 -3.232793206267565909e-12 -1.726449162543922261e-12 -1.179745218587924665e-12 -4.814695870526052004e-12 -1.370130357256853938e-13 2.055279843850982489e-12 9.106741124187294514e-13 1.248813487328851364e-12 2.148634949493487113e-12 6.874874773636646506e-12 1.710780833613497895e-11 2.472659562689299311e-11 1.140868184012828528e-11 2.620180103615294958e-12 1.372033822175999682e-13 1.695024254628259715e-12 4.663921622229115909e-13 -9.470388120899685219e-13 -1.722086686221605533e-13 5.481514717748837650e-13
-1.724297811564945608e-11 -1.098932137481905894e-12 -8.836124492482108306e-12 9.991047814304857481e-12 -1.023593846672388069e-11 -8.073209830303860064e-13 -9.851042807667451328e-13 -1.226074876789064066e-12 -1.136689014079377900e-12 -6.982947195043498880e-12 -1.259035661931345414e-12 -3.247905231504385821e-12 -2.011115839332169148e-12 -4.084831217956015432e-13 1.090160538850016395e-13 3.894598146137217322e-12 3.722991422181861980e-12 1.140868184012828528e-11 2.043668056478011895e-11 8.386905369283158504e-12 2.264118626513793294e-12 1.842936434455526399e-12 -9.304076315770405939e-13 -1.779069455364287171e-12 -2.087000778376835590e-13 1.742321105826592956e-13
-3.484382768265626707e-11 -9.086840173206961806e-12 2.872235113880975501e-12 1.645417327179940054e-11 4.386887107500123095e-13 -7.844250689934150827e-12 -2.263902862013246329e-12 -5.911518865160410343e-13 7.392344620679470898e-13 -6.397673247258038037e-12 2.731137373501595957e-12 1.845370093368479195e-12 -7.035624389512354506e-13 8.708956371489293422e-13 4.334937825927483594e-12 4.381446714531758943e-12 5.916059764960060588e-13 2.620180103615294958e-12 8.386905369283158504e-12 2.441642118782528126e-11 9.827565288148241820e-12 4.425410314932774533e-12 1.046017097035527222e-12 -7.604777825056029562e-13 2.321076740608388309e-13 1.043471403500685500e-12
-1.071792123634517058e-11 -2.746927935557589192e-12 -4.897539642621008068e-12 6.667846222243421769e-12 -1.357228453183047722e-11 -5.879205080857446794e-12 -5.275219820067761228e-12 1.203189343645865787e-12 1.622714753184730757e-12 -1.736605505270313455e-12 2.192739019606208113e-12 4.814486448685729143e-13 -6.618522900851106259e-13 -5.822449751716091751e-13 2.946800986476771210e-12 1.156994571531569811e-12 -1.954836427303257087e-12 1.372033822175999682e-13 2.264118626513793294e-12 9.827565288148241820e-12 1.723328128268748681e-11 6.266729274078756150e-12 1.385110604517966686e-12 -8.419667695376220010e-13 -1.784444667999916051e-13 9.802329637561491355e-13
6.928615540367663189e-13 -3.251263249946636228e-12 3.803651653220363968e-12 5.400824821427701740e-12 -1.127102451634891819e-11 2.547633127334216757e-12 -4.266944127760823892e-12 2.967153621484188366e-12 -2.863791127360282836e-12 -4.039708369202959365e-12 1.732095264827379840e-12 2.981816583931104569e-13 -6.027221008238323901e-13 -2.109927280996274386e-12 1.800633425700354125e-12 -6.276437228340070369e-13 -6.456789115375343714e-13 1.695024254628259715e-12 1.842936434455526399e-12 4.425410314932774533e-12 6.266729274078756150e-12 1.392292491732946838e-11 4.103748165924425052e-12 7.203054256852154086e-14 8.416105916207111127e-13 1.019261641422162275e-12
3.992001627467168851e-12 -6.020351368066697996e-12 -9.012749871439476855e-12 4.305875785420138580e-12 -9.033959515145899688e-13 8.359565327622582917e-14 -8.472481911534201715e-14 -8.358687198651274904e-15 -2.135233501004156855e-12 -1.781234064053805261e-12 2.105333362378976569e-12 2.787298784363765462e-12 -2.106746796542922884e-12 -5.855459640987361116e-13 1.083539346174696668e-12 -9.845169836271799612e-13 -5.323076589647216903e-13 4.663921622229115909e-13 -9.304076315770405939e-13 1.046017097035527222e-12 1.385110604517966686e-12 4.103748165924425052e-12 8.557784963357024899e-12 2.177311813661210498e-12 9.348299992643878027e-13 6.706096987619635993e-13
-1.019747407285333958e-11 -9.569331014494736513e-12 -7.174056244916353220e-12 -8.713308066595844024e-13 3.118008137815708843e-12 6.310985987294319256e-12 -5.048991874701665022e-13 2.254376451672503363e-12 -1.299217958524786895e-13 -1.155362978815385658e-12 2.246605948424912345e-13 1.735632104805148267e-12 -2.107740980341326370e-12 -1.367920096203020813e-12 9.337635749625629035e-13 -1.838141761594968019e-13 -1.739773699294517409e-12 -9.470388120899685219e-13 -1.779069455364287171e-12 -7.604777825056029562e-13 -8.419667695376220010e-13 7.203054256852154086e-14 2.177311813661210498e-12 8.923416278636069715e-12 3.389824066817353806e-12 5.906857030243262264e-13
-3.823093141609982798e-12 -1.434562384272442086e-12 7.839573937110295077e-12 -3.788110195755225162e-12 2.236407697501217873e-12 7.774038080674121306e-12 -2.302021538361442771e-12 1.354403082871825245e-12 3.286514589304846321e-13 -1.939671546489518222e-12 -7.262147113941146394e-13 3.417657938251798953e-13 -2.050360709027504439e-12 -1.514485974413698826e-12 1.781574116356631461e-12 4.615420719740470577e-13 -8.432702248790889834e-13 -1.722086686221605533e-13 -2.087000778376835590e-13 2.321076740608388309e-13 -1.784444667999916051e-13 8.416105916207111127e-13 9.348299992643878027e-13 3.389824066817353806e-12 7.132563900253790849e-12 1.189549480144460407e-12
1.892096625096308518e-11 -7.780437602743758842e-13 2.509114829019897805e-12 -5.040833002113505994e-12 -1.559806925729587676e-12 4.570326935663470242e-12 3.746703938611471472e-12 6.835120258612450051e-13 2.057450109094029248e-12 1.011007496153001122e-13 -8.629280362936407009e-13 -5.098885596498775476e-13 -4.145255805347264892e-13 -1.144269360153124989e-12 7.338447402780683559e-13 1.298638645169713181e-12 4.231556574548842383e-13 5.481514717748837650e-13 1.742321105826592956e-13 1.043471403500685500e-12 9.802329637561491355e-13 1.019261641422162275e-12 6.706096987619635993e-13 5.906857030243262264e-13 1.189549480144460407e-12 3.907895012008114593e-12
