3.640362097015439993e-09 -7.425282086237683889e-11 -4.206868565738983657e-11 -9.847466954463343255e-11 -3.802409786554237503e-11 -1.281317156892461863e-11 3.610744331450566476e-11 2.729921417531391337e-11 4.390142931022687282e-11 2.188740942604092401e-11 5.379040793749744659e-12 -1.503248618942708982e-11 2.475405641190769546e-11 4.748060494365207612e-11 1.455604505509147027e-11 -1.422258065484955530e-11 -8.301451289475814062e-12 -1.079286487576689428e-11 1.502254090215568118e-11 1.158583763626814115e-11 2.964177132339404296e-12 8.432407388476952931e-12 -1.496172899964304464e-11 -1.988887584790122387e-11 -7.974321068821185802e-14 4.820768444858410688e-13
-7.425282086237683889e-11 2.959469129482279203e-09 2.240257041100751496e-10 1.796770515337191605e-13 -1.299531757690211351e-10 -1.364522194429656606e-10 -2.343189847040948513e-11 -7.258885566938688572e-11 -6.379120648673390873e-12 -7.028545659439791904e-12 -7.165451235043415990e-12 1.596645428567499212e-11 1.996909656330568506e-11 6.490398161510582976e-12 -2.529294690010770373e-11 -2.406597377861888332e-11 -3.660617279379365025e-12 -2.824738800440442709e-11 1.432614193237507821e-11 -7.161413844010589231e-12 -6.931937448673140287e-12 1.362101673755606106e-12 3.834666971710661897e-12 5.418142660703678038e-12 9.928887867941611388e-12 -1.144438940840428783e-11
-4.206868565738983657e-11 2.240257041100751496e-10 1.665613103723919923e-09 1.324344029083121123e-10 5.264929715842342918e-11 7.057541216596518652e-11 2.010998074859252789e-12 2.409488246943172004e-11 3.891100855219445219e-11 1.354079632347448278e-11 2.457529260646342520e-11 -9.816204848791866859e-12 1.068231760529201307e-11 4.656398816998234779e-12 -1.112474930925508742e-11 -1.435887226334048081e-11 -6.887847011201086393e-12 -1.072526567510947009e-11 -1.205933659132604823e-11 -2.316943026371441373e-11 1.325505118529837280e-11 -3.469705484554600463e-12 1.543642532408132951e-11 8.481556986639428774e-12 -5.156490626944488292e-12 1.168560319013172129e-13
-9.847466954463343255e-11 1.796770515337191605e-13 1.324344029083121123e-10 1.218581622825145141e-09 3.660354944763100678e-11 -5.789172130631059964e-12 2.731994277237531633e-11 1.826986224272542952e-11 1.430453599826202373e-11 -1.510063766479291318e-11 -8.074635814884708008e-12 9.050131800327745033e-12 9.162230621143218478e-12 5.200225384668372052e-13 -1.724571681710052565e-11 -1.924860696637370597e-12 1.167154320302765794e-11 -8.338179055915402191e-12 1.063598750078688824e-11 -4.302999510172406514e-12 -8.573252975555145372e-13 -1.079508184537327222e-11 -7.779242576900475884e-12 -4.583122615610403735e-12 -1.293278743236660396e-11 -3.443654312154168871e-12
-3.802409786554237503e-11 -1.299531757690211351e-10 5.264929715842342918e-11 3.660354944763100678e-11 7.830280341084927235e-10 9.966655044986942896e-11 7.030998803560406231e-12 5.320581632757410313e-13 3.949206177384442491e-11 -6.003188150706925730e-12 -8.342659943200111174e-12 -2.015706284938880781e-11 -2.425636660519247203e-12 6.984502219097930669e-12 2.866071344320396904e-11 1.111822147333450687e-11 1.301733187915141846e-11 1.829980274229122115e-11 2.032253118176430552e-12 -7.030498367858600656e-12 5.488431776736550671e-12 6.210092756124231209e-13 -8.997536627886715056e-12 -2.760364774364263730e-12 -1.355097928828592909e-12 -3.871934283096032351e-12
-1.281317156892461863e-11 -1.364522194429656606e-10 7.057541216596518652e-11 -5.789172130631059964e-12 9.966655044986942896e-11 5.023094925779796181e-10 2.991039995766292671e-11 4.028891368081820539e-11 1.457879637494631118e-11 -4.281112700830351348e-11 -2.034955835375635463e-11 -5.186553819878672528e-12 -1.328951809474370808e-11 -1.037562594231210823e-11 1.677202620107111226e-11 1.874134499754572185e-11 1.240651973642273799e-11 1.059609707040080227e-11 1.004036590438986651e-11 -2.364863873121961845e-12 -7.938837926389754852e-12 -6.513195383160545396e-12 -3.519930736623291493e-13 1.690227681454407348e-12 2.202885545984840238e-12 -5.762355313905825980e-12
3.610744331450566476e-11 -2.343189847040948513e-11 2.010998074859252789e-12 2.731994277237531633e-11 7.030998803560406231e-12 2.991039995766292671e-11 2.822602236762176652e-10 1.616130431812411759e-11 1.029361898970288187e-11 -8.372163928797961398e-12 2.472783193753150715e-12 -2.010927652794054754e-13 -3.705656434844425246e-12 -6.625253860376894419e-12 -8.748415521371547442e-12 -1.196487950152988419e-11 -4.194938128911058190e-12 -2.479374653378687092e-12 -9.983740515853787153e-12 1.026613486838968184e-12 6.506086468336602735e-12 2.057930355414129448e-12 -5.643602524498937715e-13 2.010189105057330138e-13 4.216570797308406524e-12 3.779380231582160201e-12
2.729921417531391337e-11 -7.258885566938688572e-11 2.409488246943172004e-11 1.826986224272542952e-11 5.320581632757410313e-13 4.028891368081820539e-11 1.616130431812411759e-11 2.246031980945994797e-10 2.175435579139111758e-11 1.412915833842861989e-11 -1.103711676739761592e-11 -8.930752353559328925e-12 -1.531081965230889352e-11 -3.715195217508396275e-12 3.281117416690160718e-12 -4.907981826935750155e-12 -3.486678933201480857e-12 1.087679169234927234e-11 8.739023682188913367e-12 4.914584241553388838e-12 -1.473598315475868624e-12 1.126956094708968541e-12 -4.428726045999931357e-13 1.686267007883879550e-12 3.160049402399058144e-13 9.108216862816903015e-13
4.390142931022687282e-11 -6.379120648673390873e-12 3.891100855219445219e-11 1.430453599826202373e-11 3.949206177384442491e-11 1.457879637494631118e-11 1.029361898970288187e-11 2.175435579139111758e-11 1.611844116310001250e-10 2.628590889220330977e-11 1.978757830426431135e-11 7.549306873790718978e-12 6.559530858816862721e-13 9.483013171325128369e-12 6.751895631554493383e-12 4.079596415394866030e-12 3.527490121167321659e-12 4.011128702376043747e-12 3.050003012497447626e-12 -2.743844092033465216e-12 1.812473979823753748e-12 2.744443138161621867e-12 -1.109508503266207394e-12 -4.212532603444465607e-12 -3.312269491760802174e-12 1.140479866312837865e-12
2.188740942604092401e-11 -7.028545659439791904e-12 1.354079632347448278e-11 -1.510063766479291318e-11 -6.003188150706925730e-12 -4.281112700830351348e-11 -8.372163928797961398e-12 1.412915833842861989e-11 2.628590889220330977e-11 1.207064630183592958e-10 3.316419370492547199e-11 1.786318322284280189e-11 -3.130485188660880510e-12 -9.852417667490928725e-13 -5.177319197048137664e-12 -2.824472800754404451e-12 -3.187511522096445081e-12 -2.846832218689362336e-12 -3.372098825603890182e-12 -8.108059080073376535e-13 2.013887694692199204e-12 -9.672858183181438865e-13 -2.108023906473088523e-12 -1.682881255139878495e-12 -6.504050538956919358e-13 3.584183854677843267e-12
5.379040793749744659e-12 -7.165451235043415990e-12 2.457529260646342520e-11 -8.074635814884708008e-12 -8.342659943200111174e-12 -2.034955835375635463e-11 2.472783193753150715e-12 -1.103711676739761592e-11 1.978757830426431135e-11 3.316419370492547199e-11 8.837536899954319427e-11 2.561976345259083171e-11 1.770211118819616969e-11 1.275090606950472899e-11 -5.345074628738405375e-15 4.048146897842503441e-12 1.939949469172154862e-12 2.288289000588237259e-12 -4.261328365513041573e-12 -3.972017677044167002e-12 -1.522557180018022435e-12 -2.875927627906363794e-12 -2.068574778631459275e-12 -2.983164080830184853e-13 -2.030358667641932280e-12 -5.229411832977037732e-14
-1.503248618942708982e-11 1.596645428567499212e-11 -9.816204848791866859e-12 9.050131800327745033e-12 -2.015706284938880781e-11 -5.186553819878672528e-12 -2.010927652794054754e-13 -8.930752353559328925e-12 7.549306873790718978e-12 1.786318322284280189e-11 2.561976345259083171e-11 6.943423912721664038e-11 2.554461054801849576e-11 1.730406690761369633e-11 2.629594479381456217e-12 2.036502773122396180e-12 -2.675120200216695198e-12 -1.123642256745410239e-12 -5.209020364216759400e-12 -6.475164086593930454e-13 2.460919038579375611e-13 3.385164364365345374e-13 1.777650869228913846e-12 9.083283575929423538e-13 5.266667542629279534e-13 9.868029725723560642e-13
2.475405641190769546e-11 1.996909656330568506e-11 1.068231760529201307e-11 9.162230621143218478e-12 -2.425636660519247203e-12 -1.328951809474370808e-11 -3.705656434844425246e-12 -1.531081965230889352e-11 6.559530858816862721e-13 -3.130485188660880510e-12 1.770211118819616969e-11 2.554461054801849576e-11 6.475638186943088117e-11 2.926266320441105398e-11 9.558337965948903995e-12 1.025771251852343325e-11 4.430370471774556427e-13 -2.008863881646744987e-12 -4.182439016254740755e-12 -5.594566500006821877e-13 -1.483706850276515054e-13 -7.257417324070229058e-13 -3.670850823854016109e-13 -9.170630818882450619e-13 -1.405335357468783276e-12 -1.513300652412444383e-12
4.748060494365207612e-11 6.490398161510582976e-12 4.656398816998234779e-12 5.200225384668372052e-13 6.984502219097930669e-12 -1.037562594231210823e-11 -6.625253860376894419e-12 -3.715195217508396275e-12 9.483013171325128369e-12 -9.852417667490928725e-13 1.275090606950472899e-11 1.730406690761369633e-11 2.926266320441105398e-11 5.509338340007961815e-11 1.785314067176767502e-11 1.184806670890329404e-11 1.982008767984534664e-12 4.363190541279849083e-12 3.570807296047503503e-12 2.116821309082813302e-12 -8.375866669323428651e-13 -6.242841878748044370e-13 8.181324623110250520e-13 9.719626719832508588e-13 -9.179204224977172885e-13 3.629214749431042473e-13
1.455604505509147027e-11 -2.529294690010770373e-11 -1.112474930925508742e-11 -1.724571681710052565e-11 2.866071344320396904e-11 1.677202620107111226e-11 -8.748415521371547442e-12 3.281117416690160718e-12 6.751895631554493383e-12 -5.177319197048137664e-12 -5.345074628738405375e-15 2.629594479381456217e-12 9.558337965948903995e-12 1.785314067176767502e-11 3.606665518650961416e-11 1.608276408657152769e-11 8.426985728712331031e-12 7.869025829042386475e-12 5.952574122104337850e-12 1.697821608681314897e-12 -8.356139546233362720e-13 2.020927809200086036e-12 2.750153273003605066e-12 6.123206173529652666e-13 -1.258440029098670900e-12 -4.341225974444271216e-13
-1.422258065484955530e-11 -2.406597377861888332e-11 -1.435887226334048081e-11 -1.924860696637370597e-12 1.111822147333450687e-11 1.874134499754572185e-11 -1.196487950152988419e-11 -4.907981826935750155e-12 4.079596415394866030e-12 -2.824472800754404451e-12 4.048146897842503441e-12 2.036502773122396180e-12 1.025771251852343325e-11 1.184806670890329404e-11 1.608276408657152769e-11 3.430950067534282673e-11 1.433219134319337683e-11 4.498019388167333515e-12 1.784049245494074399e-12 1.925321060066745161e-12 5.231972577476069281e-13 9.506589249689918046e-14 1.305320841553410391e-12 6.771807217472923416e-13 -1.130829539058472367e-12 -6.545192777259248447e-13
-8.301451289475814062e-12 -3.660617279379365025e-12 -6.887847011201086393e-12 1.167154320302765794e-11 1.301733187915141846e-11 1.240651973642273799e-11 -4.194938128911058190e-12 -3.486678933201480857e-12 3.527490121167321659e-12 -3.187511522096445081e-12 1.939949469172154862e-12 -2.675120200216695198e-12 4.430370471774556427e-13 1.982008767984534664e-12 8.426985728712331031e-12 1.433219134319337683e-11 2.721532186918157832e-11 1.091815322579392105e-11 4.309987610223076847e-12 3.363738063925746008e-12 -1.927810291712966878e-13 -5.868570016960791891e-13 8.943128492956844683e-13 2.267248927347348942e-13 1.052800236401348296e-12 -2.428355528372352154e-13
-1.079286487576689428e-11 -2.824738800440442709e-11 -1.072526567510947009e-11 -8.338179055915402191e-12 1.829980274229122115e-11 1.059609707040080227e-11 -2.479374653378687092e-12 1.087679169234927234e-11 4.011128702376043747e-12 -2.846832218689362336e-12 2.288289000588237259e-12 -1.123642256745410239e-12 -2.008863881646744987e-12 4.363190541279849083e-12 7.869025829042386475e-12 4.498019388167333515e-12 1.091815322579392105e-11 2.649684383402215769e-11 1.409402201063842812e-11 5.894803111618747366e-12 3.562615249660441252e-12 1.488810068767718986e-12 4.243577095758285997e-13 6.495582058204565639e-13 -5.853860125521039100e-13 -4.222519012404419493e-14
1.502254090215568118e-11 1.432614193237507821e-11 -1.205933659132604823e-11 1.063598750078688824e-11 2.032253118176430552e-12 1.004036590438986651e-11 -9.983740515853787153e-12 8.739023682188913367e-12 3.050003012497447626e-12 -3.372098825603890182e-12 -4.261328365513041573e-12 -5.209020364216759400e-12 -4.182439016254740755e-12 3.570807296047503503e-12 5.952574122104337850e-12 1.784049245494074399e-12 4.309987610223076847e-12 1.409402201063842812e-11 2.810679333285075174e-11 1.353527319812315079e-11 6.660113589577796953e-12 3.899369650381876708e-12 9.252596428832559141e-13 3.869492444493033566e-13 -1.054774665277875479e-12 -2.075785368055662186e-12
1.158583763626814115e-11 -7.161413844010589231e-12 -2.316943026371441373e-11 -4.302999510172406514e-12 -7.030498367858600656e-12 -2.364863873121961845e-12 1.026613486838968184e-12 4.914584241553388838e-12 -2.743844092033465216e-12 -8.108059080073376535e-13 -3.972017677044167002e-12 -6.475164086593930454e-13 -5.594566500006821877e-13 2.116821309082813302e-12 1.697821608681314897e-12 1.925321060066745161e-12 3.363738063925746008e-12 5.894803111618747366e-12 1.353527319812315079e-11 2.355587558958920930e-11 1.061813072419710543e-11 5.265917164335453821e-12 -8.687440363701249008e-13 -1.371077023843794919e-12 -7.072137393103559668e-13 -1.206831662602112547e-12
2.964177132339404296e-12 -6.931937448673140287e-12 1.325505118529837280e-11 -8.573252975555145372e-13 5.488431776736550671e-12 -7.938837926389754852e-12 6.506086468336602735e-12 -1.473598315475868624e-12 1.812473979823753748e-12 2.013887694692199204e-12 -1.522557180018022435e-12 2.460919038579375611e-13 -1.483706850276515054e-13 -8.375866669323428651e-13 -8.356139546233362720e-13 5.231972577476069281e-13 -1.927810291712966878e-13 3.562615249660441252e-12 6.660113589577796953e-12 1.061813072419710543e-11 2.092222104399683191e-11 9.078046977365735287e-12 1.050973781355393105e-12 -1.529946034725480012e-13 -1.106548834891637905e-12 -1.765053536539243511e-12
8.432407388476952931e-12 1.362101673755606106e-12 -3.469705484554600463e-12 -1.079508184537327222e-11 6.210092756124231209e-13 -6.513195383160545396e-12 2.057930355414129448e-12 1.126956094708968541e-12 2.744443138161621867e-12 -9.672858183181438865e-13 -2.875927627906363794e-12 3.385164364365345374e-13 -7.257417324070229058e-13 -6.242841878748044370e-13 2.020927809200086036e-12 9.506589249689918046e-14 -5.868570016960791891e-13 1.488810068767718986e-12 3.899369650381876708e-12 5.265917164335453821e-12 9.078046977365735287e-12 1.496327770839224281e-11 5.964481177287264979e-12 4.391223081345765043e-13 -4.603606366137824346e-13 -1.818028457141542571e-12
-1.496172899964304464e-11 3.834666971710661897e-12 1.543642532408132951e-11 -7.779242576900475884e-12 -8.997536627886715056e-12 -3.519930736623291493e-13 -5.643602524498937715e-13 -4.428726045999931357e-13 -1.109508503266207394e-12 -2.108023906473088523e-12 -2.068574778631459275e-12 1.777650869228913846e-12 -3.670850823854016109e-13 8.181324623110250520e-13 2.750153273003605066e-12 1.305320841553410391e-12 8.943128492956844683e-13 4.243577095758285997e-13 9.252596428832559141e-13 -8.687440363701249008e-13 1.050973781355393105e-12 5.964481177287264979e-12 1.315922955652914418e-11 3.608565241945660713e-12 6.668613231708066050e-13 -4.786679405186570483e-13
-1.988887584790122387e-11 5.418142660703678038e-12 8.481556986639428774e-12 -4.583122615610403735e-12 -2.760364774364263730e-12 1.690227681454407348e-12 2.010189105057330138e-13 1.686267007883879550e-12 -4.212532603444465607e-12 -1.682881255139878495e-12 -2.983164080830184853e-13 9.083283575929423538e-13 -9.170630818882450619e-13 9.719626719832508588e-13 6.123206173529652666e-13 6.771807217472923416e-13 2.267248927347348942e-13 6.495582058204565639e-13 3.869492444493033566e-13 -1.371077023843794919e-12 -1.529946034725480012e-13 4.391223081345765043e-13 3.608565241945660713e-12 9.236238283790992061e-12 2.784483616904905521e-12 -1.458687061733359464e-13
-7.974321068821185802e-14 9.928887867941611388e-12 -5.156490626944488292e-12 -1.293278743236660396e-11 -1.355097928828592909e-12 2.202885545984840238e-12 4.216570797308406524e-12 3.160049402399058144e-13 -3.312269491760802174e-12 -6.504050538956919358e-13 -2.030358667641932280e-12 5.266667542629279534e-13 -1.405335357468783276e-12 -9.179204224977172885e-13 -1.258440029098670900e-12 -1.130829539058472367e-12 1.052800236401348296e-12 -5.853860125521039100e-13 -1.054774665277875479e-12 -7.072137393103559668e-13 -1.106548834891637905e-12 -4.603606366137824346e-13 6.668613231708066050e-13 2.784483616904905521e-12 7.456326251729912392e-12 8.793586635546368396e-13
4.820768444858410688e-13 -1.144438940840428783e-11 1.168560319013172129e-13 -3.443654312154168871e-12 -3.871934283096032351e-12 -5.762355313905825980e-12 3.779380231582160201e-12 9.108216862816903015e-13 1.140479866312837865e-12 3.584183854677843267e-12 -5.229411832977037732e-14 9.868029725723560642e-13 -1.513300652412444383e-12 3.629214749431042473e-13 -4.341225974444271216e-13 -6.545192777259248447e-13 -2.428355528372352154e-13 -4.222519012404419493e-14 -2.075785368055662186e-12 -1.206831662602112547e-12 -1.765053536539243511e-12 -1.818028457141542571e-12 -4.786679405186570483e-13 -1.458687061733359464e-13 8.793586635546368396e-13 4.977861089169048707e-12
