3.117668365736518003e-09 -1.525762197275885060e-10 4.061093353398301113e-11 2.965969468007070670e-12 5.211096621481233320e-11 -5.455458790188609830e-11 1.504967373374370548e-10 2.836729522553462017e-11 2.658867575426658642e-11 -2.329180588851241448e-12 2.759030184078975418e-11 -3.629063483790928314e-11 2.705819433836111432e-11 1.337802167866865359e-11 2.774630173248802464e-11 1.425023209434637153e-11 -9.868921013665375604e-12 2.826236547895987664e-12 -7.468755399177974670e-12 5.503407429493079087e-12 1.229491089104156599e-11 -2.349247710121807154e-11 -1.924136142017681923e-11 1.128854863603438097e-12 -2.907660559392283624e-13 7.611840827780761983e-12
-1.525762197275885060e-10 1.987393214329376192e-09 -1.667674154615139168e-10 -7.565595395731957827e-11 -4.030333813430685417e-11 -2.765075849859727410e-11 -2.983357494483347443e-11 -1.993345523704303183e-11 6.565754454303741273e-12 -4.910045050414190532e-12 3.570949166848343569e-11 4.099575050889895763e-11 2.074545977722349361e-11 -2.259444439335961348e-11 -1.064389751597587967e-11 -5.712140360233293831e-12 6.872844202064389996e-12 -9.737447393875548270e-13 3.452711709488735329e-12 1.612125926401926127e-12 -2.082677166399406294e-12 -3.826895065543300223e-12 1.713012421855203315e-11 9.876658231542374856e-12 -5.616592063523169892e-12 -3.219308254983736272e-12
4.061093353398301113e-11 -1.667674154615139168e-10 9.317815949777976801e-10 4.488969987885863760e-11 5.641134579902175264e-11 -1.754719122058385717e-11 5.503572151689015583e-11 -2.159971603280489024e-11 -3.138526297707281526e-11 -1.186808963680700638e-12 -1.435598618586981555e-11 -2.148758327105202515e-11 -2.456487887603408885e-11 -2.649030387588242616e-11 -5.827921328670031174e-12 -2.050591308323525101e-12 -2.519011522643077545e-12 1.329999824191674832e-11 3.999997123459223312e-12 5.328143533254746908e-13 -2.955880914058252616e-12 5.449604521924519773e-12 4.226843343057498672e-12 4.348000401165073271e-12 8.243988941219703267e-12 7.321691066653527789e-12
2.965969468007070670e-12 -7.565595395731957827e-11 4.488969987885863760e-11 7.462360034342635138e-10 1.406536362104202420e-11 6.168946047464275676e-11 -7.517309101115014717e-12 5.594872218318004196e-11 3.015856851545493265e-11 8.609712731188926198e-12 5.456845353188880882e-12 2.431276407233954948e-11 2.296183073511885210e-11 1.790314746115284414e-11 1.217771956249387378e-12 5.076716008860478734e-12 3.639021255164141568e-13 8.983308192123214005e-12 -2.274985802467699670e-12 5.077275191714579328e-12 8.043688854144046199e-12 6.511033159016058424e-12 4.749747512826159385e-12 3.400794787580587535e-12 4.000283945323450248e-12 -3.513258173806162365e-12
5.211096621481233320e-11 -4.030333813430685417e-11 5.641134579902175264e-11 1.406536362104202420e-11 4.967898939389527278e-10 4.179768920758176718e-11 3.647015103436439240e-11 -1.301739090560226108e-12 -1.049382254306099880e-11 -1.528721723236934357e-12 7.609858923752010875e-12 8.980348332785563715e-12 -8.121945847698145953e-12 5.002667822598748082e-12 4.784482619234083142e-12 6.864841901507724423e-12 3.305894748083179454e-12 -2.317981450477002721e-12 -5.867046195077687235e-12 -5.455069826462698695e-14 -7.134762699863653864e-13 2.015822552351091300e-12 -3.560886374443451653e-13 -1.634008790196062252e-12 3.470519177943260855e-12 4.359139905143424685e-12
-5.455458790188609830e-11 -2.765075849859727410e-11 -1.754719122058385717e-11 6.168946047464275676e-11 4.179768920758176718e-11 3.541939596561338900e-10 3.862684713199708354e-11 5.394097140601615742e-11 2.271373908019305198e-11 1.425453096503640273e-11 1.023522476656968096e-11 -3.114095567722952978e-12 -7.433146027105395808e-12 -3.843395197020618235e-12 -1.039335240982950769e-12 3.059799839178225320e-13 1.578942735527981932e-12 3.499857676172743658e-12 1.902996952307436198e-12 5.528321740608443978e-12 1.190058340466240646e-11 4.945908899654070530e-12 -2.096347775146294219e-12 1.348418872298769746e-13 -3.670877927149167722e-12 -1.112230951148647455e-13
1.504967373374370548e-10 -2.983357494483347443e-11 5.503572151689015583e-11 -7.517309101115014717e-12 3.647015103436439240e-11 3.862684713199708354e-11 2.649112369653914121e-10 4.678429029055027307e-11 -4.241112722551245542e-12 1.640095029101547648e-11 2.324025104251219777e-12 -3.184537305970742472e-13 -3.178488198992056484e-12 -4.258081911637234324e-12 -1.976186263916506154e-12 1.648018721279237753e-12 -3.699461569862098660e-12 1.426872436149808748e-12 2.856637414182864982e-12 7.124830513140511775e-13 1.458145341084638465e-13 -4.932386422137487878e-12 -4.104538349193226327e-13 -4.369689314687004592e-13 3.377367721800021181e-12 1.893108942105202439e-12
2.836729522553462017e-11 -1.993345523704303183e-11 -2.159971603280489024e-11 5.594872218318004196e-11 -1.301739090560226108e-12 5.394097140601615742e-11 4.678429029055027307e-11 1.621608719065016281e-10 3.180281268291919313e-11 1.694233835042485998e-11 2.817438873724675626e-12 7.925902760969874157e-12 6.598776727485084828e-12 -7.147615219107761126e-13 5.177151760368713632e-12 5.671636532979800330e-12 1.558994742132465393e-12 2.587416005949147194e-12 7.092206607254998381e-13 1.308642160688339963e-12 2.139815603301061284e-12 -4.999576905904785400e-12 -4.733573417747335270e-12 -9.123909513520792742e-13 -1.114396731061056588e-12 -2.082063390673895698e-12
2.658867575426658642e-11 6.565754454303741273e-12 -3.138526297707281526e-11 3.015856851545493265e-11 -1.049382254306099880e-11 2.271373908019305198e-11 -4.241112722551245542e-12 3.180281268291919313e-11 1.069631345791652509e-10 2.716225950047625765e-11 8.874797171247970229e-12 1.027962512460633625e-11 1.199707221198878134e-11 4.048001476920169496e-12 1.457181076911929709e-12 3.037211346390898817e-12 3.537006463757315812e-12 -9.660382669699465014e-14 2.764310672052142309e-13 4.035346548855636713e-13 6.109542368828998768e-12 -1.157058684627738833e-13 -7.153408304672046496e-13 -3.854364009042239091e-15 -1.224737582953949761e-12 -1.786831138910888428e-12
-2.329180588851241448e-12 -4.910045050414190532e-12 -1.186808963680700638e-12 8.609712731188926198e-12 -1.528721723236934357e-12 1.425453096503640273e-11 1.640095029101547648e-11 1.694233835042485998e-11 2.716225950047625765e-11 6.825376468704282524e-11 2.538613217997152011e-11 6.943795408857825752e-12 8.447644837662182436e-12 3.590942984663799782e-12 4.112739151341883668e-12 6.714386135515660172e-12 3.058398827275610319e-12 -3.428629776599836345e-12 -2.199500161798351882e-12 -1.366829322184618848e-12 1.460125690464479903e-12 -2.059729707587591472e-13 -2.299911094710718953e-13 2.193941838948449649e-14 8.953323438055910635e-14 -1.100953100805658812e-12
2.759030184078975418e-11 3.570949166848343569e-11 -1.435598618586981555e-11 5.456845353188880882e-12 7.609858923752010875e-12 1.023522476656968096e-11 2.324025104251219777e-12 2.817438873724675626e-12 8.874797171247970229e-12 2.538613217997152011e-11 6.439942083382019085e-11 2.207642706157335879e-11 8.619355970690848479e-12 6.384614844793729028e-12 5.163608352199575337e-12 4.760686287606935572e-12 1.982888055873528347e-12 -1.898663207644763376e-12 -4.207971115421053965e-12 -2.305882686633383109e-12 -6.671085527070768351e-13 3.905659592473897814e-13 -5.979664962731561555e-15 -1.524586163969972777e-13 1.412492256669728389e-12 9.730548186816644343e-13
-3.629063483790928314e-11 4.099575050889895763e-11 -2.148758327105202515e-11 2.431276407233954948e-11 8.980348332785563715e-12 -3.114095567722952978e-12 -3.184537305970742472e-13 7.925902760969874157e-12 1.027962512460633625e-11 6.943795408857825752e-12 2.207642706157335879e-11 5.329674792529883382e-11 1.812115390010403252e-11 1.026759588494711307e-11 7.942302039492965831e-12 4.227048605964153411e-12 5.150996376667103049e-12 2.493727080633539053e-12 1.614404328974261894e-12 1.577994719075503166e-12 4.141185087569154439e-12 1.302048490825855980e-12 6.743528795589356609e-13 -4.490179646154006938e-13 5.989657381687981279e-13 -6.554835000684979166e-13
2.705819433836111432e-11 2.074545977722349361e-11 -2.456487887603408885e-11 2.296183073511885210e-11 -8.121945847698145953e-12 -7.433146027105395808e-12 -3.178488198992056484e-12 6.598776727485084828e-12 1.199707221198878134e-11 8.447644837662182436e-12 8.619355970690848479e-12 1.812115390010403252e-11 4.145890849570318268e-11 1.845455962431503898e-11 1.258234972061163100e-11 1.014277789600364421e-11 5.170351775563361990e-12 3.131361735403742061e-12 4.053554149049263930e-12 4.846573923896866059e-12 3.179016201649113542e-12 -9.614342559205184798e-13 -8.711086838178387850e-13 -4.105604217023545831e-13 3.421451658270437592e-13 -3.190060617920338849e-13
1.337802167866865359e-11 -2.259444439335961348e-11 -2.649030387588242616e-11 1.790314746115284414e-11 5.002667822598748082e-12 -3.843395197020618235e-12 -4.258081911637234324e-12 -7.147615219107761126e-13 4.048001476920169496e-12 3.590942984663799782e-12 6.384614844793729028e-12 1.026759588494711307e-11 1.845455962431503898e-11 3.742775844654555519e-11 1.673373158194130522e-11 7.864388901158381980e-12 7.237769948479194655e-12 3.911315172983794089e-12 3.825437614998438193e-12 3.895374533844171062e-12 2.903459049792022728e-12 -3.101074138245875279e-13 -1.429733119826188625e-12 -7.951949633206750515e-13 -1.274297926595766451e-12 -1.097135884994200886e-12
2.774630173248802464e-11 -1.064389751597587967e-11 -5.827921328670031174e-12 1.217771956249387378e-12 4.784482619234083142e-12 -1.039335240982950769e-12 -1.976186263916506154e-12 5.177151760368713632e-12 1.457181076911929709e-12 4.112739151341883668e-12 5.163608352199575337e-12 7.942302039492965831e-12 1.258234972061163100e-11 1.673373158194130522e-11 2.738536631340696836e-11 1.101299853918363444e-11 6.229907817501341189e-12 2.634658810193620246e-12 4.974355909093763824e-13 1.305128489323685711e-12 4.766650015313450378e-13 -2.569738391963193745e-12 -2.091086981787874398e-12 -3.835440480504787451e-13 -2.285597478208095839e-13 4.401743215621526610e-13
1.425023209434637153e-11 -5.712140360233293831e-12 -2.050591308323525101e-12 5.076716008860478734e-12 6.864841901507724423e-12 3.059799839178225320e-13 1.648018721279237753e-12 5.671636532979800330e-12 3.037211346390898817e-12 6.714386135515660172e-12 4.760686287606935572e-12 4.227048605964153411e-12 1.014277789600364421e-11 7.864388901158381980e-12 1.101299853918363444e-11 2.127296549175959827e-11 9.978975326028191643e-12 4.499741959858163536e-12 2.542553696086412653e-12 1.839997377353247291e-13 -1.025483197112476886e-12 -3.568456197916823025e-13 -6.771830632069516464e-13 9.304611989435457037e-13 5.372144856716250515e-13 3.714383327133118129e-13
-9.868921013665375604e-12 6.872844202064389996e-12 -2.519011522643077545e-12 3.639021255164141568e-13 3.305894748083179454e-12 1.578942735527981932e-12 -3.699461569862098660e-12 1.558994742132465393e-12 3.537006463757315812e-12 3.058398827275610319e-12 1.982888055873528347e-12 5.150996376667103049e-12 5.170351775563361990e-12 7.237769948479194655e-12 6.229907817501341189e-12 9.978975326028191643e-12 2.110013415829460696e-11 1.043223626262545786e-11 5.397842059492964141e-12 3.039013914526133906e-12 9.103476496862141135e-13 3.359037424005100663e-13 4.701041821054716401e-13 1.176712537874024569e-12 1.092833810919542071e-12 9.980548651944305343e-13
2.826236547895987664e-12 -9.737447393875548270e-13 1.329999824191674832e-11 8.983308192123214005e-12 -2.317981450477002721e-12 3.499857676172743658e-12 1.426872436149808748e-12 2.587416005949147194e-12 -9.660382669699465014e-14 -3.428629776599836345e-12 -1.898663207644763376e-12 2.493727080633539053e-12 3.131361735403742061e-12 3.911315172983794089e-12 2.634658810193620246e-12 4.499741959858163536e-12 1.043223626262545786e-11 1.948095661936098930e-11 1.121061250065413412e-11 6.183760525099332958e-12 2.501190800744109369e-12 1.450017979464750530e-12 1.188543513564329730e-12 7.642327630492392887e-14 2.261115828462686870e-13 1.916285985746121397e-13
-7.468755399177974670e-12 3.452711709488735329e-12 3.999997123459223312e-12 -2.274985802467699670e-12 -5.867046195077687235e-12 1.902996952307436198e-12 2.856637414182864982e-12 7.092206607254998381e-13 2.764310672052142309e-13 -2.199500161798351882e-12 -4.207971115421053965e-12 1.614404328974261894e-12 4.053554149049263930e-12 3.825437614998438193e-12 4.974355909093763824e-13 2.542553696086412653e-12 5.397842059492964141e-12 1.121061250065413412e-11 1.647630747761128586e-11 9.331697039525026408e-12 3.467342309696710519e-12 1.198457599073334311e-12 5.545866844118846289e-13 -5.578580010121436950e-13 6.951380191647398944e-14 2.011702425345232732e-13
5.503407429493079087e-12 1.612125926401926127e-12 5.328143533254746908e-13 5.077275191714579328e-12 -5.455069826462698695e-14 5.528321740608443978e-12 7.124830513140511775e-13 1.308642160688339963e-12 4.035346548855636713e-13 -1.366829322184618848e-12 -2.305882686633383109e-12 1.577994719075503166e-12 4.846573923896866059e-12 3.895374533844171062e-12 1.305128489323685711e-12 1.839997377353247291e-13 3.039013914526133906e-12 6.183760525099332958e-12 9.331697039525026408e-12 1.603435360754625027e-11 8.649326549336964140e-12 1.330407821189388277e-12 -8.498235877320741782e-14 -6.968207931318113425e-13 -1.310597443261088765e-14 -3.222185674976790933e-13
1.229491089104156599e-11 -2.082677166399406294e-12 -2.955880914058252616e-12 8.043688854144046199e-12 -7.134762699863653864e-13 1.190058340466240646e-11 1.458145341084638465e-13 2.139815603301061284e-12 6.109542368828998768e-12 1.460125690464479903e-12 -6.671085527070768351e-13 4.141185087569154439e-12 3.179016201649113542e-12 2.903459049792022728e-12 4.766650015313450378e-13 -1.025483197112476886e-12 9.103476496862141135e-13 2.501190800744109369e-12 3.467342309696710519e-12 8.649326549336964140e-12 1.582950722219237541e-11 4.667767043368185588e-12 1.023483849228098517e-12 -7.231114932662706843e-13 -6.747566345574256575e-13 -1.130408684026131906e-12
-2.349247710121807154e-11 -3.826895065543300223e-12 5.449604521924519773e-12 6.511033159016058424e-12 2.015822552351091300e-12 4.945908899654070530e-12 -4.932386422137487878e-12 -4.999576905904785400e-12 -1.157058684627738833e-13 -2.059729707587591472e-13 3.905659592473897814e-13 1.302048490825855980e-12 -9.614342559205184798e-13 -3.101074138245875279e-13 -2.569738391963193745e-12 -3.568456197916823025e-13 3.359037424005100663e-13 1.450017979464750530e-12 1.198457599073334311e-12 1.330407821189388277e-12 4.667767043368185588e-12 8.784846903787219678e-12 2.737259938148642841e-12 -5.651813847646197389e-14 -1.045918840224296639e-14 -6.055237731791938060e-13
-1.924136142017681923e-11 1.713012421855203315e-11 4.226843343057498672e-12 4.749747512826159385e-12 -3.560886374443451653e-13 -2.096347775146294219e-12 -4.104538349193226327e-13 -4.733573417747335270e-12 -7.153408304672046496e-13 -2.299911094710718953e-13 -5.979664962731561555e-15 6.743528795589356609e-13 -8.711086838178387850e-13 -1.429733119826188625e-12 -2.091086981787874398e-12 -6.771830632069516464e-13 4.701041821054716401e-13 1.188543513564329730e-12 5.545866844118846289e-13 -8.498235877320741782e-14 1.023483849228098517e-12 2.737259938148642841e-12 6.556277225910174962e-12 1.669876288046611921e-12 -5.178335310640346821e-14 -4.647357032839587695e-13
1.128854863603438097e-12 9.876658231542374856e-12 4.348000401165073271e-12 3.400794787580587535e-12 -1.634008790196062252e-12 1.348418872298769746e-13 -4.369689314687004592e-13 -9.123909513520792742e-13 -3.854364009042239091e-15 2.193941838948449649e-14 -1.524586163969972777e-13 -4.490179646154006938e-13 -4.105604217023545831e-13 -7.951949633206750515e-13 -3.835440480504787451e-13 9.304611989435457037e-13 1.176712537874024569e-12 7.642327630492392887e-14 -5.578580010121436950e-13 -6.968207931318113425e-13 -7.231114932662706843e-13 -5.651813847646197389e-14 1.669876288046611921e-12 5.282694711263185124e-12 5.727327534027991960e-13 -4.136229764804866859e-14
-2.907660559392283624e-13 -5.616592063523169892e-12 8.243988941219703267e-12 4.000283945323450248e-12 3.470519177943260855e-12 -3.670877927149167722e-12 3.377367721800021181e-12 -1.114396731061056588e-12 -1.224737582953949761e-12 8.953323438055910635e-14 1.412492256669728389e-12 5.989657381687981279e-13 3.421451658270437592e-13 -1.274297926595766451e-12 -2.285597478208095839e-13 5.372144856716250515e-13 1.092833810919542071e-12 2.261115828462686870e-13 6.951380191647398944e-14 -1.310597443261088765e-14 -6.747566345574256575e-13 -1.045918840224296639e-14 -5.178335310640346821e-14 5.727327534027991960e-13 4.107780547986438831e-12 1.465265784305554558e-12
7.611840827780761983e-12 -3.219308254983736272e-12 7.321691066653527789e-12 -3.513258173806162365e-12 4.359139905143424685e-12 -1.112230951148647455e-13 1.893108942105202439e-12 -2.082063390673895698e-12 -1.786831138910888428e-12 -1.100953100805658812e-12 9.730548186816644343e-13 -6.554835000684979166e-13 -3.190060617920338849e-13 -1.097135884994200886e-12 4.401743215621526610e-13 3.714383327133118129e-13 9.980548651944305343e-13 1.916285985746121397e-13 2.011702425345232732e-13 -3.222185674976790933e-13 -1.130408684026131906e-12 -6.055237731791938060e-13 -4.647357032839587695e-13 -4.136229764804866859e-14 1.465265784305554558e-12 3.419399743707271561e-12
