3.159226486930344261e-09 -1.720709294680893013e-10 -1.069581421256018297e-10 1.025679620139832433e-10 -3.311535443972219970e-11 1.518011191876757085e-11 -5.570028278100375263e-11 4.042699161346733856e-11 3.678085212767836675e-11 -4.679906792980788234e-12 3.792421479608213008e-11 2.404141416654053195e-11 -6.248093166614599218e-12 -4.631204489784054872e-11 -3.472967447576947784e-11 -1.524807924686025520e-11 1.074161063390245689e-11 3.194169666260663278e-12 4.236895203315581331e-12 1.997311854114817102e-11 5.405531396603155643e-12 9.042165933109377522e-12 2.821170422709962618e-11 3.236915626368273665e-12 -2.236499430964447283e-12 -5.495756619325137173e-12
-1.720709294680893013e-10 2.116778251731834615e-09 5.831489332131015734e-11 1.812126325088867161e-10 1.039564658204708889e-10 8.695845253527838509e-12 -2.537405808491111606e-11 3.446645027552941354e-11 1.674220305080038977e-11 1.073581616132508000e-11 -8.546622967134683967e-12 2.732943606513998779e-12 -2.947823254730365530e-13 1.695830010905885859e-11 1.668905702230043496e-11 1.501661106992851647e-11 1.651803759015973947e-11 1.960711063441277496e-11 1.061157682991434473e-12 -2.111096367496765922e-12 -3.454439862156875437e-12 -1.969337541689763466e-11 -2.585564495039904993e-11 -3.675175842221398825e-12 5.636523268691374349e-12 7.162013283856051876e-13
-1.069581421256018297e-10 5.831489332131015734e-11 1.579216548508172515e-09 4.680982858543332586e-11 -3.859753318834475098e-12 5.506484782585371293e-11 2.092279535761369369e-11 1.534950062904275067e-11 -1.828214094086997181e-11 -1.588678621803883070e-11 -1.586400583831637879e-11 2.182298574221559880e-11 1.571836030306356544e-11 6.378815715651002397e-12 -2.489701169315951656e-11 -3.737963228832871627e-11 -1.376751670340961062e-12 2.916926996292275245e-12 -1.265403879301861641e-11 -6.921078330637354693e-12 -9.068651059384337328e-12 -6.763460930884300819e-12 2.315925462318043705e-12 -3.980935214138665253e-12 -1.926358919060336784e-11 -7.013206647707346801e-12
1.025679620139832433e-10 1.812126325088867161e-10 4.680982858543332586e-11 1.034069329214172877e-09 1.270086157490221950e-10 7.353713093478626016e-11 -4.457333755495215280e-11 -9.889693533777883196e-12 1.772960749090097064e-11 1.940190070441182026e-11 2.068709338308374692e-11 -5.537716376227525813e-12 -2.055368263972098603e-11 1.010126211867132366e-11 4.514648800801045328e-12 -1.176518670177769231e-12 9.604790552719234111e-12 3.280812934240486023e-12 -2.441759491775746261e-12 2.572970703229155280e-12 1.344355452849021609e-12 -8.798484672492569752e-12 -9.616425958144625223e-12 -6.657136829123191856e-12 -3.406940483269152415e-12 4.865662306803523182e-13
-3.311535443972219970e-11 1.039564658204708889e-10 -3.859753318834475098e-12 1.270086157490221950e-10 7.224530929525041865e-10 5.488991124445977310e-11 -1.316500780891771645e-11 2.738671146807738703e-12 4.992827806988110858e-12 1.708355950482397564e-11 3.717145156794336542e-12 -4.160591376416176559e-12 -1.550573098773648942e-11 -7.536403432652673993e-12 -2.799945821823127244e-12 -6.729273297797919546e-12 -4.689580193826208666e-12 -5.045712586847028344e-12 -3.493628182145068279e-12 1.738647600731485646e-12 -5.954846849739907450e-12 -5.900793173953796014e-12 -8.292081059615706983e-12 2.301613119910332761e-12 1.014997280165087864e-12 2.358660415906338754e-13
1.518011191876757085e-11 8.695845253527838509e-12 5.506484782585371293e-11 7.353713093478626016e-11 5.488991124445977310e-11 3.630082994132248498e-10 2.225247531185062064e-11 2.238489220595470320e-11 7.061040602151597661e-12 1.151259418238060778e-11 -3.662987352025756445e-12 8.247669756717278079e-12 -8.037592372511841568e-12 -4.595728248249510782e-13 4.094738970839970761e-12 2.140994032072282408e-12 8.771769022495017745e-12 7.276987834188708401e-12 -2.326435795261578185e-12 1.729715563727569641e-12 3.401960794466637728e-12 8.595854406699205814e-12 4.829675611781704272e-12 7.381564277481007428e-12 -7.680212180136994855e-13 2.059252152483405987e-12
-5.570028278100375263e-11 -2.537405808491111606e-11 2.092279535761369369e-11 -4.457333755495215280e-11 -1.316500780891771645e-11 2.225247531185062064e-11 2.561986564679379378e-10 3.143098281959280702e-11 1.971598230988863229e-11 2.566917992245349969e-11 -1.282449504583800127e-11 -4.650122106882310699e-12 6.584383066537922157e-12 1.484046965963782571e-11 5.332127827033246878e-12 5.967091526065234392e-12 -2.249524322629197334e-12 1.996374900670929008e-12 3.509385322234308274e-12 2.295522032848896966e-12 3.159203042974675341e-12 -7.001019181538816212e-12 -1.480027649969479501e-12 3.398952570172234817e-13 -3.985429239210157523e-13 1.548126679040690744e-12
4.042699161346733856e-11 3.446645027552941354e-11 1.534950062904275067e-11 -9.889693533777883196e-12 2.738671146807738703e-12 2.238489220595470320e-11 3.143098281959280702e-11 1.827225633853249015e-10 1.053898655922838692e-11 1.629072821176481190e-11 -4.938429834142722793e-13 4.612997226788102605e-12 -7.032557729803418808e-12 7.487602658508777657e-12 5.385489418953426022e-12 1.790325761809158668e-12 3.383804067246739699e-12 5.033713509630523757e-12 1.155040834927956780e-12 -1.764266194965112303e-12 2.937549008300323225e-12 2.370243203601777471e-12 2.790478193277721883e-12 -2.084235736111362394e-13 -8.845654886121419672e-13 5.142583299967119340e-13
3.678085212767836675e-11 1.674220305080038977e-11 -1.828214094086997181e-11 1.772960749090097064e-11 4.992827806988110858e-12 7.061040602151597661e-12 1.971598230988863229e-11 1.053898655922838692e-11 1.232036221505350151e-10 2.315547882810986057e-11 8.481752492431836710e-12 8.449204112206783392e-12 8.051885905628765746e-12 1.042191280111088778e-11 6.975427190935868640e-12 1.934984562361556409e-12 1.394797716686708599e-12 3.680854889098288241e-12 8.644064817442341734e-12 2.195894566237525988e-12 2.451250951617785770e-12 1.680082314684451689e-12 4.297211118742913290e-12 3.386752086154866874e-12 -5.286434598795700105e-13 -5.825734377253223790e-13
-4.679906792980788234e-12 1.073581616132508000e-11 -1.588678621803883070e-11 1.940190070441182026e-11 1.708355950482397564e-11 1.151259418238060778e-11 2.566917992245349969e-11 1.629072821176481190e-11 2.315547882810986057e-11 1.046113242515835741e-10 1.489119547641196420e-11 1.061410580781823437e-11 5.892543398655471830e-12 9.531778797522046903e-13 3.482117855688445625e-12 5.337619016301631890e-12 -1.335865902924057715e-12 -4.162988947818623766e-12 -8.377055314687796968e-13 2.279159098213788944e-14 1.238388713203939992e-12 -1.437874654103047947e-12 -4.268622967552292898e-12 -6.681281425860298933e-13 9.927749580702089720e-13 -2.562884655895372407e-13
3.792421479608213008e-11 -8.546622967134683967e-12 -1.586400583831637879e-11 2.068709338308374692e-11 3.717145156794336542e-12 -3.662987352025756445e-12 -1.282449504583800127e-11 -4.938429834142722793e-13 8.481752492431836710e-12 1.489119547641196420e-11 7.325047581730343167e-11 2.528770937473982013e-11 1.357088741110713394e-11 8.940958715852639729e-12 9.577677150148043529e-12 1.850084919689548677e-12 2.488514514380645656e-12 2.623590125313719358e-12 1.522311257981444039e-12 2.670051044236778740e-12 -1.079634435547555327e-12 -2.259169268130340482e-12 1.124967650911038378e-13 -1.501661717926696259e-12 -2.285919565348933387e-12 -1.476185611166655419e-12
2.404141416654053195e-11 2.732943606513998779e-12 2.182298574221559880e-11 -5.537716376227525813e-12 -4.160591376416176559e-12 8.247669756717278079e-12 -4.650122106882310699e-12 4.612997226788102605e-12 8.449204112206783392e-12 1.061410580781823437e-11 2.528770937473982013e-11 6.084072575985503039e-11 2.327722879878189807e-11 1.759682087149191434e-11 8.873182147670128666e-12 5.247047054801636696e-12 5.833872209937453962e-12 1.911660329841954364e-12 2.197199163984835132e-12 3.113813406629043181e-12 6.665461608126692139e-13 -6.071966990934689076e-13 -6.121540193106205184e-13 -6.799409693569840455e-13 -1.780335267137026644e-12 5.321861349862864396e-13
-6.248093166614599218e-12 -2.947823254730365530e-13 1.571836030306356544e-11 -2.055368263972098603e-11 -1.550573098773648942e-11 -8.037592372511841568e-12 6.584383066537922157e-12 -7.032557729803418808e-12 8.051885905628765746e-12 5.892543398655471830e-12 1.357088741110713394e-11 2.327722879878189807e-11 5.149880413914953527e-11 2.500314844715661275e-11 1.321301551685322297e-11 4.806930710094791427e-12 1.888942258151973093e-12 4.430232532569692091e-13 3.869024712600884431e-12 3.143452649755508973e-12 -1.548083942704503187e-13 9.862319419512925676e-13 -2.930644468168233713e-13 -4.312632973063652554e-13 -5.816732963681220265e-13 -1.152527889347181681e-12
-4.631204489784054872e-11 1.695830010905885859e-11 6.378815715651002397e-12 1.010126211867132366e-11 -7.536403432652673993e-12 -4.595728248249510782e-13 1.484046965963782571e-11 7.487602658508777657e-12 1.042191280111088778e-11 9.531778797522046903e-13 8.940958715852639729e-12 1.759682087149191434e-11 2.500314844715661275e-11 4.496047115748681943e-11 2.148941141101400458e-11 1.029621161514483522e-11 6.513526234319421744e-12 4.759587857194001388e-12 6.799182565667978536e-12 1.516584229883498643e-12 1.379147948487204661e-12 8.393071939062560342e-13 4.022653031563667012e-13 -2.713243424233804991e-13 -7.577524841253472558e-13 4.151079823990165568e-13
-3.472967447576947784e-11 1.668905702230043496e-11 -2.489701169315951656e-11 4.514648800801045328e-12 -2.799945821823127244e-12 4.094738970839970761e-12 5.332127827033246878e-12 5.385489418953426022e-12 6.975427190935868640e-12 3.482117855688445625e-12 9.577677150148043529e-12 8.873182147670128666e-12 1.321301551685322297e-11 2.148941141101400458e-11 4.020002688390355010e-11 2.048227931201031094e-11 1.085318734818746937e-11 5.863170553861349641e-12 5.867979362583358883e-12 2.632263670059430980e-13 1.185751275461909690e-12 2.542705026557130883e-12 6.627729759610887672e-13 -1.083140635923336810e-13 -1.201215931977865098e-12 -5.379770119112675153e-13
-1.524807924686025520e-11 1.501661106992851647e-11 -3.737963228832871627e-11 -1.176518670177769231e-12 -6.729273297797919546e-12 2.140994032072282408e-12 5.967091526065234392e-12 1.790325761809158668e-12 1.934984562361556409e-12 5.337619016301631890e-12 1.850084919689548677e-12 5.247047054801636696e-12 4.806930710094791427e-12 1.029621161514483522e-11 2.048227931201031094e-11 3.973378897179597596e-11 2.148962118088364537e-11 1.138376079082845887e-11 8.093637472127343894e-12 5.816734866549501437e-12 4.132253927915993545e-12 2.325184157713417173e-12 3.191316450683555166e-13 -1.227009323538246501e-12 -1.013618829540324715e-12 -2.426383022585786884e-13
1.074161063390245689e-11 1.651803759015973947e-11 -1.376751670340961062e-12 9.604790552719234111e-12 -4.689580193826208666e-12 8.771769022495017745e-12 -2.249524322629197334e-12 3.383804067246739699e-12 1.394797716686708599e-12 -1.335865902924057715e-12 2.488514514380645656e-12 5.833872209937453962e-12 1.888942258151973093e-12 6.513526234319421744e-12 1.085318734818746937e-11 2.148962118088364537e-11 3.652600429281497280e-11 1.751140524995669064e-11 8.521807673521510668e-12 6.356139391111447194e-12 5.116011155175023247e-12 2.009410220034786724e-12 2.056294236248779805e-12 -8.842676001353969610e-13 -1.181777063549538676e-12 4.645835809399098832e-14
3.194169666260663278e-12 1.960711063441277496e-11 2.916926996292275245e-12 3.280812934240486023e-12 -5.045712586847028344e-12 7.276987834188708401e-12 1.996374900670929008e-12 5.033713509630523757e-12 3.680854889098288241e-12 -4.162988947818623766e-12 2.623590125313719358e-12 1.911660329841954364e-12 4.430232532569692091e-13 4.759587857194001388e-12 5.863170553861349641e-12 1.138376079082845887e-11 1.751140524995669064e-11 2.471671084260344395e-11 1.292596209646895619e-11 6.562139015200548792e-12 4.247709604040551164e-12 4.822603880377805180e-13 6.451308732513375586e-13 1.187177398975729127e-13 -1.441184189553646233e-12 8.667103667010137050e-13
4.236895203315581331e-12 1.061157682991434473e-12 -1.265403879301861641e-11 -2.441759491775746261e-12 -3.493628182145068279e-12 -2.326435795261578185e-12 3.509385322234308274e-12 1.155040834927956780e-12 8.644064817442341734e-12 -8.377055314687796968e-13 1.522311257981444039e-12 2.197199163984835132e-12 3.869024712600884431e-12 6.799182565667978536e-12 5.867979362583358883e-12 8.093637472127343894e-12 8.521807673521510668e-12 1.292596209646895619e-11 2.423829776516913831e-11 1.049329317985490500e-11 3.856921378453668964e-12 4.239556529179455530e-13 -1.861385536179975250e-13 6.205195845242821221e-14 5.087743575223390395e-13 1.617276824454608617e-12
1.997311854114817102e-11 -2.111096367496765922e-12 -6.921078330637354693e-12 2.572970703229155280e-12 1.738647600731485646e-12 1.729715563727569641e-12 2.295522032848896966e-12 -1.764266194965112303e-12 2.195894566237525988e-12 2.279159098213788944e-14 2.670051044236778740e-12 3.113813406629043181e-12 3.143452649755508973e-12 1.516584229883498643e-12 2.632263670059430980e-13 5.816734866549501437e-12 6.356139391111447194e-12 6.562139015200548792e-12 1.049329317985490500e-11 1.957180989606784300e-11 8.673623302208806737e-12 3.578095841741059500e-12 1.702674370166537662e-12 8.872742437380005708e-13 8.368732139731300969e-13 -1.255259630558672591e-14
5.405531396603155643e-12 -3.454439862156875437e-12 -9.068651059384337328e-12 1.344355452849021609e-12 -5.954846849739907450e-12 3.401960794466637728e-12 3.159203042974675341e-12 2.937549008300323225e-12 2.451250951617785770e-12 1.238388713203939992e-12 -1.079634435547555327e-12 6.665461608126692139e-13 -1.548083942704503187e-13 1.379147948487204661e-12 1.185751275461909690e-12 4.132253927915993545e-12 5.116011155175023247e-12 4.247709604040551164e-12 3.856921378453668964e-12 8.673623302208806737e-12 1.827969321257216088e-11 9.104761711561225786e-12 3.485812614807658174e-12 7.101950738534475252e-13 -3.116068446847486431e-13 3.869210892703758838e-13
9.042165933109377522e-12 -1.969337541689763466e-11 -6.763460930884300819e-12 -8.798484672492569752e-12 -5.900793173953796014e-12 8.595854406699205814e-12 -7.001019181538816212e-12 2.370243203601777471e-12 1.680082314684451689e-12 -1.437874654103047947e-12 -2.259169268130340482e-12 -6.071966990934689076e-13 9.862319419512925676e-13 8.393071939062560342e-13 2.542705026557130883e-12 2.325184157713417173e-12 2.009410220034786724e-12 4.822603880377805180e-13 4.239556529179455530e-13 3.578095841741059500e-12 9.104761711561225786e-12 1.704742201178828987e-11 8.747425599966285021e-12 1.915059347964540096e-12 1.741827852430115106e-13 5.596188746976666466e-13
2.821170422709962618e-11 -2.585564495039904993e-11 2.315925462318043705e-12 -9.616425958144625223e-12 -8.292081059615706983e-12 4.829675611781704272e-12 -1.480027649969479501e-12 2.790478193277721883e-12 4.297211118742913290e-12 -4.268622967552292898e-12 1.124967650911038378e-13 -6.121540193106205184e-13 -2.930644468168233713e-13 4.022653031563667012e-13 6.627729759610887672e-13 3.191316450683555166e-13 2.056294236248779805e-12 6.451308732513375586e-13 -1.861385536179975250e-13 1.702674370166537662e-12 3.485812614807658174e-12 8.747425599966285021e-12 1.469611488462859120e-11 4.117182317748306853e-12 6.237456962835938649e-14 5.544803246470123482e-13
3.236915626368273665e-12 -3.675175842221398825e-12 -3.980935214138665253e-12 -6.657136829123191856e-12 2.301613119910332761e-12 7.381564277481007428e-12 3.398952570172234817e-13 -2.084235736111362394e-13 3.386752086154866874e-12 -6.681281425860298933e-13 -1.501661717926696259e-12 -6.799409693569840455e-13 -4.312632973063652554e-13 -2.713243424233804991e-13 -1.083140635923336810e-13 -1.227009323538246501e-12 -8.842676001353969610e-13 1.187177398975729127e-13 6.205195845242821221e-14 8.872742437380005708e-13 7.101950738534475252e-13 1.915059347964540096e-12 4.117182317748306853e-12 8.968059082473391778e-12 2.849655051695110944e-12 9.487382647313034062e-13
-2.236499430964447283e-12 5.636523268691374349e-12 -1.926358919060336784e-11 -3.406940483269152415e-12 1.014997280165087864e-12 -7.680212180136994855e-13 -3.985429239210157523e-13 -8.845654886121419672e-13 -5.286434598795700105e-13 9.927749580702089720e-13 -2.285919565348933387e-12 -1.780335267137026644e-12 -5.816732963681220265e-13 -7.577524841253472558e-13 -1.201215931977865098e-12 -1.013618829540324715e-12 -1.181777063549538676e-12 -1.441184189553646233e-12 5.087743575223390395e-13 8.368732139731300969e-13 -3.116068446847486431e-13 1.741827852430115106e-13 6.237456962835938649e-14 2.849655051695110944e-12 6.666518771365880380e-12 1.668649069120124581e-12
-5.495756619325137173e-12 7.162013283856051876e-13 -7.013206647707346801e-12 4.865662306803523182e-13 2.358660415906338754e-13 2.059252152483405987e-12 1.548126679040690744e-12 5.142583299967119340e-13 -5.825734377253223790e-13 -2.562884655895372407e-13 -1.476185611166655419e-12 5.321861349862864396e-13 -1.152527889347181681e-12 4.151079823990165568e-13 -5.379770119112675153e-13 -2.426383022585786884e-13 4.645835809399098832e-14 8.667103667010137050e-13 1.617276824454608617e-12 -1.255259630558672591e-14 3.869210892703758838e-13 5.596188746976666466e-13 5.544803246470123482e-13 9.487382647313034062e-13 1.668649069120124581e-12 6.699100951846722464e-12
