3.452662841017090303e-09 8.832313227965502797e-11 1.707145364682559901e-10 2.741393728080342463e-10 4.915686540125889267e-11 2.673602225885130856e-10 -7.975371292930334203e-12 -3.162501750676734013e-11 2.635819015274760044e-11 4.483229856108606752e-11 7.129476015610583684e-11 2.588835707345392158e-11 3.727585441647145756e-11 2.231352141610991962e-11 -1.064367588851251369e-11 1.713216879095797059e-11 4.329886803519207697e-11 4.710272439082824719e-11 4.143466193511670462e-11 4.265610789161600435e-11 1.402646724443260609e-11 -1.080744285389190081e-11 -1.989244387064875030e-11 -9.180187825293069364e-12 -1.818743599742433124e-11 -1.228869974612052393e-11
8.832313227965502797e-11 2.077550167092263546e-09 -1.758865608339745160e-11 4.520397218134022886e-11 -6.329116638089598097e-12 3.843985488942321838e-11 9.037259370771630431e-11 6.358090677671374950e-11 2.657295138218303385e-12 6.642103980802779851e-12 4.036910704564212672e-11 -1.748495094083147261e-11 1.646304332160650971e-11 2.237384106841274490e-11 2.490080682851357141e-11 6.087718743425660499e-12 1.361687812603548206e-11 2.709905339232381407e-11 3.126888863904962360e-11 7.271073237488044541e-12 7.889439418356309913e-12 4.000723872592714744e-11 4.640302527108978005e-11 3.161972567675654442e-11 1.814213050231199147e-12 -1.006683403981459407e-11
1.707145364682559901e-10 -1.758865608339745160e-11 1.326450624315124125e-09 2.035184065287119623e-10 4.380121061626323121e-11 2.117285656537279862e-11 -8.506263233589123988e-12 1.324091501633957090e-12 -9.918499938471567411e-12 8.850400218228734706e-12 5.502877565210797167e-12 -7.386416461782855736e-12 -2.450362147170498439e-11 -2.467509343776434317e-11 -2.440645100160258110e-11 -3.594782421547579983e-11 -1.221544567140251835e-11 5.144262767684553320e-13 1.663674201319885897e-11 2.704975519527914827e-11 2.627536483174661512e-11 1.465521996673261676e-12 -8.278210383937467948e-12 -1.870454312005164601e-11 4.464637291041529664e-12 5.868551684842620319e-12
2.741393728080342463e-10 4.520397218134022886e-11 2.035184065287119623e-10 9.206414049084103134e-10 8.311705733706387966e-11 4.046964444103492943e-11 -3.201244278809476028e-11 2.630032800367764271e-11 2.734984601110860219e-11 3.810393418821409070e-11 6.809183791469094133e-12 7.130933029606355895e-12 2.133876462196558899e-11 2.372983445917919561e-11 2.192369388069210209e-11 1.344125323850787369e-11 2.471112301728117618e-11 1.296538711885512757e-11 1.823856696535300345e-11 2.529167132616437159e-11 1.784571816124934307e-11 1.428232880294842219e-11 -4.494275578910147965e-13 -5.257678934350722733e-12 5.231168842977665696e-13 6.447591637901314803e-12
4.915686540125889267e-11 -6.329116638089598097e-12 4.380121061626323121e-11 8.311705733706387966e-11 5.809483467124914611e-10 3.583479226020952791e-11 7.295160572753515302e-12 2.034910897660434884e-11 3.606678083525640305e-11 -2.553553098625650652e-12 7.826639615104842275e-12 2.179313698434753719e-11 6.875064036246861659e-12 3.441058025856183483e-13 7.853390877176317869e-12 7.743671193013538991e-12 9.322616250192894207e-12 -3.877146301354896982e-12 -1.441546229182169413e-11 -1.575671982101038010e-12 -6.459773431474561170e-12 2.119387399704995034e-12 -3.388018261035810085e-12 -3.499113271048749149e-12 1.946738044202660782e-13 4.401246353588046526e-12
2.673602225885130856e-10 3.843985488942321838e-11 2.117285656537279862e-11 4.046964444103492943e-11 3.583479226020952791e-11 4.240200631820736625e-10 4.390818298368901102e-11 -6.693221626946976526e-12 -1.237893159475007666e-12 2.031861744790762630e-11 4.691772980718929261e-12 1.959681959472625656e-11 1.034787106634581492e-11 2.493677077741164611e-11 1.120168796148613722e-11 4.723217452623157223e-12 6.245694016199099708e-12 1.318367647593674833e-11 7.012023780061242309e-12 1.196548769464542526e-11 6.108015816231726848e-12 1.158289118862306975e-11 4.256482370964993799e-12 -2.410897044326043516e-12 3.096837658086733567e-12 -8.100207516630531541e-14
-7.975371292930334203e-12 9.037259370771630431e-11 -8.506263233589123988e-12 -3.201244278809476028e-11 7.295160572753515302e-12 4.390818298368901102e-11 3.211219913025981688e-10 7.200313021906750922e-11 2.645879572978871039e-11 2.045236123944623422e-11 2.545520138852923524e-11 8.757247519098763309e-12 1.341326086954939174e-11 8.824513606583500997e-12 3.361660212530059773e-12 2.459208682290681084e-12 2.683600721588247125e-12 -3.478089478129732638e-12 -4.590190688750471960e-12 6.305161390231945886e-12 8.677463320390270641e-12 4.914740866477534540e-12 -2.748027532354049377e-12 -2.261198221656723254e-12 9.600195537628925142e-12 4.188912749189482293e-12
-3.162501750676734013e-11 6.358090677671374950e-11 1.324091501633957090e-12 2.630032800367764271e-11 2.034910897660434884e-11 -6.693221626946976526e-12 7.200313021906750922e-11 2.573867170683171707e-10 5.350888415500061221e-11 2.296175021053257444e-11 1.438002675313100364e-11 3.478770125310236149e-12 7.863392449735401846e-12 -5.562683503642008668e-12 4.547676865480822958e-12 7.680903793364484444e-13 -2.108070484503463310e-12 -3.085466593682995575e-12 -6.771481883473937647e-14 2.187300820240356965e-12 4.485061731068436547e-12 2.638379640706411525e-14 -5.058309243470638983e-12 -3.415404499375557741e-12 5.549009904869493463e-12 4.247590358544559924e-12
2.635819015274760044e-11 2.657295138218303385e-12 -9.918499938471567411e-12 2.734984601110860219e-11 3.606678083525640305e-11 -1.237893159475007666e-12 2.645879572978871039e-11 5.350888415500061221e-11 1.816319255174540155e-10 3.181793975160534541e-11 1.451540999812722618e-11 1.839983733329444187e-11 7.012865066326740434e-12 -2.864518194841945822e-12 4.401126453503845611e-12 3.479224808964941611e-12 5.488387266744293043e-12 1.344191128559700876e-12 5.040633813004786241e-13 -9.634758609721298415e-13 -1.588819031406657765e-12 5.090204072850022070e-12 -2.355918928578616891e-12 8.396082990899631148e-13 5.032062585850721964e-12 7.126907772378513480e-12
4.483229856108606752e-11 6.642103980802779851e-12 8.850400218228734706e-12 3.810393418821409070e-11 -2.553553098625650652e-12 2.031861744790762630e-11 2.045236123944623422e-11 2.296175021053257444e-11 3.181793975160534541e-11 1.240142334673707730e-10 3.480760820096271174e-11 2.051787863386179575e-11 4.363017912897526654e-12 9.594325265464561663e-12 7.546014757846059323e-12 6.096895856838365969e-12 9.568959406978881740e-12 4.988808190877651666e-12 4.620757158423919474e-12 -1.532237884979421876e-12 -7.568613658318679645e-12 -7.044837173808178629e-12 -5.579857998427960686e-12 -1.105309977972058778e-12 4.714139191339976250e-12 4.304924868323312514e-12
7.129476015610583684e-11 4.036910704564212672e-11 5.502877565210797167e-12 6.809183791469094133e-12 7.826639615104842275e-12 4.691772980718929261e-12 2.545520138852923524e-11 1.438002675313100364e-11 1.451540999812722618e-11 3.480760820096271174e-11 9.820599721155456829e-11 2.733167185930645222e-11 1.008389760554056086e-11 1.226787428589279409e-11 4.806345981108705914e-12 9.532316728131578618e-12 -1.281772515484355505e-12 2.701268601133492560e-12 7.188982451368317211e-12 1.480211188797738833e-12 -2.252167970713135392e-12 -3.450312347194491149e-12 1.221188816192570899e-12 1.838078104907368026e-12 2.115311251417471031e-12 2.043325483791234657e-13
2.588835707345392158e-11 -1.748495094083147261e-11 -7.386416461782855736e-12 7.130933029606355895e-12 2.179313698434753719e-11 1.959681959472625656e-11 8.757247519098763309e-12 3.478770125310236149e-12 1.839983733329444187e-11 2.051787863386179575e-11 2.733167185930645222e-11 8.199247003466981195e-11 2.531415173074571863e-11 1.908186497400619912e-11 8.129393702983751211e-12 8.795810013449232431e-12 8.051041603931199396e-12 6.570858132444595485e-12 7.341842229526639494e-12 2.534189912503522060e-12 -2.380550563066389216e-13 -1.728868357147439815e-12 -1.038596286439996434e-12 -3.329540001320144177e-13 9.215766407473548522e-13 2.052920305284010237e-12
3.727585441647145756e-11 1.646304332160650971e-11 -2.450362147170498439e-11 2.133876462196558899e-11 6.875064036246861659e-12 1.034787106634581492e-11 1.341326086954939174e-11 7.863392449735401846e-12 7.012865066326740434e-12 4.363017912897526654e-12 1.008389760554056086e-11 2.531415173074571863e-11 6.006307771276780423e-11 2.458811813838656533e-11 1.305864035690249100e-11 4.031722197902590830e-12 5.273794466334007220e-12 3.844454856328393153e-12 5.550044119077460329e-12 4.740471752708763359e-12 1.336876846390120449e-12 -1.858711863996418325e-12 -6.126689188328610765e-13 9.944750488717912671e-13 -8.188908222434741543e-13 -5.201238287956768468e-12
2.231352141610991962e-11 2.237384106841274490e-11 -2.467509343776434317e-11 2.372983445917919561e-11 3.441058025856183483e-13 2.493677077741164611e-11 8.824513606583500997e-12 -5.562683503642008668e-12 -2.864518194841945822e-12 9.594325265464561663e-12 1.226787428589279409e-11 1.908186497400619912e-11 2.458811813838656533e-11 4.766899253833641437e-11 2.078641811067175143e-11 7.817648202235725092e-12 4.854628873596364612e-12 4.385469852171388899e-12 6.163608704420259610e-12 -1.183140672277536943e-13 1.076836392612086064e-12 3.068289219631734344e-12 5.916910793897740932e-12 4.775874744831224861e-12 -2.177033797183702575e-14 -2.536133764763859212e-13
-1.064367588851251369e-11 2.490080682851357141e-11 -2.440645100160258110e-11 2.192369388069210209e-11 7.853390877176317869e-12 1.120168796148613722e-11 3.361660212530059773e-12 4.547676865480822958e-12 4.401126453503845611e-12 7.546014757846059323e-12 4.806345981108705914e-12 8.129393702983751211e-12 1.305864035690249100e-11 2.078641811067175143e-11 4.380529735849945815e-11 2.334331721732979485e-11 1.646824709758105103e-11 9.278144038222102213e-12 5.110322133977537392e-12 2.074273317422468723e-12 3.149198153395128587e-12 4.652630261805097086e-12 3.754608836409929462e-12 2.417884001241660380e-12 -1.134093662992540577e-12 -6.508444640518606606e-14
1.713216879095797059e-11 6.087718743425660499e-12 -3.594782421547579983e-11 1.344125323850787369e-11 7.743671193013538991e-12 4.723217452623157223e-12 2.459208682290681084e-12 7.680903793364484444e-13 3.479224808964941611e-12 6.096895856838365969e-12 9.532316728131578618e-12 8.795810013449232431e-12 4.031722197902590830e-12 7.817648202235725092e-12 2.334331721732979485e-11 3.884630767307983165e-11 2.423527040809441326e-11 1.219055038938582015e-11 7.000227939092945863e-12 5.736443661978323112e-12 2.109831734865080682e-12 3.571200370427151889e-12 3.556116079829080167e-12 1.800673094064941757e-12 -1.219116435951414771e-13 1.630977528427671031e-12
4.329886803519207697e-11 1.361687812603548206e-11 -1.221544567140251835e-11 2.471112301728117618e-11 9.322616250192894207e-12 6.245694016199099708e-12 2.683600721588247125e-12 -2.108070484503463310e-12 5.488387266744293043e-12 9.568959406978881740e-12 -1.281772515484355505e-12 8.051041603931199396e-12 5.273794466334007220e-12 4.854628873596364612e-12 1.646824709758105103e-11 2.423527040809441326e-11 4.805245324993770048e-11 2.834073478673757099e-11 1.445036346834491658e-11 8.463630956970902749e-12 4.021099728965344059e-13 -7.574686640653547311e-13 -1.581298113564652391e-12 -9.397579881323978301e-13 -1.192714238094011501e-12 -3.159350954678694100e-13
4.710272439082824719e-11 2.709905339232381407e-11 5.144262767684553320e-13 1.296538711885512757e-11 -3.877146301354896982e-12 1.318367647593674833e-11 -3.478089478129732638e-12 -3.085466593682995575e-12 1.344191128559700876e-12 4.988808190877651666e-12 2.701268601133492560e-12 6.570858132444595485e-12 3.844454856328393153e-12 4.385469852171388899e-12 9.278144038222102213e-12 1.219055038938582015e-11 2.834073478673757099e-11 3.534724484227746474e-11 2.265446384752837199e-11 1.311404268874675189e-11 3.171475188965609132e-12 2.305778301204938836e-13 1.348522707925622696e-12 2.027302397990635138e-12 3.967810906825282054e-13 -3.174990744224993230e-13
4.143466193511670462e-11 3.126888863904962360e-11 1.663674201319885897e-11 1.823856696535300345e-11 -1.441546229182169413e-11 7.012023780061242309e-12 -4.590190688750471960e-12 -6.771481883473937647e-14 5.040633813004786241e-13 4.620757158423919474e-12 7.188982451368317211e-12 7.341842229526639494e-12 5.550044119077460329e-12 6.163608704420259610e-12 5.110322133977537392e-12 7.000227939092945863e-12 1.445036346834491658e-11 2.265446384752837199e-11 3.615088092198323643e-11 1.999845346183613652e-11 6.269760543454705251e-12 4.699393706030117532e-13 2.272458274054911017e-12 1.014207502566224804e-12 2.283450627284403439e-13 -8.522760170685817328e-13
4.265610789161600435e-11 7.271073237488044541e-12 2.704975519527914827e-11 2.529167132616437159e-11 -1.575671982101038010e-12 1.196548769464542526e-11 6.305161390231945886e-12 2.187300820240356965e-12 -9.634758609721298415e-13 -1.532237884979421876e-12 1.480211188797738833e-12 2.534189912503522060e-12 4.740471752708763359e-12 -1.183140672277536943e-13 2.074273317422468723e-12 5.736443661978323112e-12 8.463630956970902749e-12 1.311404268874675189e-11 1.999845346183613652e-11 3.077206580402323622e-11 1.524405097430313306e-11 5.443250253822547819e-12 2.175947267165426556e-12 -9.375972633169402119e-13 -1.317751554558631534e-12 -2.099844413641650397e-12
1.402646724443260609e-11 7.889439418356309913e-12 2.627536483174661512e-11 1.784571816124934307e-11 -6.459773431474561170e-12 6.108015816231726848e-12 8.677463320390270641e-12 4.485061731068436547e-12 -1.588819031406657765e-12 -7.568613658318679645e-12 -2.252167970713135392e-12 -2.380550563066389216e-13 1.336876846390120449e-12 1.076836392612086064e-12 3.149198153395128587e-12 2.109831734865080682e-12 4.021099728965344059e-13 3.171475188965609132e-12 6.269760543454705251e-12 1.524405097430313306e-11 2.701148877472217692e-11 1.531829123635326722e-11 5.992149097546755125e-12 1.802766208312178668e-12 -8.494161329074165203e-13 -9.833760374703034192e-13
-1.080744285389190081e-11 4.000723872592714744e-11 1.465521996673261676e-12 1.428232880294842219e-11 2.119387399704995034e-12 1.158289118862306975e-11 4.914740866477534540e-12 2.638379640706411525e-14 5.090204072850022070e-12 -7.044837173808178629e-12 -3.450312347194491149e-12 -1.728868357147439815e-12 -1.858711863996418325e-12 3.068289219631734344e-12 4.652630261805097086e-12 3.571200370427151889e-12 -7.574686640653547311e-13 2.305778301204938836e-13 4.699393706030117532e-13 5.443250253822547819e-12 1.531829123635326722e-11 2.808801828182865456e-11 1.639838909159991328e-11 7.497254262518211932e-12 1.321130721254430776e-13 3.948658932134928611e-13
-1.989244387064875030e-11 4.640302527108978005e-11 -8.278210383937467948e-12 -4.494275578910147965e-13 -3.388018261035810085e-12 4.256482370964993799e-12 -2.748027532354049377e-12 -5.058309243470638983e-12 -2.355918928578616891e-12 -5.579857998427960686e-12 1.221188816192570899e-12 -1.038596286439996434e-12 -6.126689188328610765e-13 5.916910793897740932e-12 3.754608836409929462e-12 3.556116079829080167e-12 -1.581298113564652391e-12 1.348522707925622696e-12 2.272458274054911017e-12 2.175947267165426556e-12 5.992149097546755125e-12 1.639838909159991328e-11 2.962871017047373370e-11 1.524491092003303330e-11 9.796736638160038626e-13 -4.735660305284456681e-13
-9.180187825293069364e-12 3.161972567675654442e-11 -1.870454312005164601e-11 -5.257678934350722733e-12 -3.499113271048749149e-12 -2.410897044326043516e-12 -2.261198221656723254e-12 -3.415404499375557741e-12 8.396082990899631148e-13 -1.105309977972058778e-12 1.838078104907368026e-12 -3.329540001320144177e-13 9.944750488717912671e-13 4.775874744831224861e-12 2.417884001241660380e-12 1.800673094064941757e-12 -9.397579881323978301e-13 2.027302397990635138e-12 1.014207502566224804e-12 -9.375972633169402119e-13 1.802766208312178668e-12 7.497254262518211932e-12 1.524491092003303330e-11 2.261981999332178443e-11 5.958626006905757470e-12 -4.597300020789066268e-13
-1.818743599742433124e-11 1.814213050231199147e-12 4.464637291041529664e-12 5.231168842977665696e-13 1.946738044202660782e-13 3.096837658086733567e-12 9.600195537628925142e-12 5.549009904869493463e-12 5.032062585850721964e-12 4.714139191339976250e-12 2.115311251417471031e-12 9.215766407473548522e-13 -8.188908222434741543e-13 -2.177033797183702575e-14 -1.134093662992540577e-12 -1.219116435951414771e-13 -1.192714238094011501e-12 3.967810906825282054e-13 2.283450627284403439e-13 -1.317751554558631534e-12 -8.494161329074165203e-13 1.321130721254430776e-13 9.796736638160038626e-13 5.958626006905757470e-12 1.284654893156616153e-11 5.388254997055337434e-12
-1.228869974612052393e-11 -1.006683403981459407e-11 5.868551684842620319e-12 6.447591637901314803e-12 4.401246353588046526e-12 -8.100207516630531541e-14 4.188912749189482293e-12 4.247590358544559924e-12 7.126907772378513480e-12 4.304924868323312514e-12 2.043325483791234657e-13 2.052920305284010237e-12 -5.201238287956768468e-12 -2.536133764763859212e-13 -6.508444640518606606e-14 1.630977528427671031e-12 -3.159350954678694100e-13 -3.174990744224993230e-13 -8.522760170685817328e-13 -2.099844413641650397e-12 -9.833760374703034192e-13 3.948658932134928611e-13 -4.735660305284456681e-13 -4.597300020789066268e-13 5.388254997055337434e-12 1.332890362191656507e-11
