2.489855515081835356e-09 -4.142167056071144676e-11 1.239082718124448088e-10 -1.655917360302767627e-10 3.376838192799968875e-12 8.379234547691402476e-11 -6.678868006784229080e-12 3.925614624831616274e-11 2.762186698446465125e-13 -4.292235855336137611e-11 6.778772416574017980e-12 3.035022249379094536e-12 1.506767831879191187e-11 9.366894196723209111e-12 9.452777791985357762e-12 -1.020539286732430356e-11 1.190807246968211479e-12 -2.783424371972150573e-12 -1.391499253267967497e-11 -1.659296617387834788e-11 -1.013068409636959047e-11 1.902197990496518882e-12 -1.062536614515446502e-11 3.133728601238359874e-12 2.472563915462657582e-12 7.485432931661022463e-15
-4.142167056071144676e-11 1.790361607948033884e-09 3.321730908824722100e-11 -1.164112933371364888e-10 5.073207456111965744e-12 -6.791243693758757412e-11 3.867136156116299604e-11 -3.053438490563151487e-12 -5.109952021297590882e-12 4.480028584447789406e-12 -3.462204451402778759e-11 -3.483223623325263078e-11 -1.129891114940673442e-11 -1.890479140691224822e-11 -1.383683556912297435e-11 -1.765409967856462811e-12 5.999094777925388423e-12 -5.152650802464606363e-12 -7.617454866167065331e-12 -2.023134824216115953e-12 -1.994982445827496061e-12 -3.962860212889998352e-12 2.029027419969381972e-12 6.130980229078014124e-15 -2.353871950817014390e-12 -4.240153545744444425e-12
1.239082718124448088e-10 3.321730908824722100e-11 1.309584449793930607e-09 2.266664473070325395e-10 5.495620503981383471e-11 -3.571514013313348248e-12 -1.444432720477732277e-11 -2.374083710051964914e-11 -2.945743216655114094e-11 2.558789606100219139e-12 -1.691897553516258643e-11 -4.138667740743558632e-12 -4.093563946129738515e-11 -1.432290648849613710e-11 -7.956767244788047102e-12 -3.913270916693569898e-12 3.301781171279673572e-12 1.448172203323838061e-11 2.736628059767977750e-13 3.779406152753286166e-12 -5.288569938472719887e-12 -4.376320006866588304e-12 -5.325109166153095184e-13 1.050289384370662986e-11 -5.657109162462132895e-13 -3.168153499360194766e-12
-1.655917360302767627e-10 -1.164112933371364888e-10 2.266664473070325395e-10 9.127239165539937090e-10 3.239393377247204319e-11 8.971740598719983563e-11 7.769388084180684532e-12 1.838345829738590079e-11 -2.009785560435240389e-12 2.200645090251524936e-11 1.171383826735247362e-11 -2.137374506397266609e-12 -8.906058342777492652e-12 -1.100642131877822069e-12 9.430383979116387904e-12 -2.066908572039841241e-13 4.359554271399380115e-12 1.452913916962737019e-11 8.083490399244510814e-12 1.030517369115421324e-11 3.579463400218738503e-12 9.329186856079629629e-12 6.966861932294787847e-13 2.721025700738524269e-13 8.399936689254819804e-14 4.331418647193422391e-12
3.376838192799968875e-12 5.073207456111965744e-12 5.495620503981383471e-11 3.239393377247204319e-11 5.228563855812204398e-10 6.022744279830535784e-11 5.382114876945750502e-12 2.020660632687989271e-11 1.580157749459546277e-11 2.270275987221961495e-12 -3.826272580816519583e-13 7.768832031164597124e-12 -3.440757153867083442e-12 2.176675229854427808e-12 -1.131017011388586168e-12 7.753535007221935446e-12 4.043303003614094331e-12 3.463367252926048465e-12 2.614694322437708807e-12 -9.964276039670089518e-12 -4.815443040309050495e-12 -2.277922348918191743e-12 -6.104649617702409910e-12 1.855129458557352748e-12 2.595788127116842345e-12 -2.846030900938261776e-12
8.379234547691402476e-11 -6.791243693758757412e-11 -3.571514013313348248e-12 8.971740598719983563e-11 6.022744279830535784e-11 3.327364179255759944e-10 5.795877884808034532e-12 -3.275028620536066151e-12 -2.312882281700672918e-12 -1.071112435670232360e-11 -4.940237805636883982e-12 1.127631434338104668e-12 -5.944643848000777770e-12 4.453134833398377671e-12 6.581492602231929128e-12 3.667870594387156001e-12 -1.928042613766168984e-12 5.380668027436465749e-12 7.569255946814578438e-13 -3.092082043900673752e-12 5.166160240081426933e-13 3.425949773956302266e-12 -2.142851237941219885e-12 2.601342558215093422e-13 1.103316305667357560e-12 4.046921662339516901e-12
-6.678868006784229080e-12 3.867136156116299604e-11 -1.444432720477732277e-11 7.769388084180684532e-12 5.382114876945750502e-12 5.795877884808034532e-12 2.153098325516051952e-10 1.954360799866032912e-11 2.227754452086928923e-11 -3.612692714030560377e-12 2.340329959415710839e-12 8.081596984582042128e-12 -6.558980059397574318e-12 5.896280183693021290e-12 1.131636980864963628e-11 5.875556695949550764e-12 3.396411532169584260e-13 2.873600252735404635e-12 2.104011004296979735e-12 -2.164404626823928192e-12 -1.529864721464478002e-12 -2.336911357047328562e-13 -5.559535473010612219e-13 -1.864963757809628557e-12 8.360234796614225257e-15 -1.658141445413540452e-12
3.925614624831616274e-11 -3.053438490563151487e-12 -2.374083710051964914e-11 1.838345829738590079e-11 2.020660632687989271e-11 -3.275028620536066151e-12 1.954360799866032912e-11 1.443147924047265660e-10 1.489600605671629116e-11 3.988184696221205068e-12 4.677508741887433426e-12 7.593480206763210226e-12 5.385202484927244069e-12 3.405390899262199733e-12 5.711177146232284273e-12 -1.242349450967536500e-12 -6.729051907296143741e-13 -1.209401977255722142e-12 -1.541477963509944762e-12 -8.741385057734780262e-13 -2.938144526519368849e-13 2.028692507720034794e-12 7.500019455627807985e-13 7.242329945469354545e-13 -2.021284524455851859e-13 -1.955660867386458359e-13
2.762186698446465125e-13 -5.109952021297590882e-12 -2.945743216655114094e-11 -2.009785560435240389e-12 1.580157749459546277e-11 -2.312882281700672918e-12 2.227754452086928923e-11 1.489600605671629116e-11 1.036450530787658369e-10 7.510124435805655870e-12 9.652327279470596546e-12 1.091574137930163088e-11 -5.031733686567822092e-12 -6.113833459562869447e-12 2.059932395891482260e-13 4.107406528766111099e-12 4.018248224435581259e-12 1.338383065811634898e-12 -4.202929929010171713e-13 3.485457552552481030e-13 3.101958942485960424e-12 1.474894703233381035e-12 2.743439618692094785e-12 -4.812507167808960521e-13 2.823574611415309026e-13 -7.134528259489285017e-13
-4.292235855336137611e-11 4.480028584447789406e-12 2.558789606100219139e-12 2.200645090251524936e-11 2.270275987221961495e-12 -1.071112435670232360e-11 -3.612692714030560377e-12 3.988184696221205068e-12 7.510124435805655870e-12 7.293331144161194671e-11 9.415419536752870940e-12 4.358859586587726849e-12 -9.891428999690096277e-13 2.664343116435335230e-14 3.389618235498565465e-12 -5.015931411169111249e-13 5.770361174914161365e-12 3.675714401874254762e-12 -6.829597399331054246e-13 -2.326271753067543131e-15 -1.146937297394971582e-12 -5.614957239294607071e-13 5.080671035532242631e-14 -5.054845756679518771e-14 3.769862681889000720e-14 -8.826530606242224886e-13
6.778772416574017980e-12 -3.462204451402778759e-11 -1.691897553516258643e-11 1.171383826735247362e-11 -3.826272580816519583e-13 -4.940237805636883982e-12 2.340329959415710839e-12 4.677508741887433426e-12 9.652327279470596546e-12 9.415419536752870940e-12 4.749526226264413522e-11 1.211891022136199286e-11 7.862511767284775762e-12 3.332686741128937620e-12 2.075001004895095442e-12 5.004312047263363498e-13 2.122005338765257865e-12 1.539827434089981699e-12 1.404354285376428267e-12 2.408801815751499395e-12 1.364689148085887531e-12 3.307172023804953217e-13 -1.017181961594911773e-12 -1.757855833016569568e-12 -4.998422996024386744e-13 -3.477283955741389910e-13
3.035022249379094536e-12 -3.483223623325263078e-11 -4.138667740743558632e-12 -2.137374506397266609e-12 7.768832031164597124e-12 1.127631434338104668e-12 8.081596984582042128e-12 7.593480206763210226e-12 1.091574137930163088e-11 4.358859586587726849e-12 1.211891022136199286e-11 4.449728759873588016e-11 9.572396437076914735e-12 7.365530553962808586e-12 7.307738861740459042e-12 2.965357304154052826e-12 5.545562416564729815e-12 3.299528994812022562e-12 -1.019553443133058166e-12 -2.174614757067980984e-13 -8.838943381165819258e-13 -1.363729226260069151e-12 -5.013272494568041366e-13 -1.190226082094231547e-12 6.710566426038545764e-13 2.070596245128464467e-14
1.506767831879191187e-11 -1.129891114940673442e-11 -4.093563946129738515e-11 -8.906058342777492652e-12 -3.440757153867083442e-12 -5.944643848000777770e-12 -6.558980059397574318e-12 5.385202484927244069e-12 -5.031733686567822092e-12 -9.891428999690096277e-13 7.862511767284775762e-12 9.572396437076914735e-12 3.261738493747305779e-11 1.042626835267324823e-11 6.758433280105214735e-12 1.425744030861925920e-12 -2.279463121971010252e-12 -1.669012347880377870e-12 5.442506803005709562e-13 -3.812311512260406918e-13 -1.876222078403360609e-13 1.158036549242774319e-12 -8.351804267587266642e-13 -7.135815126642687492e-14 6.723786813133441975e-13 2.174817156779270173e-13
9.366894196723209111e-12 -1.890479140691224822e-11 -1.432290648849613710e-11 -1.100642131877822069e-12 2.176675229854427808e-12 4.453134833398377671e-12 5.896280183693021290e-12 3.405390899262199733e-12 -6.113833459562869447e-12 2.664343116435335230e-14 3.332686741128937620e-12 7.365530553962808586e-12 1.042626835267324823e-11 2.799103277947498665e-11 1.507589388363572693e-11 3.842074407253540452e-12 7.703656209426905832e-13 1.737722686594693559e-12 3.618310581427634099e-13 -3.051313374476490174e-13 -7.307509752194522168e-13 -1.106737859169219096e-12 -8.351977016790157922e-13 -3.637010806985045122e-13 -6.716084958349201862e-14 -3.414044595285062623e-13
9.452777791985357762e-12 -1.383683556912297435e-11 -7.956767244788047102e-12 9.430383979116387904e-12 -1.131017011388586168e-12 6.581492602231929128e-12 1.131636980864963628e-11 5.711177146232284273e-12 2.059932395891482260e-13 3.389618235498565465e-12 2.075001004895095442e-12 7.307738861740459042e-12 6.758433280105214735e-12 1.507589388363572693e-11 2.818833545385013359e-11 8.298902004877535966e-12 4.024796225176543100e-12 2.739406622854924789e-12 1.259165411522750480e-12 5.413336221007058502e-13 -1.366705685762768923e-12 -5.521037770625348699e-13 -5.064578907828330067e-13 1.476585586245590950e-13 2.075277741092196575e-13 2.955356541621200878e-13
-1.020539286732430356e-11 -1.765409967856462811e-12 -3.913270916693569898e-12 -2.066908572039841241e-13 7.753535007221935446e-12 3.667870594387156001e-12 5.875556695949550764e-12 -1.242349450967536500e-12 4.107406528766111099e-12 -5.015931411169111249e-13 5.004312047263363498e-13 2.965357304154052826e-12 1.425744030861925920e-12 3.842074407253540452e-12 8.298902004877535966e-12 1.479541827561806123e-11 4.888556590779516241e-12 2.412073565349577713e-12 1.008062962844332021e-13 7.112740530948695773e-13 -4.295404083121963936e-13 -6.769361784989017487e-14 -4.606746026227243873e-13 1.038406867354457878e-12 6.109314355713770309e-13 1.350922306827193274e-13
1.190807246968211479e-12 5.999094777925388423e-12 3.301781171279673572e-12 4.359554271399380115e-12 4.043303003614094331e-12 -1.928042613766168984e-12 3.396411532169584260e-13 -6.729051907296143741e-13 4.018248224435581259e-12 5.770361174914161365e-12 2.122005338765257865e-12 5.545562416564729815e-12 -2.279463121971010252e-12 7.703656209426905832e-13 4.024796225176543100e-12 4.888556590779516241e-12 1.469149669791073026e-11 6.803236945444268299e-12 1.303435470440784190e-12 8.239825231091407821e-13 1.193949205967317006e-12 2.566722750313636015e-13 -3.118220149434043798e-14 1.056612927118199750e-13 -1.061717781691538399e-13 -1.128393650688201964e-13
-2.783424371972150573e-12 -5.152650802464606363e-12 1.448172203323838061e-11 1.452913916962737019e-11 3.463367252926048465e-12 5.380668027436465749e-12 2.873600252735404635e-12 -1.209401977255722142e-12 1.338383065811634898e-12 3.675714401874254762e-12 1.539827434089981699e-12 3.299528994812022562e-12 -1.669012347880377870e-12 1.737722686594693559e-12 2.739406622854924789e-12 2.412073565349577713e-12 6.803236945444268299e-12 1.324063950639118690e-11 3.632598670290370577e-12 2.263300272015587700e-12 1.286869499537476046e-12 1.415338650584135555e-13 -1.967529638121410086e-13 -8.381493235478237817e-13 -1.948536154286334263e-13 -1.873134908890153944e-13
-1.391499253267967497e-11 -7.617454866167065331e-12 2.736628059767977750e-13 8.083490399244510814e-12 2.614694322437708807e-12 7.569255946814578438e-13 2.104011004296979735e-12 -1.541477963509944762e-12 -4.202929929010171713e-13 -6.829597399331054246e-13 1.404354285376428267e-12 -1.019553443133058166e-12 5.442506803005709562e-13 3.618310581427634099e-13 1.259165411522750480e-12 1.008062962844332021e-13 1.303435470440784190e-12 3.632598670290370577e-12 9.462835260023217871e-12 3.736441590308036940e-12 1.235261675508215130e-12 -2.317871301860585259e-14 3.120336422743775837e-14 -1.354136035790976049e-12 -7.312388889047336120e-13 -1.351881257857722112e-13
-1.659296617387834788e-11 -2.023134824216115953e-12 3.779406152753286166e-12 1.030517369115421324e-11 -9.964276039670089518e-12 -3.092082043900673752e-12 -2.164404626823928192e-12 -8.741385057734780262e-13 3.485457552552481030e-13 -2.326271753067543131e-15 2.408801815751499395e-12 -2.174614757067980984e-13 -3.812311512260406918e-13 -3.051313374476490174e-13 5.413336221007058502e-13 7.112740530948695773e-13 8.239825231091407821e-13 2.263300272015587700e-12 3.736441590308036940e-12 9.318856498781196761e-12 3.619920557555158838e-12 1.096087536082225274e-13 4.311024599554746581e-13 -9.894345649495327793e-13 -2.954065486710212832e-13 3.036071339028334823e-14
-1.013068409636959047e-11 -1.994982445827496061e-12 -5.288569938472719887e-12 3.579463400218738503e-12 -4.815443040309050495e-12 5.166160240081426933e-13 -1.529864721464478002e-12 -2.938144526519368849e-13 3.101958942485960424e-12 -1.146937297394971582e-12 1.364689148085887531e-12 -8.838943381165819258e-13 -1.876222078403360609e-13 -7.307509752194522168e-13 -1.366705685762768923e-12 -4.295404083121963936e-13 1.193949205967317006e-12 1.286869499537476046e-12 1.235261675508215130e-12 3.619920557555158838e-12 7.117992436405672603e-12 2.279328060255031651e-12 8.115204176867761485e-13 -5.142143447165094229e-13 7.248930205953288546e-14 -1.390550352973742390e-13
1.902197990496518882e-12 -3.962860212889998352e-12 -4.376320006866588304e-12 9.329186856079629629e-12 -2.277922348918191743e-12 3.425949773956302266e-12 -2.336911357047328562e-13 2.028692507720034794e-12 1.474894703233381035e-12 -5.614957239294607071e-13 3.307172023804953217e-13 -1.363729226260069151e-12 1.158036549242774319e-12 -1.106737859169219096e-12 -5.521037770625348699e-13 -6.769361784989017487e-14 2.566722750313636015e-13 1.415338650584135555e-13 -2.317871301860585259e-14 1.096087536082225274e-13 2.279328060255031651e-12 5.933168470914143969e-12 1.414635559501125737e-12 -6.888915021817830124e-14 4.198003835503481935e-13 3.975110340761102520e-13
-1.062536614515446502e-11 2.029027419969381972e-12 -5.325109166153095184e-13 6.966861932294787847e-13 -6.104649617702409910e-12 -2.142851237941219885e-12 -5.559535473010612219e-13 7.500019455627807985e-13 2.743439618692094785e-12 5.080671035532242631e-14 -1.017181961594911773e-12 -5.013272494568041366e-13 -8.351804267587266642e-13 -8.351977016790157922e-13 -5.064578907828330067e-13 -4.606746026227243873e-13 -3.118220149434043798e-14 -1.967529638121410086e-13 3.120336422743775837e-14 4.311024599554746581e-13 8.115204176867761485e-13 1.414635559501125737e-12 3.620599518414261270e-12 8.041194860419102132e-13 1.830883358147636981e-13 3.686528804000348596e-13
3.133728601238359874e-12 6.130980229078014124e-15 1.050289384370662986e-11 2.721025700738524269e-13 1.855129458557352748e-12 2.601342558215093422e-13 -1.864963757809628557e-12 7.242329945469354545e-13 -4.812507167808960521e-13 -5.054845756679518771e-14 -1.757855833016569568e-12 -1.190226082094231547e-12 -7.135815126642687492e-14 -3.637010806985045122e-13 1.476585586245590950e-13 1.038406867354457878e-12 1.056612927118199750e-13 -8.381493235478237817e-13 -1.354136035790976049e-12 -9.894345649495327793e-13 -5.142143447165094229e-13 -6.888915021817830124e-14 8.041194860419102132e-13 3.514813273450759291e-12 1.005030136446483191e-12 1.822123135149277764e-13
2.472563915462657582e-12 -2.353871950817014390e-12 -5.657109162462132895e-13 8.399936689254819804e-14 2.595788127116842345e-12 1.103316305667357560e-12 8.360234796614225257e-15 -2.021284524455851859e-13 2.823574611415309026e-13 3.769862681889000720e-14 -4.998422996024386744e-13 6.710566426038545764e-13 6.723786813133441975e-13 -6.716084958349201862e-14 2.075277741092196575e-13 6.109314355713770309e-13 -1.061717781691538399e-13 -1.948536154286334263e-13 -7.312388889047336120e-13 -2.954065486710212832e-13 7.248930205953288546e-14 4.198003835503481935e-13 1.830883358147636981e-13 1.005030136446483191e-12 2.174352667346602510e-12 4.973618103854520573e-13
7.485432931661022463e-15 -4.240153545744444425e-12 -3.168153499360194766e-12 4.331418647193422391e-12 -2.846030900938261776e-12 4.046921662339516901e-12 -1.658141445413540452e-12 -1.955660867386458359e-13 -7.134528259489285017e-13 -8.826530606242224886e-13 -3.477283955741389910e-13 2.070596245128464467e-14 2.174817156779270173e-13 -3.414044595285062623e-13 2.955356541621200878e-13 1.350922306827193274e-13 -1.128393650688201964e-13 -1.873134908890153944e-13 -1.351881257857722112e-13 3.036071339028334823e-14 -1.390550352973742390e-13 3.975110340761102520e-13 3.686528804000348596e-13 1.822123135149277764e-13 4.973618103854520573e-13 2.136849948832993255e-12
