3.950237089407678568e-09 -2.583086404503957087e-10 -3.074722062079258245e-10 -1.388822215233154257e-10 -5.028838787431951706e-11 -1.780341841811704384e-11 1.972778362724383268e-11 -1.013900739106155761e-10 -6.165722564452444211e-11 2.452250926927726551e-11 -7.355678952109844731e-12 5.279399537072780880e-11 5.215832535087807494e-13 1.682855359639667875e-11 1.711815495332219740e-11 3.239838964567516235e-11 6.378199705095262384e-12 2.251958177319434416e-11 1.519103116024045762e-11 3.385536014950053006e-11 1.406818172106253721e-11 -9.341092553869268978e-12 -4.490624066040454217e-12 -2.057378574616388376e-12 -2.359422000038984038e-11 -3.666542330878802072e-12
-2.583086404503957087e-10 3.044995843009493387e-09 2.634925349462795394e-10 6.031709967705437914e-11 1.232917116447190520e-10 1.364944672232403167e-10 -2.917956228370839898e-11 -4.174934323279178544e-11 -8.841186268187954968e-11 -1.905573826939268758e-11 -2.588257737000927470e-11 -5.102170706293298525e-11 -2.033714043744335930e-11 1.410339041892058519e-12 1.954651291839263208e-11 -2.240332719999911427e-11 -7.920476475075809585e-12 -1.124094943827541776e-11 -2.186169508440798678e-11 -3.022122041569135709e-12 1.656202369646529312e-11 1.515823398231099222e-11 8.110379846746762805e-12 8.899747889836592886e-12 1.281322955088484664e-12 -1.786098266466775767e-11
-3.074722062079258245e-10 2.634925349462795394e-10 2.192172835157923879e-09 -8.441171588253127122e-11 -6.092975726632289427e-11 1.310516597627576705e-11 4.352635605293201163e-11 -1.496664817032406028e-11 1.307661093956996505e-11 5.946670023778398587e-11 6.081463334177542925e-11 1.158882979727898159e-11 2.209563626054766070e-11 6.842355125097276875e-12 2.220693050563132813e-11 -1.053918679027590607e-11 8.773978904675979616e-12 -1.145834883097215281e-11 -7.261745368394922810e-12 -5.555750382280377498e-12 -1.493911354028648529e-11 1.741202615493428894e-12 1.931712316356404244e-12 9.998837112642463870e-12 4.207054850396285252e-12 -8.553430115412365108e-12
-1.388822215233154257e-10 6.031709967705437914e-11 -8.441171588253127122e-11 1.266684191275905069e-09 8.113670265716744096e-11 7.007982978091573215e-11 2.751434325191212041e-11 7.530756356910317432e-11 1.710575609459640930e-11 -5.088044773178596564e-11 -2.799801585770426361e-11 -1.117230967212555211e-11 -1.484237948681796345e-11 -9.519986330860368661e-12 -2.441547480964417299e-11 -4.913224556296205737e-12 -5.811788270288770639e-12 -1.820862478102360954e-11 -2.118415430877628494e-11 -1.535011008520233294e-11 -2.135100797337741127e-12 -4.814492713181734116e-12 5.385146558842673797e-12 5.132864494665454245e-12 -5.632128780135936407e-12 1.732967181058153495e-12
-5.028838787431951706e-11 1.232917116447190520e-10 -6.092975726632289427e-11 8.113670265716744096e-11 8.169882628535998107e-10 8.801548839939333098e-11 2.962715444048048479e-11 2.248134713442102584e-11 5.323124304028205297e-12 1.040973233299586631e-11 -1.667215074464554178e-11 -8.490242300088096850e-12 9.081623489103316572e-12 4.076118383035168326e-12 4.255407872416249986e-12 1.128139133034037801e-11 -1.680822751282566232e-12 2.947492796264470928e-12 5.247833985843358520e-12 -4.111933169306734397e-12 -1.129914921354923693e-11 -1.180624911329087837e-11 3.565152231623452544e-12 -1.982155946457114898e-13 6.853953656271156499e-13 -3.806583748569684225e-12
-1.780341841811704384e-11 1.364944672232403167e-10 1.310516597627576705e-11 7.007982978091573215e-11 8.801548839939333098e-11 5.379319966301085144e-10 1.526182019242343737e-11 2.508717027885516711e-12 6.263458364559824234e-13 2.034868598999538329e-11 6.044264042292652000e-12 -1.631294233113756815e-11 -2.166889329595875950e-11 -7.158130857855051288e-12 -1.674603221932530508e-11 -1.003525681564789072e-11 7.541600881879269976e-12 -4.115889185555802524e-12 4.108173331694767460e-12 4.397306107913197219e-12 1.483405573941996160e-11 5.294945866372749975e-12 8.977547918093957786e-12 1.714632380971687951e-12 2.028004103541931429e-12 -5.211977776385428268e-12
1.972778362724383268e-11 -2.917956228370839898e-11 4.352635605293201163e-11 2.751434325191212041e-11 2.962715444048048479e-11 1.526182019242343737e-11 3.757067690713327247e-10 4.551642808375144997e-11 2.249459675966937668e-11 2.003450010129375325e-11 1.647987671401574261e-11 2.873014524397434346e-12 -6.253444294808584302e-12 -2.020426599834053272e-11 -1.894729504312824616e-11 -1.882589418693868511e-11 -3.457894437922854949e-12 -6.297031509598919661e-14 -4.183338119792859424e-13 3.460616919388037959e-13 -3.195519442683526604e-14 9.335738886509807278e-14 4.675796070951021265e-12 1.207962727970008138e-11 -1.062263640941100620e-13 3.620055715696888050e-12
-1.013900739106155761e-10 -4.174934323279178544e-11 -1.496664817032406028e-11 7.530756356910317432e-11 2.248134713442102584e-11 2.508717027885516711e-12 4.551642808375144997e-11 2.569193898122717735e-10 4.710636385090440470e-11 7.656331754341166389e-12 3.825368668154013264e-12 -5.466002878292072590e-12 -2.053269563108609389e-12 -2.035428186763174839e-12 -8.843774222995034157e-12 -2.076698125488687597e-12 -1.342862047628969903e-11 -9.148830714704515810e-12 -3.530639844015641400e-12 -3.537163459174043501e-12 5.583424646942538821e-12 -2.742747026864816592e-12 -6.016685477789506568e-13 -1.575552284083607951e-12 5.906399782837801893e-12 1.471350482665320630e-12
-6.165722564452444211e-11 -8.841186268187954968e-11 1.307661093956996505e-11 1.710575609459640930e-11 5.323124304028205297e-12 6.263458364559824234e-13 2.249459675966937668e-11 4.710636385090440470e-11 1.921724130123583732e-10 2.212833237634476933e-11 -3.673041001807028191e-12 1.048101173706445566e-11 -3.254461344349541979e-12 1.123071675426803040e-11 -9.039699771510983493e-13 -1.958686338032091516e-12 -1.349877549672958816e-12 -8.740795463808998254e-13 5.190982202938964051e-12 2.137200014233493317e-12 1.218828700883561599e-12 -1.964843494724717377e-12 -6.263116379651815370e-12 -8.080340894829073457e-12 1.365977091503337612e-12 4.482538207161116803e-12
2.452250926927726551e-11 -1.905573826939268758e-11 5.946670023778398587e-11 -5.088044773178596564e-11 1.040973233299586631e-11 2.034868598999538329e-11 2.003450010129375325e-11 7.656331754341166389e-12 2.212833237634476933e-11 1.362731869978143266e-10 3.032161318725984086e-11 2.009889407859746273e-11 1.139371416045623089e-11 2.858461454826316498e-12 2.884385726814383058e-12 1.587581404674863119e-12 2.595819162887797519e-12 6.823839049159023070e-12 4.379471029622337269e-12 7.640500391699357498e-12 -2.146894797196553938e-12 -5.237295767058904655e-13 -3.472444194293431300e-12 -2.220860390791842909e-12 3.021390437569951453e-12 1.921758405250435201e-12
-7.355678952109844731e-12 -2.588257737000927470e-11 6.081463334177542925e-11 -2.799801585770426361e-11 -1.667215074464554178e-11 6.044264042292652000e-12 1.647987671401574261e-11 3.825368668154013264e-12 -3.673041001807028191e-12 3.032161318725984086e-11 1.023098995329203572e-10 2.645646552137688035e-11 1.639814014914668921e-11 5.144080129447179952e-12 4.589647994091519964e-12 3.584550025157589744e-12 -9.113473139929099611e-14 2.353497730235139580e-12 1.867302045803856037e-12 3.332045826700147507e-12 -3.226872005520158622e-12 -5.602605275226352030e-12 1.459384771203538678e-13 1.309434073991111309e-13 1.229986886451494162e-12 5.761478969760845822e-13
5.279399537072780880e-11 -5.102170706293298525e-11 1.158882979727898159e-11 -1.117230967212555211e-11 -8.490242300088096850e-12 -1.631294233113756815e-11 2.873014524397434346e-12 -5.466002878292072590e-12 1.048101173706445566e-11 2.009889407859746273e-11 2.645646552137688035e-11 7.684663688377684797e-11 2.650283277999284608e-11 1.127884681204432196e-11 2.320303738131868503e-12 8.980342617407471506e-12 6.942288895346648277e-12 4.500012875471360442e-12 5.426750115472416318e-12 2.624380015995238126e-12 -5.736981579050205209e-12 -5.313855119687882205e-12 -4.268309856609055489e-12 3.137736913530570665e-13 1.698645433445817402e-12 8.196241434091253160e-13
5.215832535087807494e-13 -2.033714043744335930e-11 2.209563626054766070e-11 -1.484237948681796345e-11 9.081623489103316572e-12 -2.166889329595875950e-11 -6.253444294808584302e-12 -2.053269563108609389e-12 -3.254461344349541979e-12 1.139371416045623089e-11 1.639814014914668921e-11 2.650283277999284608e-11 5.909854485422613027e-11 2.511242404497812476e-11 8.388108140164334238e-12 9.593692676480660584e-12 4.674667929407988864e-12 1.653118458484336453e-12 3.304305393368047383e-12 2.209137162875703166e-12 -2.508919664786455636e-12 -2.704261786234907883e-12 -1.499405972794570958e-12 -3.288281210077646906e-13 3.148648635059976671e-12 1.203664277256278491e-13
1.682855359639667875e-11 1.410339041892058519e-12 6.842355125097276875e-12 -9.519986330860368661e-12 4.076118383035168326e-12 -7.158130857855051288e-12 -2.020426599834053272e-11 -2.035428186763174839e-12 1.123071675426803040e-11 2.858461454826316498e-12 5.144080129447179952e-12 1.127884681204432196e-11 2.511242404497812476e-11 5.314304359464584989e-11 2.146855934380060280e-11 1.376750272076763509e-11 6.043527069528431000e-12 1.812058741564782023e-12 1.807844328058458483e-12 -6.541181280347666046e-13 -2.327815065160134543e-12 1.300718124729799679e-13 4.636603205327107852e-13 -1.203614124474886437e-12 2.119816923817888617e-12 -3.176222833368846150e-13
1.711815495332219740e-11 1.954651291839263208e-11 2.220693050563132813e-11 -2.441547480964417299e-11 4.255407872416249986e-12 -1.674603221932530508e-11 -1.894729504312824616e-11 -8.843774222995034157e-12 -9.039699771510983493e-13 2.884385726814383058e-12 4.589647994091519964e-12 2.320303738131868503e-12 8.388108140164334238e-12 2.146855934380060280e-11 4.078782967822495477e-11 1.880331039217276832e-11 6.174702394450102872e-12 4.355467502811321128e-12 1.556875129393242202e-12 -1.305545715618280446e-12 -5.239931651991498325e-12 -9.800048219430637985e-13 1.913354047575427840e-12 1.309142580370785657e-12 -2.791006219513681957e-13 -8.742546328675720679e-13
3.239838964567516235e-11 -2.240332719999911427e-11 -1.053918679027590607e-11 -4.913224556296205737e-12 1.128139133034037801e-11 -1.003525681564789072e-11 -1.882589418693868511e-11 -2.076698125488687597e-12 -1.958686338032091516e-12 1.587581404674863119e-12 3.584550025157589744e-12 8.980342617407471506e-12 9.593692676480660584e-12 1.376750272076763509e-11 1.880331039217276832e-11 3.679336264526107314e-11 1.744951173232250996e-11 1.076768310225093514e-11 5.064182956153537963e-12 2.178426957563007150e-12 -2.814527014053387449e-12 -3.260616600319644269e-12 -1.533113081971452429e-12 -1.176653576664142478e-12 -1.368524337024986675e-12 -1.353484260636152903e-12
6.378199705095262384e-12 -7.920476475075809585e-12 8.773978904675979616e-12 -5.811788270288770639e-12 -1.680822751282566232e-12 7.541600881879269976e-12 -3.457894437922854949e-12 -1.342862047628969903e-11 -1.349877549672958816e-12 2.595819162887797519e-12 -9.113473139929099611e-14 6.942288895346648277e-12 4.674667929407988864e-12 6.043527069528431000e-12 6.174702394450102872e-12 1.744951173232250996e-11 3.157125995228649451e-11 1.620994682776641730e-11 8.449405110366081670e-12 4.771772141013086947e-12 -1.726547657136437329e-13 -3.377508885548200781e-13 -3.206882002551195258e-13 -9.358058101017913927e-13 -3.218849320788620923e-13 -1.646775990368024392e-13
2.251958177319434416e-11 -1.124094943827541776e-11 -1.145834883097215281e-11 -1.820862478102360954e-11 2.947492796264470928e-12 -4.115889185555802524e-12 -6.297031509598919661e-14 -9.148830714704515810e-12 -8.740795463808998254e-13 6.823839049159023070e-12 2.353497730235139580e-12 4.500012875471360442e-12 1.653118458484336453e-12 1.812058741564782023e-12 4.355467502811321128e-12 1.076768310225093514e-11 1.620994682776641730e-11 2.345970969709140945e-11 1.383776134642209102e-11 6.286251462050907806e-12 7.304591615165953637e-13 -1.202238424511733454e-12 -1.547686179022786977e-12 -1.373943431012866202e-12 -4.130963225658941995e-13 1.832936587011901907e-13
1.519103116024045762e-11 -2.186169508440798678e-11 -7.261745368394922810e-12 -2.118415430877628494e-11 5.247833985843358520e-12 4.108173331694767460e-12 -4.183338119792859424e-13 -3.530639844015641400e-12 5.190982202938964051e-12 4.379471029622337269e-12 1.867302045803856037e-12 5.426750115472416318e-12 3.304305393368047383e-12 1.807844328058458483e-12 1.556875129393242202e-12 5.064182956153537963e-12 8.449405110366081670e-12 1.383776134642209102e-11 2.736202519291193370e-11 1.298491818206314957e-11 4.449321390814046882e-12 3.979169770474169826e-14 -2.472933626333801392e-12 -2.906650832912461592e-12 -4.338397195062418339e-13 -1.303066872317465828e-12
3.385536014950053006e-11 -3.022122041569135709e-12 -5.555750382280377498e-12 -1.535011008520233294e-11 -4.111933169306734397e-12 4.397306107913197219e-12 3.460616919388037959e-13 -3.537163459174043501e-12 2.137200014233493317e-12 7.640500391699357498e-12 3.332045826700147507e-12 2.624380015995238126e-12 2.209137162875703166e-12 -6.541181280347666046e-13 -1.305545715618280446e-12 2.178426957563007150e-12 4.771772141013086947e-12 6.286251462050907806e-12 1.298491818206314957e-11 2.289802352532763968e-11 1.042250920805974954e-11 2.994479962142000389e-12 -7.881139314292784819e-13 -2.529818966469644632e-12 -2.077405089520451373e-12 -1.259677217097976479e-12
1.406818172106253721e-11 1.656202369646529312e-11 -1.493911354028648529e-11 -2.135100797337741127e-12 -1.129914921354923693e-11 1.483405573941996160e-11 -3.195519442683526604e-14 5.583424646942538821e-12 1.218828700883561599e-12 -2.146894797196553938e-12 -3.226872005520158622e-12 -5.736981579050205209e-12 -2.508919664786455636e-12 -2.327815065160134543e-12 -5.239931651991498325e-12 -2.814527014053387449e-12 -1.726547657136437329e-13 7.304591615165953637e-13 4.449321390814046882e-12 1.042250920805974954e-11 2.210208282404023409e-11 1.038812727969103630e-11 1.473921891454664805e-12 -3.288437125249083578e-12 -1.134169016072898046e-12 -1.949405551410407696e-12
-9.341092553869268978e-12 1.515823398231099222e-11 1.741202615493428894e-12 -4.814492713181734116e-12 -1.180624911329087837e-11 5.294945866372749975e-12 9.335738886509807278e-14 -2.742747026864816592e-12 -1.964843494724717377e-12 -5.237295767058904655e-13 -5.602605275226352030e-12 -5.313855119687882205e-12 -2.704261786234907883e-12 1.300718124729799679e-13 -9.800048219430637985e-13 -3.260616600319644269e-12 -3.377508885548200781e-13 -1.202238424511733454e-12 3.979169770474169826e-14 2.994479962142000389e-12 1.038812727969103630e-11 2.150792248558091849e-11 8.487981229007208469e-12 6.401822661802183287e-13 -1.130960428458284725e-12 -8.948094288501715059e-13
-4.490624066040454217e-12 8.110379846746762805e-12 1.931712316356404244e-12 5.385146558842673797e-12 3.565152231623452544e-12 8.977547918093957786e-12 4.675796070951021265e-12 -6.016685477789506568e-13 -6.263116379651815370e-12 -3.472444194293431300e-12 1.459384771203538678e-13 -4.268309856609055489e-12 -1.499405972794570958e-12 4.636603205327107852e-13 1.913354047575427840e-12 -1.533113081971452429e-12 -3.206882002551195258e-13 -1.547686179022786977e-12 -2.472933626333801392e-12 -7.881139314292784819e-13 1.473921891454664805e-12 8.487981229007208469e-12 1.891172999047537011e-11 9.424524299322552782e-12 -1.468108861409355134e-12 -9.341223195286582581e-13
-2.057378574616388376e-12 8.899747889836592886e-12 9.998837112642463870e-12 5.132864494665454245e-12 -1.982155946457114898e-13 1.714632380971687951e-12 1.207962727970008138e-11 -1.575552284083607951e-12 -8.080340894829073457e-12 -2.220860390791842909e-12 1.309434073991111309e-13 3.137736913530570665e-13 -3.288281210077646906e-13 -1.203614124474886437e-12 1.309142580370785657e-12 -1.176653576664142478e-12 -9.358058101017913927e-13 -1.373943431012866202e-12 -2.906650832912461592e-12 -2.529818966469644632e-12 -3.288437125249083578e-12 6.401822661802183287e-13 9.424524299322552782e-12 1.507848456366673663e-11 1.311950034420601763e-12 -2.870817761659380732e-13
-2.359422000038984038e-11 1.281322955088484664e-12 4.207054850396285252e-12 -5.632128780135936407e-12 6.853953656271156499e-13 2.028004103541931429e-12 -1.062263640941100620e-13 5.906399782837801893e-12 1.365977091503337612e-12 3.021390437569951453e-12 1.229986886451494162e-12 1.698645433445817402e-12 3.148648635059976671e-12 2.119816923817888617e-12 -2.791006219513681957e-13 -1.368524337024986675e-12 -3.218849320788620923e-13 -4.130963225658941995e-13 -4.338397195062418339e-13 -2.077405089520451373e-12 -1.134169016072898046e-12 -1.130960428458284725e-12 -1.468108861409355134e-12 1.311950034420601763e-12 1.030834531736188200e-11 2.477384497071362865e-12
-3.666542330878802072e-12 -1.786098266466775767e-11 -8.553430115412365108e-12 1.732967181058153495e-12 -3.806583748569684225e-12 -5.211977776385428268e-12 3.620055715696888050e-12 1.471350482665320630e-12 4.482538207161116803e-12 1.921758405250435201e-12 5.761478969760845822e-13 8.196241434091253160e-13 1.203664277256278491e-13 -3.176222833368846150e-13 -8.742546328675720679e-13 -1.353484260636152903e-12 -1.646775990368024392e-13 1.832936587011901907e-13 -1.303066872317465828e-12 -1.259677217097976479e-12 -1.949405551410407696e-12 -8.948094288501715059e-13 -9.341223195286582581e-13 -2.870817761659380732e-13 2.477384497071362865e-12 8.794364229183479798e-12
