2.720402800929638820e-09 1.366095729037279765e-10 2.321889662758584133e-10 -1.244183563629589973e-10 7.245430585306898720e-12 1.948548727983683730e-11 2.103607871930280629e-11 1.086487457936871618e-11 1.738210598713969483e-12 -3.112889097443492296e-11 -6.645035028654236521e-11 3.761877325246479418e-11 -1.652053608663382191e-11 1.298543267562412662e-11 1.002395542116779280e-11 1.143241202914162882e-11 -1.974667193999041607e-11 -2.439868334643140906e-11 -1.873666260385771243e-11 -1.797442444771379255e-11 -3.726063602345325665e-12 -2.509599962720278953e-12 1.366594697467370695e-12 1.208577699064008959e-12 -5.160223443130284774e-13 -2.937999231335122825e-12
1.366095729037279765e-10 2.059073764306036541e-09 -6.436011974785460779e-11 -6.200431035512462399e-11 3.338021287173623574e-11 6.537162507742069700e-11 2.877397273574376388e-11 -3.592724592181165624e-12 1.640716874062665136e-11 -6.170953173306931619e-12 -1.911174497990823525e-12 1.709494869563510001e-11 -6.140555427800404640e-12 5.875665658447988788e-12 2.696703590064858051e-11 3.972220576756199579e-11 1.850682393377719444e-11 -1.666159395482071263e-12 3.039859519912623211e-12 -1.085856406799844690e-11 -9.847518253705495128e-12 -9.228859795169382557e-12 -4.044775208253940270e-12 -5.248414395838953115e-12 2.332249343033422592e-12 2.438483734153095230e-12
2.321889662758584133e-10 -6.436011974785460779e-11 1.209561649850255305e-09 3.232723043964092197e-11 -7.814128687524714117e-11 2.206274628174298142e-11 6.512116758637146826e-11 7.261473309420245475e-12 -8.140389725084794145e-12 3.170339752487748698e-11 2.859447658248682949e-11 2.627745131130169199e-11 2.172485305957519035e-12 1.768198268784895156e-12 8.202552418229671087e-12 -9.498451424861267712e-12 2.286048414526598388e-12 4.582505915549922044e-12 1.078626381847941673e-12 5.657690739878094905e-12 8.977478491543404002e-12 1.255638833113646504e-11 5.864374433251560104e-12 1.126933523006785631e-11 3.433101310512164559e-12 4.533745141817630931e-12
-1.244183563629589973e-10 -6.200431035512462399e-11 3.232723043964092197e-11 7.755039158737188557e-10 6.321353432042117203e-11 5.392366096592146076e-12 -1.021532194925327447e-11 -1.642363859913151537e-11 2.717719568678326707e-12 -8.306630580155992096e-12 2.807177742426539646e-11 5.599386308447645739e-12 -8.535728424522586248e-13 9.499714790397429969e-13 2.593937919133788744e-12 -3.791281564022363788e-12 -3.677056831463428020e-12 7.600114932835535430e-12 -1.468236286395071454e-11 -5.946388378829643016e-12 8.215614328722597948e-12 6.946465185891629324e-12 4.919664567248558614e-12 9.531127675630451245e-12 -3.368614191532706340e-12 -7.857560478743923219e-13
7.245430585306898720e-12 3.338021287173623574e-11 -7.814128687524714117e-11 6.321353432042117203e-11 5.915761707386124586e-10 3.756382320590357592e-11 -5.290262884204075997e-12 3.328009635344598863e-11 6.371839802029025903e-12 -1.222376512361279604e-11 7.515239971941974446e-12 -1.884580530672986408e-11 -2.648756686807221596e-11 -9.736683354544151666e-15 5.562924802438553117e-13 -6.999662150859270730e-12 -5.395701348961312064e-12 4.243619720925241144e-13 6.473416059233535095e-12 -3.224174953907558010e-12 -1.956759639797058778e-12 -1.941064111868082239e-12 -2.593015781703336961e-12 -1.040471876924567467e-11 -3.504669036429705936e-12 2.103661356397445065e-12
1.948548727983683730e-11 6.537162507742069700e-11 2.206274628174298142e-11 5.392366096592146076e-12 3.756382320590357592e-11 4.030679252711611735e-10 5.656283619189942548e-11 1.871163950809057495e-11 3.699437177102323937e-11 2.223167150171312900e-12 1.043077615260397619e-11 2.885943416856507518e-12 -9.096551172688802358e-12 -3.421136521683436413e-12 9.517599736806455107e-12 5.720163860769428644e-12 5.759993787145140872e-12 2.532453078284437688e-12 3.765193230265075158e-12 5.390269909003854662e-12 -1.550826409176974672e-12 6.981219477434282394e-13 -1.099257684817396911e-12 -3.553938873755304676e-12 6.811066846759548199e-13 -5.600940219584658648e-13
2.103607871930280629e-11 2.877397273574376388e-11 6.512116758637146826e-11 -1.021532194925327447e-11 -5.290262884204075997e-12 5.656283619189942548e-11 2.810052925118508235e-10 2.123199077892807103e-11 1.218307246595117716e-12 6.481708398645792791e-12 1.697299202817226503e-12 4.766954023515693356e-12 2.982031473886423459e-12 -4.465580981819063913e-12 5.836972121536765555e-12 1.398748789893563727e-11 1.356435460816674559e-11 7.806217591807838342e-12 1.282741746322253503e-11 5.212749881114427713e-12 1.549997617796015081e-12 -1.037933915601359456e-12 -7.550696952838442386e-13 -4.868824395846404606e-12 -1.105512784591975870e-12 -2.590636389849682352e-12
1.086487457936871618e-11 -3.592724592181165624e-12 7.261473309420245475e-12 -1.642363859913151537e-11 3.328009635344598863e-11 1.871163950809057495e-11 2.123199077892807103e-11 1.593650016353171464e-10 1.383293175460114683e-11 9.493995981586026411e-12 -7.790493056946124795e-12 -2.626251578074227796e-12 2.747196572793004062e-12 8.746019678223320233e-12 9.470891579762825942e-12 2.599471431374074919e-12 -6.122550654843824638e-12 3.443518713965159126e-13 4.879405212475001787e-12 -1.666543316732221368e-13 7.617790886699150937e-13 -5.711796615528903183e-13 2.251165831164873710e-12 2.303454702185954956e-12 2.069242758380595066e-12 7.174105574949743611e-13
1.738210598713969483e-12 1.640716874062665136e-11 -8.140389725084794145e-12 2.717719568678326707e-12 6.371839802029025903e-12 3.699437177102323937e-11 1.218307246595117716e-12 1.383293175460114683e-11 1.205138292420773138e-10 1.966925726609764979e-11 8.999665063033107947e-12 8.446406777340195644e-12 -4.549245486472157859e-12 -2.777208417034087059e-12 -4.946052540207826792e-12 -3.512251341901261703e-12 -2.171953642961231721e-12 -7.045187759843009957e-12 -1.358590530683026733e-12 -2.402098182761050966e-12 -1.783880281521013155e-12 8.574513749976226461e-14 -1.101712465762968584e-12 -7.102100640362864390e-13 1.431890607487598529e-12 1.725528200776947556e-12
-3.112889097443492296e-11 -6.170953173306931619e-12 3.170339752487748698e-11 -8.306630580155992096e-12 -1.222376512361279604e-11 2.223167150171312900e-12 6.481708398645792791e-12 9.493995981586026411e-12 1.966925726609764979e-11 9.184146257061296178e-11 1.196932748080499078e-11 1.076938215142126182e-11 5.078524555621699434e-12 3.990899776593992954e-12 1.692645368878737470e-12 3.994718170801040090e-12 -2.202399203094389703e-12 -3.415476393371148898e-12 7.940144490237270093e-14 -3.166750323359375706e-13 1.432495166674068319e-12 3.351525897852067226e-12 2.879109639993556990e-12 1.584682574868519420e-12 1.784219874410906013e-12 1.194592567854812590e-12
-6.645035028654236521e-11 -1.911174497990823525e-12 2.859447658248682949e-11 2.807177742426539646e-11 7.515239971941974446e-12 1.043077615260397619e-11 1.697299202817226503e-12 -7.790493056946124795e-12 8.999665063033107947e-12 1.196932748080499078e-11 7.087690278471706334e-11 1.974920084495388038e-11 1.016342393226340204e-11 9.575119180853315480e-14 8.568341387014862623e-13 2.089366259863975696e-13 1.753313664998174531e-12 -1.178515112393285337e-12 1.221127883591879032e-12 -2.598246703038225983e-13 -1.020856930393882808e-12 -1.297504344186131541e-12 3.432715547443580641e-13 1.420445599304638126e-12 4.788435041662727771e-13 1.085003794013206902e-12
3.761877325246479418e-11 1.709494869563510001e-11 2.627745131130169199e-11 5.599386308447645739e-12 -1.884580530672986408e-11 2.885943416856507518e-12 4.766954023515693356e-12 -2.626251578074227796e-12 8.446406777340195644e-12 1.076938215142126182e-11 1.974920084495388038e-11 4.749677449323808925e-11 1.102707796109684716e-11 5.818999007026758316e-12 4.828415196451608222e-12 1.716027649511095834e-12 1.206778543237760127e-12 -2.697071022945515219e-13 9.417198269204105102e-13 -1.232327241652297517e-12 -3.561673944379492588e-13 9.568893202572775520e-13 -8.324665819158791123e-13 1.438730662677707767e-12 2.081806664876606307e-12 5.331141092461615574e-13
-1.652053608663382191e-11 -6.140555427800404640e-12 2.172485305957519035e-12 -8.535728424522586248e-13 -2.648756686807221596e-11 -9.096551172688802358e-12 2.982031473886423459e-12 2.747196572793004062e-12 -4.549245486472157859e-12 5.078524555621699434e-12 1.016342393226340204e-11 1.102707796109684716e-11 3.983991764949709115e-11 1.305129161229145026e-11 3.983872602979600647e-12 3.633466395025888537e-12 2.180303304914190804e-13 2.723530158908976620e-12 2.684354323138999566e-12 2.494652016879629759e-12 -6.144119205983004458e-13 -1.141977607761483120e-12 1.153984992730581231e-13 7.365128052127342055e-14 3.057692193259697097e-13 -1.546533385810547224e-12
1.298543267562412662e-11 5.875665658447988788e-12 1.768198268784895156e-12 9.499714790397429969e-13 -9.736683354544151666e-15 -3.421136521683436413e-12 -4.465580981819063913e-12 8.746019678223320233e-12 -2.777208417034087059e-12 3.990899776593992954e-12 9.575119180853315480e-14 5.818999007026758316e-12 1.305129161229145026e-11 3.148705877255796758e-11 1.085252064260327287e-11 5.053446323482341215e-12 -4.982744473544298225e-13 2.038819005546152120e-12 1.714660870202035980e-12 5.506381765496034463e-13 -3.358900125688122764e-14 -1.057627627026754716e-12 -6.842914003397727223e-13 -8.697604044212867863e-13 2.791091754723477336e-13 1.200193695372648482e-13
1.002395542116779280e-11 2.696703590064858051e-11 8.202552418229671087e-12 2.593937919133788744e-12 5.562924802438553117e-13 9.517599736806455107e-12 5.836972121536765555e-12 9.470891579762825942e-12 -4.946052540207826792e-12 1.692645368878737470e-12 8.568341387014862623e-13 4.828415196451608222e-12 3.983872602979600647e-12 1.085252064260327287e-11 2.566336039556319024e-11 1.110257186800871459e-11 5.134899025125137022e-12 1.799528590447513820e-12 1.054437693232578312e-12 1.023122082334618592e-13 -6.894671456469774605e-14 -5.387790236969849467e-13 6.767906299548939050e-13 9.876257434378205727e-13 1.328101456949384639e-12 -7.932446294690974413e-14
1.143241202914162882e-11 3.972220576756199579e-11 -9.498451424861267712e-12 -3.791281564022363788e-12 -6.999662150859270730e-12 5.720163860769428644e-12 1.398748789893563727e-11 2.599471431374074919e-12 -3.512251341901261703e-12 3.994718170801040090e-12 2.089366259863975696e-13 1.716027649511095834e-12 3.633466395025888537e-12 5.053446323482341215e-12 1.110257186800871459e-11 2.227343130336535310e-11 9.194988729156265370e-12 3.576373337042200308e-12 1.795071617476079727e-12 9.985078483237044777e-13 7.360326486970353985e-13 -7.337817337320715677e-13 -2.436272552539662407e-14 5.723797664269305978e-13 1.048558242149363230e-12 1.128043264646948237e-13
-1.974667193999041607e-11 1.850682393377719444e-11 2.286048414526598388e-12 -3.677056831463428020e-12 -5.395701348961312064e-12 5.759993787145140872e-12 1.356435460816674559e-11 -6.122550654843824638e-12 -2.171953642961231721e-12 -2.202399203094389703e-12 1.753313664998174531e-12 1.206778543237760127e-12 2.180303304914190804e-13 -4.982744473544298225e-13 5.134899025125137022e-12 9.194988729156265370e-12 2.110562123574763867e-11 8.198595692492780345e-12 3.871809255120380681e-12 1.921711883612496061e-12 1.008306255055939372e-12 4.239395121902549195e-13 1.458586672518093390e-13 8.163611351007173639e-14 6.957773837892189726e-14 -2.527428742221938861e-13
-2.439868334643140906e-11 -1.666159395482071263e-12 4.582505915549922044e-12 7.600114932835535430e-12 4.243619720925241144e-13 2.532453078284437688e-12 7.806217591807838342e-12 3.443518713965159126e-13 -7.045187759843009957e-12 -3.415476393371148898e-12 -1.178515112393285337e-12 -2.697071022945515219e-13 2.723530158908976620e-12 2.038819005546152120e-12 1.799528590447513820e-12 3.576373337042200308e-12 8.198595692492780345e-12 1.381372372258700304e-11 5.467366831609135271e-12 2.807400256977650630e-12 7.275752469591978364e-13 1.636860927394289412e-13 -6.101205128089267378e-13 6.872936983833293201e-13 2.734593162504683356e-13 -2.183808712064265851e-14
-1.873666260385771243e-11 3.039859519912623211e-12 1.078626381847941673e-12 -1.468236286395071454e-11 6.473416059233535095e-12 3.765193230265075158e-12 1.282741746322253503e-11 4.879405212475001787e-12 -1.358590530683026733e-12 7.940144490237270093e-14 1.221127883591879032e-12 9.417198269204105102e-13 2.684354323138999566e-12 1.714660870202035980e-12 1.054437693232578312e-12 1.795071617476079727e-12 3.871809255120380681e-12 5.467366831609135271e-12 1.135317838700890652e-11 4.749557228054308899e-12 7.819212562975780137e-13 8.617016295003611506e-14 3.624541248809844858e-13 5.512959527024676915e-13 -1.546777998665903131e-13 4.986549794612267548e-15
-1.797442444771379255e-11 -1.085856406799844690e-11 5.657690739878094905e-12 -5.946388378829643016e-12 -3.224174953907558010e-12 5.390269909003854662e-12 5.212749881114427713e-12 -1.666543316732221368e-13 -2.402098182761050966e-12 -3.166750323359375706e-13 -2.598246703038225983e-13 -1.232327241652297517e-12 2.494652016879629759e-12 5.506381765496034463e-13 1.023122082334618592e-13 9.985078483237044777e-13 1.921711883612496061e-12 2.807400256977650630e-12 4.749557228054308899e-12 7.605978291654250165e-12 2.901241398349013600e-12 8.075611209200180497e-13 2.530377649500557822e-13 3.207586783383279642e-13 -1.472156574051440883e-13 2.576905613533346660e-13
-3.726063602345325665e-12 -9.847518253705495128e-12 8.977478491543404002e-12 8.215614328722597948e-12 -1.956759639797058778e-12 -1.550826409176974672e-12 1.549997617796015081e-12 7.617790886699150937e-13 -1.783880281521013155e-12 1.432495166674068319e-12 -1.020856930393882808e-12 -3.561673944379492588e-13 -6.144119205983004458e-13 -3.358900125688122764e-14 -6.894671456469774605e-14 7.360326486970353985e-13 1.008306255055939372e-12 7.275752469591978364e-13 7.819212562975780137e-13 2.901241398349013600e-12 1.096854489785711636e-11 3.541875113591095914e-12 1.037163496670639228e-12 3.495259543901691749e-13 -7.710416140970321269e-14 -7.259470965896483531e-14
-2.509599962720278953e-12 -9.228859795169382557e-12 1.255638833113646504e-11 6.946465185891629324e-12 -1.941064111868082239e-12 6.981219477434282394e-13 -1.037933915601359456e-12 -5.711796615528903183e-13 8.574513749976226461e-14 3.351525897852067226e-12 -1.297504344186131541e-12 9.568893202572775520e-13 -1.141977607761483120e-12 -1.057627627026754716e-12 -5.387790236969849467e-13 -7.337817337320715677e-13 4.239395121902549195e-13 1.636860927394289412e-13 8.617016295003611506e-14 8.075611209200180497e-13 3.541875113591095914e-12 7.565631876738464467e-12 2.141717629731233723e-12 4.572543223061353465e-13 3.770734198033927323e-13 2.398048455720557539e-13
1.366594697467370695e-12 -4.044775208253940270e-12 5.864374433251560104e-12 4.919664567248558614e-12 -2.593015781703336961e-12 -1.099257684817396911e-12 -7.550696952838442386e-13 2.251165831164873710e-12 -1.101712465762968584e-12 2.879109639993556990e-12 3.432715547443580641e-13 -8.324665819158791123e-13 1.153984992730581231e-13 -6.842914003397727223e-13 6.767906299548939050e-13 -2.436272552539662407e-14 1.458586672518093390e-13 -6.101205128089267378e-13 3.624541248809844858e-13 2.530377649500557822e-13 1.037163496670639228e-12 2.141717629731233723e-12 4.875808712918570824e-12 1.328026362918440771e-12 1.626093882702850365e-13 1.249713818337847734e-13
1.208577699064008959e-12 -5.248414395838953115e-12 1.126933523006785631e-11 9.531127675630451245e-12 -1.040471876924567467e-11 -3.553938873755304676e-12 -4.868824395846404606e-12 2.303454702185954956e-12 -7.102100640362864390e-13 1.584682574868519420e-12 1.420445599304638126e-12 1.438730662677707767e-12 7.365128052127342055e-14 -8.697604044212867863e-13 9.876257434378205727e-13 5.723797664269305978e-13 8.163611351007173639e-14 6.872936983833293201e-13 5.512959527024676915e-13 3.207586783383279642e-13 3.495259543901691749e-13 4.572543223061353465e-13 1.328026362918440771e-12 5.410056412490782693e-12 1.381818001454928221e-12 6.857838265050116236e-13
-5.160223443130284774e-13 2.332249343033422592e-12 3.433101310512164559e-12 -3.368614191532706340e-12 -3.504669036429705936e-12 6.811066846759548199e-13 -1.105512784591975870e-12 2.069242758380595066e-12 1.431890607487598529e-12 1.784219874410906013e-12 4.788435041662727771e-13 2.081806664876606307e-12 3.057692193259697097e-13 2.791091754723477336e-13 1.328101456949384639e-12 1.048558242149363230e-12 6.957773837892189726e-14 2.734593162504683356e-13 -1.546777998665903131e-13 -1.472156574051440883e-13 -7.710416140970321269e-14 3.770734198033927323e-13 1.626093882702850365e-13 1.381818001454928221e-12 3.311464233274412596e-12 8.996854473234263770e-13
-2.937999231335122825e-12 2.438483734153095230e-12 4.533745141817630931e-12 -7.857560478743923219e-13 2.103661356397445065e-12 -5.600940219584658648e-13 -2.590636389849682352e-12 7.174105574949743611e-13 1.725528200776947556e-12 1.194592567854812590e-12 1.085003794013206902e-12 5.331141092461615574e-13 -1.546533385810547224e-12 1.200193695372648482e-13 -7.932446294690974413e-14 1.128043264646948237e-13 -2.527428742221938861e-13 -2.183808712064265851e-14 4.986549794612267548e-15 2.576905613533346660e-13 -7.259470965896483531e-14 2.398048455720557539e-13 1.249713818337847734e-13 6.857838265050116236e-13 8.996854473234263770e-13 2.391105248720958630e-12
