3.738947317946188141e-09 2.878900377177642785e-10 4.053013192221468281e-10 1.890945434906690979e-10 -1.286950642493680190e-10 -3.731028540543100448e-11 -7.716487222701624529e-11 -5.866625783914607128e-11 -5.545016881816254073e-11 5.568848901979756040e-12 2.887168194752443536e-11 9.153977345848374671e-12 4.473473673451090028e-11 2.128303690329663946e-11 5.898126174947470441e-13 -1.516073854836276789e-11 -2.181850556719417077e-11 -7.937629313005019595e-12 -4.691693714340112040e-12 -1.311449268167424099e-11 -1.354399809700296324e-11 1.333172635028318546e-11 -2.144760847968468657e-11 -2.973396310729696694e-12 3.031073972018207157e-12 3.385487666154471234e-12
2.878900377177642785e-10 2.604099982019784025e-09 -6.836164291691628172e-11 -1.752119405773714766e-11 1.182775453984778221e-10 6.378606545105832150e-11 4.893602294818712485e-11 6.453206715977525381e-11 6.188051007809968979e-12 -2.671397578165036089e-12 -5.750401531260703355e-12 7.293680490324998250e-12 -4.769964461225497393e-12 -5.769997675045609763e-12 -7.660759956788921840e-12 -3.630191564394381733e-12 4.363544677016218570e-11 4.388232155544307345e-11 -3.728318679641755565e-12 -1.144874751619014181e-11 -2.250590298454844243e-11 1.233444222894520458e-11 2.238456273118359599e-11 4.669985444346443237e-12 -9.894683158871663735e-12 7.862621488578928594e-12
4.053013192221468281e-10 -6.836164291691628172e-11 1.409059350929000230e-09 2.546295113693632459e-10 -3.725805895908800870e-11 -2.606131030021697529e-11 4.213799525290724952e-11 -2.654809590779764826e-11 2.622174579212802000e-11 2.172378365587611118e-12 3.726061313816606103e-12 1.079654233235742348e-11 2.777891167634705654e-11 2.921835825509910734e-11 4.026302454602375696e-12 -7.923888712721634865e-12 5.123685818048215769e-12 -4.470938863442610760e-12 -1.013387527566655099e-11 -9.119819850106007682e-12 -4.527098812996081062e-12 1.509170747990792175e-11 5.601087541830983098e-13 2.986997431325861940e-12 8.756303544330406529e-12 9.061763847360065952e-13
1.890945434906690979e-10 -1.752119405773714766e-11 2.546295113693632459e-10 9.501862889730494997e-10 1.027489888150068449e-10 6.709993737243824087e-11 8.410976811790065323e-11 2.127053704062662060e-12 1.477297317693804139e-11 2.490377794971777062e-11 1.993277026449144888e-11 2.865399072262139528e-11 1.730358815872652880e-11 2.264971417249688161e-11 -3.338548721466386425e-12 -1.027766633850244725e-11 -3.703934154463066246e-12 -1.753987360254185142e-11 -1.273736561886362179e-11 1.088647471030596245e-11 9.547228821078028978e-12 1.423497541585080019e-11 -8.329209467985531335e-12 -1.132747482598144491e-11 -4.487133741200773569e-12 2.065394884050977077e-12
-1.286950642493680190e-10 1.182775453984778221e-10 -3.725805895908800870e-11 1.027489888150068449e-10 6.191147184061926148e-10 5.945804916741197155e-11 6.984749120372457051e-11 4.411388959548815600e-11 2.764453647462537124e-11 2.364431439780507419e-11 2.717903613754923004e-11 2.454228317199938670e-11 5.133869412643556103e-12 3.898591807451945415e-12 7.844714902493252425e-13 -1.429180529369606622e-11 4.430611094932864505e-12 5.511329339327644380e-12 -1.567752144842638022e-12 2.848715572386004931e-12 -7.221573990220619425e-12 2.237091358227027386e-12 -1.337302582227221040e-12 -7.368494157169149541e-12 -8.512863391505349410e-14 -6.281656455737551804e-13
-3.731028540543100448e-11 6.378606545105832150e-11 -2.606131030021697529e-11 6.709993737243824087e-11 5.945804916741197155e-11 4.205070746190471148e-10 4.147537504427004164e-11 6.019481702539329255e-12 1.966736585463430327e-11 3.220836636037263478e-12 -7.106419891899021078e-12 1.573618519746340892e-11 1.381731529677980531e-11 3.139851418680850454e-12 4.023294812197823275e-12 -9.632869018599354545e-13 7.562456263681992559e-12 6.144459485026693173e-12 4.043352998779147602e-13 -8.525488435038532401e-12 -8.473861869128907762e-12 -1.794601284697590827e-12 3.577593950291299412e-12 5.682397386055765074e-12 -4.651448270727666208e-13 -3.690447393835840791e-12
-7.716487222701624529e-11 4.893602294818712485e-11 4.213799525290724952e-11 8.410976811790065323e-11 6.984749120372457051e-11 4.147537504427004164e-11 2.988616904115486393e-10 3.605166759189714615e-11 6.486989577936311608e-12 9.369501571529555371e-13 1.312113014311194944e-11 1.116224295037853771e-11 7.232879839741552913e-12 1.353574361744687682e-11 8.687885029036256078e-12 6.111243736141880562e-13 8.956756752751609075e-12 2.016476100440211221e-12 -2.410758256457728278e-12 2.726514176007786945e-12 -3.024525929774559407e-13 4.556626491360577666e-12 -5.155052278816387620e-12 -2.035092449157335768e-12 1.394612383913735247e-12 -2.635359565274436820e-12
-5.866625783914607128e-11 6.453206715977525381e-11 -2.654809590779764826e-11 2.127053704062662060e-12 4.411388959548815600e-11 6.019481702539329255e-12 3.605166759189714615e-11 1.925795258467485516e-10 3.369426676000743594e-11 1.729411150532521851e-11 2.725330658352329242e-13 2.124279590052425800e-12 -2.106258951041007360e-12 2.075982772956958997e-12 7.130559316118132295e-12 1.021362581835730790e-11 1.075418224233709151e-11 3.423961830257919872e-13 -7.171451398169300370e-12 -5.976651888031785917e-13 3.135189787151290836e-12 1.248772517068651785e-12 -1.049073556264438427e-13 -4.951169075879503085e-12 -2.812506294261784662e-12 -3.515013189037092830e-12
-5.545016881816254073e-11 6.188051007809968979e-12 2.622174579212802000e-11 1.477297317693804139e-11 2.764453647462537124e-11 1.966736585463430327e-11 6.486989577936311608e-12 3.369426676000743594e-11 1.222736198901534428e-10 3.073267418344495520e-11 9.025404222322929214e-12 8.744960646501715360e-12 3.673899715872495896e-12 -8.824862245384914306e-13 -7.641175390775875265e-12 -2.620826151075213678e-12 1.452302537482729406e-12 -2.188918028787072757e-12 -5.287060702378304902e-12 -6.399072259509248331e-12 -3.691551295650191888e-12 -3.248671877810529098e-12 1.920717020599186912e-12 1.526017001566942087e-12 -1.688569713536951454e-12 -8.714935776226296476e-13
5.568848901979756040e-12 -2.671397578165036089e-12 2.172378365587611118e-12 2.490377794971777062e-11 2.364431439780507419e-11 3.220836636037263478e-12 9.369501571529555371e-13 1.729411150532521851e-11 3.073267418344495520e-11 1.248089393382361895e-10 2.033236313038901606e-11 1.505263913426732109e-11 -3.024557471780346832e-12 -3.104108409536850507e-12 -3.140540508286488734e-12 -3.082977545301291059e-12 -1.887697250112959986e-12 -5.995825727606855121e-12 -5.089657338987888726e-12 -1.635448354827742225e-12 -7.899205008194141989e-13 -4.561803713976373134e-13 2.947738047570711707e-12 2.141908628635068347e-12 -6.527104579992642197e-12 7.333642065660299187e-14
2.887168194752443536e-11 -5.750401531260703355e-12 3.726061313816606103e-12 1.993277026449144888e-11 2.717903613754923004e-11 -7.106419891899021078e-12 1.312113014311194944e-11 2.725330658352329242e-13 9.025404222322929214e-12 2.033236313038901606e-11 7.568007556621261462e-11 2.679186471548565066e-11 1.520229445170257477e-11 5.369845118093540493e-12 -8.013428409105234416e-13 -2.453320632549358623e-12 -1.583427768775088426e-12 -8.860764025930758530e-13 -3.405889816735453556e-12 5.911086670927547817e-13 8.550763942609290938e-13 4.899517864368970859e-13 -5.664579993129998927e-13 -1.535824157059453976e-12 -1.277653156690561441e-12 -5.281643461552055743e-13
9.153977345848374671e-12 7.293680490324998250e-12 1.079654233235742348e-11 2.865399072262139528e-11 2.454228317199938670e-11 1.573618519746340892e-11 1.116224295037853771e-11 2.124279590052425800e-12 8.744960646501715360e-12 1.505263913426732109e-11 2.679186471548565066e-11 7.709598929762657865e-11 2.318091976692064869e-11 8.712779997464974513e-12 2.853420917992115250e-12 -4.500625827123966857e-13 1.474197391368788223e-13 -8.717990731936840730e-13 -3.181820735752319926e-12 3.614431680168691610e-13 -4.736538671676718659e-12 -8.990202211305220674e-13 1.668480982607414933e-13 -1.466425694051240288e-13 -1.737229738063965229e-12 4.460383599085432059e-13
4.473473673451090028e-11 -4.769964461225497393e-12 2.777891167634705654e-11 1.730358815872652880e-11 5.133869412643556103e-12 1.381731529677980531e-11 7.232879839741552913e-12 -2.106258951041007360e-12 3.673899715872495896e-12 -3.024557471780346832e-12 1.520229445170257477e-11 2.318091976692064869e-11 5.863369895599301387e-11 2.132468638609507575e-11 1.030241254046382506e-11 2.024684310276143278e-13 2.823369333760026792e-12 3.828720965937257772e-12 -1.409888391888000129e-12 6.644503482184539610e-14 -1.651827182936935934e-12 -8.728629651235587850e-13 -1.770785824303101125e-12 -5.448462655852999864e-13 -6.163747145145829551e-13 3.359561748386273594e-13
2.128303690329663946e-11 -5.769997675045609763e-12 2.921835825509910734e-11 2.264971417249688161e-11 3.898591807451945415e-12 3.139851418680850454e-12 1.353574361744687682e-11 2.075982772956958997e-12 -8.824862245384914306e-13 -3.104108409536850507e-12 5.369845118093540493e-12 8.712779997464974513e-12 2.132468638609507575e-11 4.712992914992748842e-11 2.006415917424161506e-11 5.998729185129412408e-12 2.787798604732163258e-12 3.331559411033068852e-13 6.058266630942548233e-14 1.798576939352166691e-12 -2.070416619636524605e-12 -2.716104425434969207e-12 -3.741623212400841927e-12 -1.665852109356429958e-12 -1.469299845167208100e-12 -8.746194504852139780e-13
5.898126174947470441e-13 -7.660759956788921840e-12 4.026302454602375696e-12 -3.338548721466386425e-12 7.844714902493252425e-13 4.023294812197823275e-12 8.687885029036256078e-12 7.130559316118132295e-12 -7.641175390775875265e-12 -3.140540508286488734e-12 -8.013428409105234416e-13 2.853420917992115250e-12 1.030241254046382506e-11 2.006415917424161506e-11 3.633060083473941757e-11 1.323448854265483695e-11 4.934526208296921846e-12 2.838037886407873482e-12 4.113064524504455838e-12 5.008575465486884019e-12 2.265668755498342701e-12 -2.629706832212385968e-12 -1.706489495239795290e-13 4.870982433046166660e-13 9.881668314574472520e-13 2.124089243941062421e-13
-1.516073854836276789e-11 -3.630191564394381733e-12 -7.923888712721634865e-12 -1.027766633850244725e-11 -1.429180529369606622e-11 -9.632869018599354545e-13 6.111243736141880562e-13 1.021362581835730790e-11 -2.620826151075213678e-12 -3.082977545301291059e-12 -2.453320632549358623e-12 -4.500625827123966857e-13 2.024684310276143278e-13 5.998729185129412408e-12 1.323448854265483695e-11 3.203468039213824807e-11 1.566813966511422771e-11 8.182228179512711821e-12 8.365565712781351082e-12 5.573950101582473000e-12 3.630742565621274157e-12 8.258297658226837386e-13 -1.319418079673933560e-13 -1.786125720266193978e-13 4.755791958589698934e-13 4.818050316690145423e-13
-2.181850556719417077e-11 4.363544677016218570e-11 5.123685818048215769e-12 -3.703934154463066246e-12 4.430611094932864505e-12 7.562456263681992559e-12 8.956756752751609075e-12 1.075418224233709151e-11 1.452302537482729406e-12 -1.887697250112959986e-12 -1.583427768775088426e-12 1.474197391368788223e-13 2.823369333760026792e-12 2.787798604732163258e-12 4.934526208296921846e-12 1.566813966511422771e-11 3.173084153764213431e-11 1.623290430936826118e-11 7.913040840190462755e-12 4.432327652311923579e-12 4.526854698667060369e-12 1.345461803277212072e-12 6.893099304368573037e-13 -4.238761835471404631e-13 7.554732571139690942e-14 4.884575809016746055e-13
-7.937629313005019595e-12 4.388232155544307345e-11 -4.470938863442610760e-12 -1.753987360254185142e-11 5.511329339327644380e-12 6.144459485026693173e-12 2.016476100440211221e-12 3.423961830257919872e-13 -2.188918028787072757e-12 -5.995825727606855121e-12 -8.860764025930758530e-13 -8.717990731936840730e-13 3.828720965937257772e-12 3.331559411033068852e-13 2.838037886407873482e-12 8.182228179512711821e-12 1.623290430936826118e-11 2.889371814406882656e-11 1.233291239554905782e-11 6.895332687754474562e-12 4.788957935544370795e-12 1.915809840797849548e-12 9.397744168538448239e-13 -1.315691457547782619e-12 4.420548848933044470e-13 -1.153502283223191173e-13
-4.691693714340112040e-12 -3.728318679641755565e-12 -1.013387527566655099e-11 -1.273736561886362179e-11 -1.567752144842638022e-12 4.043352998779147602e-13 -2.410758256457728278e-12 -7.171451398169300370e-12 -5.287060702378304902e-12 -5.089657338987888726e-12 -3.405889816735453556e-12 -3.181820735752319926e-12 -1.409888391888000129e-12 6.058266630942548233e-14 4.113064524504455838e-12 8.365565712781351082e-12 7.913040840190462755e-12 1.233291239554905782e-11 2.349069106575673180e-11 1.168019282828254120e-11 5.529620651933924029e-12 1.911930193868531007e-12 -3.070752196699618194e-13 9.862859072589500590e-14 3.712425434992859140e-13 3.955757298029694207e-13
-1.311449268167424099e-11 -1.144874751619014181e-11 -9.119819850106007682e-12 1.088647471030596245e-11 2.848715572386004931e-12 -8.525488435038532401e-12 2.726514176007786945e-12 -5.976651888031785917e-13 -6.399072259509248331e-12 -1.635448354827742225e-12 5.911086670927547817e-13 3.614431680168691610e-13 6.644503482184539610e-14 1.798576939352166691e-12 5.008575465486884019e-12 5.573950101582473000e-12 4.432327652311923579e-12 6.895332687754474562e-12 1.168019282828254120e-11 2.559673419567462020e-11 1.153305915786550176e-11 4.314892404745691257e-12 5.611242839490864853e-13 -1.046191485764836859e-12 3.452783453897538658e-13 9.880920944389510585e-13
-1.354399809700296324e-11 -2.250590298454844243e-11 -4.527098812996081062e-12 9.547228821078028978e-12 -7.221573990220619425e-12 -8.473861869128907762e-12 -3.024525929774559407e-13 3.135189787151290836e-12 -3.691551295650191888e-12 -7.899205008194141989e-13 8.550763942609290938e-13 -4.736538671676718659e-12 -1.651827182936935934e-12 -2.070416619636524605e-12 2.265668755498342701e-12 3.630742565621274157e-12 4.526854698667060369e-12 4.788957935544370795e-12 5.529620651933924029e-12 1.153305915786550176e-11 2.001959214855853232e-11 5.935263392280430071e-12 7.484502749513249485e-13 -4.946687567073808364e-13 8.157180169396149106e-13 2.223061079852065309e-13
1.333172635028318546e-11 1.233444222894520458e-11 1.509170747990792175e-11 1.423497541585080019e-11 2.237091358227027386e-12 -1.794601284697590827e-12 4.556626491360577666e-12 1.248772517068651785e-12 -3.248671877810529098e-12 -4.561803713976373134e-13 4.899517864368970859e-13 -8.990202211305220674e-13 -8.728629651235587850e-13 -2.716104425434969207e-12 -2.629706832212385968e-12 8.258297658226837386e-13 1.345461803277212072e-12 1.915809840797849548e-12 1.911930193868531007e-12 4.314892404745691257e-12 5.935263392280430071e-12 1.265049159932852227e-11 2.954743751221348465e-12 2.901021554034610473e-14 8.844708601546335378e-13 7.659251562363405942e-13
-2.144760847968468657e-11 2.238456273118359599e-11 5.601087541830983098e-13 -8.329209467985531335e-12 -1.337302582227221040e-12 3.577593950291299412e-12 -5.155052278816387620e-12 -1.049073556264438427e-13 1.920717020599186912e-12 2.947738047570711707e-12 -5.664579993129998927e-13 1.668480982607414933e-13 -1.770785824303101125e-12 -3.741623212400841927e-12 -1.706489495239795290e-13 -1.319418079673933560e-13 6.893099304368573037e-13 9.397744168538448239e-13 -3.070752196699618194e-13 5.611242839490864853e-13 7.484502749513249485e-13 2.954743751221348465e-12 1.241197763669372391e-11 4.617512068832497901e-12 2.604940178150154295e-13 7.938697817460588642e-13
-2.973396310729696694e-12 4.669985444346443237e-12 2.986997431325861940e-12 -1.132747482598144491e-11 -7.368494157169149541e-12 5.682397386055765074e-12 -2.035092449157335768e-12 -4.951169075879503085e-12 1.526017001566942087e-12 2.141908628635068347e-12 -1.535824157059453976e-12 -1.466425694051240288e-13 -5.448462655852999864e-13 -1.665852109356429958e-12 4.870982433046166660e-13 -1.786125720266193978e-13 -4.238761835471404631e-13 -1.315691457547782619e-12 9.862859072589500590e-14 -1.046191485764836859e-12 -4.946687567073808364e-13 2.901021554034610473e-14 4.617512068832497901e-12 9.270676783230777877e-12 6.612265097510823356e-13 1.024957703578134824e-13
3.031073972018207157e-12 -9.894683158871663735e-12 8.756303544330406529e-12 -4.487133741200773569e-12 -8.512863391505349410e-14 -4.651448270727666208e-13 1.394612383913735247e-12 -2.812506294261784662e-12 -1.688569713536951454e-12 -6.527104579992642197e-12 -1.277653156690561441e-12 -1.737229738063965229e-12 -6.163747145145829551e-13 -1.469299845167208100e-12 9.881668314574472520e-13 4.755791958589698934e-13 7.554732571139690942e-14 4.420548848933044470e-13 3.712425434992859140e-13 3.452783453897538658e-13 8.157180169396149106e-13 8.844708601546335378e-13 2.604940178150154295e-13 6.612265097510823356e-13 6.626170463906126758e-12 1.181468995994417911e-12
3.385487666154471234e-12 7.862621488578928594e-12 9.061763847360065952e-13 2.065394884050977077e-12 -6.281656455737551804e-13 -3.690447393835840791e-12 -2.635359565274436820e-12 -3.515013189037092830e-12 -8.714935776226296476e-13 7.333642065660299187e-14 -5.281643461552055743e-13 4.460383599085432059e-13 3.359561748386273594e-13 -8.746194504852139780e-13 2.124089243941062421e-13 4.818050316690145423e-13 4.884575809016746055e-13 -1.153502283223191173e-13 3.955757298029694207e-13 9.880920944389510585e-13 2.223061079852065309e-13 7.659251562363405942e-13 7.938697817460588642e-13 1.024957703578134824e-13 1.181468995994417911e-12 4.633953746055953366e-12
