2.104402283734978582e-08 -5.071187213364769438e-10 -1.002019620494099157e-09 -8.220271054982594086e-10 -6.133262767574484458e-10 6.483487516068858704e-10 7.000157102316274724e-10 5.515925600767977063e-10 5.979905766427506049e-10 -2.780443898976273693e-10 -4.804416777331740717e-11 -2.246499010912021511e-10 -5.741083736087211850e-11 1.011490567665727196e-10 -1.155708507460922595e-10 -4.429721422254063214e-11 5.373755441871016335e-11 -4.534635953640699673e-11 -3.710185596879468097e-11 -2.255121074089109519e-11
-5.071187213364769438e-10 9.386271439809134998e-09 1.497487256349161398e-09 2.950691750571396631e-10 1.363908965418629944e-10 -1.084837792038093855e-09 4.142991364034995031e-10 -2.803306881369677576e-10 -7.340060097974157561e-10 -8.335604076551292657e-11 -7.527300254695035826e-11 -1.350792228101669973e-10 -4.582278070273562438e-11 8.802313840981630659e-11 6.537818955806335164e-11 1.193967252331141910e-10 5.156562819508381928e-11 2.972451782913338417e-11 -4.400868804149106975e-12 -4.698852687568778223e-11
-1.002019620494099157e-09 1.497487256349161398e-09 8.515162838250306649e-09 7.639832549005311239e-10 -2.817200164231211785e-10 2.545715897786365223e-10 4.552064571107411707e-10 -6.771565131215611067e-11 5.541048551911311789e-11 9.401103791633282503e-11 -1.113710569375697018e-10 1.215045411800638016e-10 -3.384727936093951487e-11 -6.012954949607910100e-12 -8.408606935429078113e-12 1.190675550507866144e-11 1.033757217111992935e-10 -2.131662093370495536e-11 9.094098545216695150e-11 4.673042569987156080e-11
-8.220271054982594086e-10 2.950691750571396631e-10 7.639832549005311239e-10 6.971873553967276227e-09 3.255087257259048088e-10 5.294701404014862094e-10 4.476721410765539035e-11 -2.899724337884902058e-10 1.410607436554483768e-10 1.085422630387189950e-10 1.299468155216884443e-10 3.586698319372295743e-11 5.754872237995753346e-11 5.946144218759207713e-11 5.783394281398699433e-11 3.209971439871051031e-11 -6.692706967434748143e-11 3.515307831044669591e-11 7.202182396601920723e-11 2.797892381316660768e-11
-6.133262767574484458e-10 1.363908965418629944e-10 -2.817200164231211785e-10 3.255087257259048088e-10 4.384117388406318376e-09 4.810446034345276709e-10 -1.853267029688524474e-11 -5.276545933077699631e-12 -2.939811101796710575e-10 -5.134694503618710624e-11 2.530758089761008627e-10 2.026416232769405060e-10 5.012393210216355114e-11 1.202016358236794441e-10 5.799669201006445845e-11 2.964973238794741271e-11 -4.526697306844503378e-11 -3.088980383937497258e-11 2.942708009748189411e-11 6.033268884430373018e-11
6.483487516068858704e-10 -1.084837792038093855e-09 2.545715897786365223e-10 5.294701404014862094e-10 4.810446034345276709e-10 3.171367954324784531e-09 3.241772054785377695e-11 -2.426972998596540732e-11 5.438040532099539676e-11 -3.970716114077191701e-11 1.441250888962820456e-10 -2.236841175779172977e-11 1.817676805434232904e-11 -7.282599723315961420e-11 4.269089813945911136e-12 -5.075194927831300136e-11 -4.617700916300227400e-11 -3.087204671459377430e-11 2.308101038444707653e-11 9.092957318860359876e-12
7.000157102316274724e-10 4.142991364034995031e-10 4.552064571107411707e-10 4.476721410765539035e-11 -1.853267029688524474e-11 3.241772054785377695e-11 1.517652526099056894e-09 1.020124301430161923e-10 4.136145998221574218e-11 6.294055242777940059e-11 3.124026154899479875e-11 -1.643242663341707261e-11 -4.147051588935616031e-11 2.159591664289360898e-11 3.137293173944708651e-11 4.164152811963294230e-11 2.710835610723013207e-11 3.513989230471626088e-11 1.427391114769759484e-11 -2.510252340521441137e-13
5.515925600767977063e-10 -2.803306881369677576e-10 -6.771565131215611067e-11 -2.899724337884902058e-10 -5.276545933077699631e-12 -2.426972998596540732e-11 1.020124301430161923e-10 1.105852614906302593e-09 1.585658215970619513e-10 1.484280945731214156e-10 7.902716435406541012e-13 2.738660834679407779e-11 -8.421866240454109948e-13 5.561014443461671547e-11 1.707521335808483848e-12 1.056077897192673642e-11 -5.513905602545040635e-12 9.511228392113741970e-12 -2.531101091058708115e-12 -1.361213935273296297e-12
5.979905766427506049e-10 -7.340060097974157561e-10 5.541048551911311789e-11 1.410607436554483768e-10 -2.939811101796710575e-10 5.438040532099539676e-11 4.136145998221574218e-11 1.585658215970619513e-10 8.627326914573779509e-10 1.417738103683176589e-10 4.388777013266971656e-11 5.992327881931017357e-11 -5.617300922347193844e-11 1.308410316937920532e-11 -1.328262554360715137e-12 2.112931165716390504e-11 -9.440881692398086809e-13 2.968256612810451405e-12 -1.794345815979690352e-11 -4.179816657589951150e-12
-2.780443898976273693e-10 -8.335604076551292657e-11 9.401103791633282503e-11 1.085422630387189950e-10 -5.134694503618710624e-11 -3.970716114077191701e-11 6.294055242777940059e-11 1.484280945731214156e-10 1.417738103683176589e-10 5.768786345960963887e-10 1.129502733096382901e-10 3.051804658458679312e-11 1.085520898673182827e-12 1.419872141004886504e-11 4.404993550847597498e-11 3.988179250814889778e-13 -9.549876401730133916e-12 -7.045040587115752365e-12 -1.853118136982202122e-12 4.444368932585699147e-12
-4.804416777331740717e-11 -7.527300254695035826e-11 -1.113710569375697018e-10 1.299468155216884443e-10 2.530758089761008627e-10 1.441250888962820456e-10 3.124026154899479875e-11 7.902716435406541012e-13 4.388777013266971656e-11 1.129502733096382901e-10 3.286053142027317699e-10 3.716615345586454928e-11 1.021269921256128391e-11 5.473356219074168016e-12 1.895608474288029658e-11 2.699641824487733508e-12 -1.490530232133728468e-11 5.506433306351641115e-12 1.486564858919831506e-11 7.207808082932875191e-12
-2.246499010912021511e-10 -1.350792228101669973e-10 1.215045411800638016e-10 3.586698319372295743e-11 2.026416232769405060e-10 -2.236841175779172977e-11 -1.643242663341707261e-11 2.738660834679407779e-11 5.992327881931017357e-11 3.051804658458679312e-11 3.716615345586454928e-11 2.446773428791235798e-10 -9.058423983701176236e-13 6.586286251043195978e-12 7.133828858362889545e-12 1.264902087336593767e-11 8.701701489708242676e-12 6.510603314506625499e-12 1.330572828964130273e-12 1.010929654839306007e-11
-5.741083736087211850e-11 -4.582278070273562438e-11 -3.384727936093951487e-11 5.754872237995753346e-11 5.012393210216355114e-11 1.817676805434232904e-11 -4.147051588935616031e-11 -8.421866240454109948e-13 -5.617300922347193844e-11 1.085520898673182827e-12 1.021269921256128391e-11 -9.058423983701176236e-13 1.776728351568598174e-10 5.683537561132606107e-11 1.962346410921705911e-11 1.139124779975454899e-11 1.262065256852262188e-11 -9.802141407344259257e-13 -1.999031441839395791e-12 2.584293606700919304e-13
1.011490567665727196e-10 8.802313840981630659e-11 -6.012954949607910100e-12 5.946144218759207713e-11 1.202016358236794441e-10 -7.282599723315961420e-11 2.159591664289360898e-11 5.561014443461671547e-11 1.308410316937920532e-11 1.419872141004886504e-11 5.473356219074168016e-12 6.586286251043195978e-12 5.683537561132606107e-11 1.622910153174335978e-10 4.416842638352075656e-11 2.070116048639623420e-11 2.229560830569034788e-11 5.474475036061151108e-12 1.195172326730650799e-11 -3.554865887097321598e-12
-1.155708507460922595e-10 6.537818955806335164e-11 -8.408606935429078113e-12 5.783394281398699433e-11 5.799669201006445845e-11 4.269089813945911136e-12 3.137293173944708651e-11 1.707521335808483848e-12 -1.328262554360715137e-12 4.404993550847597498e-11 1.895608474288029658e-11 7.133828858362889545e-12 1.962346410921705911e-11 4.416842638352075656e-11 8.175923227562911051e-11 2.043652102388947128e-11 2.066333098371694958e-11 6.350966834367803608e-12 1.529412739601092078e-12 -1.695917890703390915e-12
-4.429721422254063214e-11 1.193967252331141910e-10 1.190675550507866144e-11 3.209971439871051031e-11 2.964973238794741271e-11 -5.075194927831300136e-11 4.164152811963294230e-11 1.056077897192673642e-11 2.112931165716390504e-11 3.988179250814889778e-13 2.699641824487733508e-12 1.264902087336593767e-11 1.139124779975454899e-11 2.070116048639623420e-11 2.043652102388947128e-11 6.998341388943087744e-11 3.204585150934944926e-11 1.438023394543532563e-11 3.564411547218571507e-12 2.839847814096548965e-13
5.373755441871016335e-11 5.156562819508381928e-11 1.033757217111992935e-10 -6.692706967434748143e-11 -4.526697306844503378e-11 -4.617700916300227400e-11 2.710835610723013207e-11 -5.513905602545040635e-12 -9.440881692398086809e-13 -9.549876401730133916e-12 -1.490530232133728468e-11 8.701701489708242676e-12 1.262065256852262188e-11 2.229560830569034788e-11 2.066333098371694958e-11 3.204585150934944926e-11 7.221595360038438123e-11 2.336512408125201488e-11 7.732650761564336154e-12 9.360494750249299785e-12
-4.534635953640699673e-11 2.972451782913338417e-11 -2.131662093370495536e-11 3.515307831044669591e-11 -3.088980383937497258e-11 -3.087204671459377430e-11 3.513989230471626088e-11 9.511228392113741970e-12 2.968256612810451405e-12 -7.045040587115752365e-12 5.506433306351641115e-12 6.510603314506625499e-12 -9.802141407344259257e-13 5.474475036061151108e-12 6.350966834367803608e-12 1.438023394543532563e-11 2.336512408125201488e-11 4.600593797440591286e-11 1.731073944182440683e-11 7.421871018309837871e-12
-3.710185596879468097e-11 -4.400868804149106975e-12 9.094098545216695150e-11 7.202182396601920723e-11 2.942708009748189411e-11 2.308101038444707653e-11 1.427391114769759484e-11 -2.531101091058708115e-12 -1.794345815979690352e-11 -1.853118136982202122e-12 1.486564858919831506e-11 1.330572828964130273e-12 -1.999031441839395791e-12 1.195172326730650799e-11 1.529412739601092078e-12 3.564411547218571507e-12 7.732650761564336154e-12 1.731073944182440683e-11 3.660874375860924767e-11 1.415060828240388589e-11
-2.255121074089109519e-11 -4.698852687568778223e-11 4.673042569987156080e-11 2.797892381316660768e-11 6.033268884430373018e-11 9.092957318860359876e-12 -2.510252340521441137e-13 -1.361213935273296297e-12 -4.179816657589951150e-12 4.444368932585699147e-12 7.207808082932875191e-12 1.010929654839306007e-11 2.584293606700919304e-13 -3.554865887097321598e-12 -1.695917890703390915e-12 2.839847814096548965e-13 9.360494750249299785e-12 7.421871018309837871e-12 1.415060828240388589e-11 3.008353283737917869e-11
