8.900805334078994770e-09 3.830624166706078518e-10 9.007824848528317185e-10 1.068424287707401311e-09 -8.491487425863890799e-11 -3.552281293231041627e-10 -4.919478090767486348e-11 3.477862580095120924e-11 8.336165359659759448e-11 -1.157586315636982074e-11 -9.106523905989714341e-11 -3.835342632418844048e-11 -3.358798389245194445e-11 3.260357274328350523e-11 -6.590605323463210516e-11 -2.781636618055894529e-11 1.632246659971771056e-12 2.768183867074609522e-11 -2.659107400518304263e-12 -1.054423719002221455e-11
3.830624166706078518e-10 4.187300897589204111e-09 1.347878875477214512e-10 -6.053936784625877874e-11 -2.772201131005878580e-10 -1.920932496123373158e-10 -1.513217217082712723e-11 8.163798373878102973e-11 -4.161684135231264975e-11 -7.173529487766230803e-11 -1.426365592014535007e-10 -9.393694802496534160e-11 1.016818337899375192e-11 -1.786131452693488424e-11 2.689427077371095000e-11 -7.527407867880038957e-11 -3.499902470054245391e-11 -4.606245169148531020e-11 -1.133624285379203564e-11 1.087974103760044432e-11
9.007824848528317185e-10 1.347878875477214512e-10 3.546292877329957526e-09 2.328245341287130745e-10 -1.952115827008577310e-11 4.787204425255910383e-10 -3.943500083315840520e-12 7.131144936976612239e-11 -1.002962038525126868e-10 7.793377458719636580e-11 1.079659035669145109e-10 4.832455492950601401e-11 -4.751473184094168616e-12 -1.687984161819038649e-11 -4.240462233079545561e-11 -5.725596047762120590e-11 -5.910701120260879525e-11 1.447421966762833916e-12 2.873673452788570384e-11 1.495113522867760231e-11
1.068424287707401311e-09 -6.053936784625877874e-11 2.328245341287130745e-10 1.995781271329276742e-09 2.774701823054693226e-11 4.203580677594503905e-11 -8.868191454109372647e-11 -1.134048777652420731e-10 -1.605570134542871921e-10 8.420914221241593741e-12 7.366547501742540092e-12 3.895144483810122403e-11 6.140180946259313835e-11 4.617522569981207741e-11 -4.422163139733171735e-11 -1.142903210011878263e-11 -2.907343510485709970e-11 1.216060509993866284e-11 5.855212944687174562e-12 9.525495609343535777e-12
-8.491487425863890799e-11 -2.772201131005878580e-10 -1.952115827008577310e-11 2.774701823054693226e-11 1.233533149256013440e-09 2.171208932614477459e-11 1.381052908694422106e-11 -2.677065798395875478e-11 4.246663346279241758e-12 5.801129333848626021e-11 3.150690969378161090e-11 1.112399052722967023e-11 -1.074715654242939347e-12 5.450318388649179672e-12 -1.762649096402048206e-11 -1.934987117093936764e-11 -1.384289477579799233e-11 8.965906033628195195e-12 1.239724386207071305e-11 9.684236757950975243e-12
-3.552281293231041627e-10 -1.920932496123373158e-10 4.787204425255910383e-10 4.203580677594503905e-11 2.171208932614477459e-11 1.305682203574941495e-09 2.680107675495063921e-10 8.250924105156124618e-11 -5.471106660832249628e-11 1.867733343453890940e-11 3.034919770114052319e-11 -1.000294447359823456e-11 6.051788360933784269e-11 1.993063830951444407e-11 -2.272104757646582041e-11 -1.410493968860431893e-11 -2.090994394488560075e-11 1.437597277025343143e-11 6.398470096456598933e-12 3.617566820155256152e-12
-4.919478090767486348e-11 -1.513217217082712723e-11 -3.943500083315840520e-12 -8.868191454109372647e-11 1.381052908694422106e-11 2.680107675495063921e-10 7.334634602338584091e-10 4.497438706628511032e-11 3.827795427232532293e-11 2.274654403029814032e-11 1.145216925112879784e-11 -1.626647155412864861e-11 -1.356317050504990951e-11 -2.128592091354674896e-12 -2.483392339598763403e-11 -2.621196783113220673e-11 -2.053588591027676360e-11 3.745906428621334214e-12 -4.201087616500426852e-12 -2.749816614994319065e-13
3.477862580095120924e-11 8.163798373878102973e-11 7.131144936976612239e-11 -1.134048777652420731e-10 -2.677065798395875478e-11 8.250924105156124618e-11 4.497438706628511032e-11 4.158697875889721842e-10 2.841986844537421907e-11 -2.231942552417568926e-11 1.112672770645285138e-11 -5.918748111104734239e-12 -1.796860911278420763e-11 9.153248719684232916e-12 1.985508722760070106e-11 -8.987847966372183456e-12 -1.418808827505198373e-11 -1.017985875734862560e-11 -1.512982337616681194e-11 -4.019752209856587415e-12
8.336165359659759448e-11 -4.161684135231264975e-11 -1.002962038525126868e-10 -1.605570134542871921e-10 4.246663346279241758e-12 -5.471106660832249628e-11 3.827795427232532293e-11 2.841986844537421907e-11 3.187730679458768118e-10 3.486777069550684515e-12 -3.391974185939076387e-11 1.359207167042840178e-11 1.009915029369018875e-11 -3.212864165301143024e-12 -1.826318824529534933e-12 -3.592369786526600117e-12 3.949083130797335468e-12 1.855365132274208144e-12 1.073123516066933284e-11 1.449903296796352831e-11
-1.157586315636982074e-11 -7.173529487766230803e-11 7.793377458719636580e-11 8.420914221241593741e-12 5.801129333848626021e-11 1.867733343453890940e-11 2.274654403029814032e-11 -2.231942552417568926e-11 3.486777069550684515e-12 1.476591464110121090e-10 3.544328414570026992e-11 2.546735757134311292e-11 -1.891524585669333613e-12 -1.616603103455381192e-14 -7.163721867995146156e-12 -4.474315224065407009e-12 3.363480120390781802e-12 7.088217308552231580e-12 1.787675427350573354e-12 3.237454872889707656e-12
-9.106523905989714341e-11 -1.426365592014535007e-10 1.079659035669145109e-10 7.366547501742540092e-12 3.150690969378161090e-11 3.034919770114052319e-11 1.145216925112879784e-11 1.112672770645285138e-11 -3.391974185939076387e-11 3.544328414570026992e-11 1.728287688343820717e-10 3.947656106470091816e-11 1.182554350425069913e-11 9.586440750669472775e-13 5.270748248812119095e-12 7.591279193718769974e-12 -7.539180655692951126e-14 5.647519291620353183e-12 1.082302117433801714e-12 -4.547101337336508889e-12
-3.835342632418844048e-11 -9.393694802496534160e-11 4.832455492950601401e-11 3.895144483810122403e-11 1.112399052722967023e-11 -1.000294447359823456e-11 -1.626647155412864861e-11 -5.918748111104734239e-12 1.359207167042840178e-11 2.546735757134311292e-11 3.947656106470091816e-11 9.817175515237529653e-11 7.417362157949520161e-12 5.447723703317827748e-12 6.606582450324012974e-13 7.340666735086955620e-12 2.625927783036968447e-13 4.098105376901786728e-12 6.346551428119862402e-13 5.388887979467356227e-13
-3.358798389245194445e-11 1.016818337899375192e-11 -4.751473184094168616e-12 6.140180946259313835e-11 -1.074715654242939347e-12 6.051788360933784269e-11 -1.356317050504990951e-11 -1.796860911278420763e-11 1.009915029369018875e-11 -1.891524585669333613e-12 1.182554350425069913e-11 7.417362157949520161e-12 8.502002438314904691e-11 2.195606363573841925e-11 1.062317195337871309e-11 7.828423581266625731e-12 7.679359090768843281e-12 2.924467910262640389e-12 3.120625862874252210e-12 3.912508326793572833e-12
3.260357274328350523e-11 -1.786131452693488424e-11 -1.687984161819038649e-11 4.617522569981207741e-11 5.450318388649179672e-12 1.993063830951444407e-11 -2.128592091354674896e-12 9.153248719684232916e-12 -3.212864165301143024e-12 -1.616603103455381192e-14 9.586440750669472775e-13 5.447723703317827748e-12 2.195606363573841925e-11 5.559020913657623997e-11 1.908353182213216746e-11 9.934596212544428577e-12 3.078735269516966631e-12 3.540244088179782324e-12 4.006823722205057094e-12 1.495072658502069827e-12
-6.590605323463210516e-11 2.689427077371095000e-11 -4.240462233079545561e-11 -4.422163139733171735e-11 -1.762649096402048206e-11 -2.272104757646582041e-11 -2.483392339598763403e-11 1.985508722760070106e-11 -1.826318824529534933e-12 -7.163721867995146156e-12 5.270748248812119095e-12 6.606582450324012974e-13 1.062317195337871309e-11 1.908353182213216746e-11 5.361626481077692941e-11 2.364951177875843454e-11 8.111192689725030859e-12 1.579200657001312389e-12 2.326545893655819216e-13 -2.099922462530724439e-12
-2.781636618055894529e-11 -7.527407867880038957e-11 -5.725596047762120590e-11 -1.142903210011878263e-11 -1.934987117093936764e-11 -1.410493968860431893e-11 -2.621196783113220673e-11 -8.987847966372183456e-12 -3.592369786526600117e-12 -4.474315224065407009e-12 7.591279193718769974e-12 7.340666735086955620e-12 7.828423581266625731e-12 9.934596212544428577e-12 2.364951177875843454e-11 4.378766147571412797e-11 1.942228088211226533e-11 6.473641846742948194e-12 1.143170093600195207e-12 -2.068773186723327994e-12
1.632246659971771056e-12 -3.499902470054245391e-11 -5.910701120260879525e-11 -2.907343510485709970e-11 -1.384289477579799233e-11 -2.090994394488560075e-11 -2.053588591027676360e-11 -1.418808827505198373e-11 3.949083130797335468e-12 3.363480120390781802e-12 -7.539180655692951126e-14 2.625927783036968447e-13 7.679359090768843281e-12 3.078735269516966631e-12 8.111192689725030859e-12 1.942228088211226533e-11 3.200129321090166803e-11 1.219572789746427114e-11 3.211696903020548926e-12 -7.627038372851277850e-13
2.768183867074609522e-11 -4.606245169148531020e-11 1.447421966762833916e-12 1.216060509993866284e-11 8.965906033628195195e-12 1.437597277025343143e-11 3.745906428621334214e-12 -1.017985875734862560e-11 1.855365132274208144e-12 7.088217308552231580e-12 5.647519291620353183e-12 4.098105376901786728e-12 2.924467910262640389e-12 3.540244088179782324e-12 1.579200657001312389e-12 6.473641846742948194e-12 1.219572789746427114e-11 2.265543609015924350e-11 9.120343148425813187e-12 3.670393226673154864e-12
-2.659107400518304263e-12 -1.133624285379203564e-11 2.873673452788570384e-11 5.855212944687174562e-12 1.239724386207071305e-11 6.398470096456598933e-12 -4.201087616500426852e-12 -1.512982337616681194e-11 1.073123516066933284e-11 1.787675427350573354e-12 1.082302117433801714e-12 6.346551428119862402e-13 3.120625862874252210e-12 4.006823722205057094e-12 2.326545893655819216e-13 1.143170093600195207e-12 3.211696903020548926e-12 9.120343148425813187e-12 1.593403259837642055e-11 5.477029681223868036e-12
-1.054423719002221455e-11 1.087974103760044432e-11 1.495113522867760231e-11 9.525495609343535777e-12 9.684236757950975243e-12 3.617566820155256152e-12 -2.749816614994319065e-13 -4.019752209856587415e-12 1.449903296796352831e-11 3.237454872889707656e-12 -4.547101337336508889e-12 5.388887979467356227e-13 3.912508326793572833e-12 1.495072658502069827e-12 -2.099922462530724439e-12 -2.068773186723327994e-12 -7.627038372851277850e-13 3.670393226673154864e-12 5.477029681223868036e-12 1.351411146777858209e-11
