1.217686710892760594e-08 7.211198160370929861e-10 5.664646083564564102e-11 2.063447372515870053e-10 -3.950391118060239408e-10 -2.293505989166800146e-10 -2.092694942367623528e-10 3.973103156257103604e-11 4.360020187864587390e-11 -2.860578291480459160e-11 2.314436295853863350e-10 1.473904859404826784e-10 -1.435217376136255878e-11 -4.396152499108805052e-11 -5.196285742100558835e-11 4.850983030887920678e-11 1.061817021631161933e-10 2.822923566063919592e-11 -2.308823500403911013e-11 -2.469859935315662080e-12
7.211198160370929861e-10 9.005402732426119812e-09 7.654204086158741275e-10 -2.680539958847620833e-10 -3.499757684033013710e-10 -2.382450267699844748e-10 2.616630512049885790e-10 1.753964776444092580e-11 1.421893436741969617e-10 -2.609777539993543813e-10 1.162931237934231323e-10 -1.099764916655418967e-10 -1.691002298229245738e-10 -2.731773216044017992e-13 -1.319584855582155212e-10 -7.639502897540695962e-11 -2.715854883515721707e-11 -7.818052674073006842e-11 1.614433435394424740e-11 1.919907253075157981e-11
5.664646083564564102e-11 7.654204086158741275e-10 6.162401121038509713e-09 9.173120606908818400e-12 6.763048238632500871e-12 -1.501500029970427274e-10 -1.147228361654891021e-10 1.591110041296266385e-10 6.690789484999619644e-11 -2.494845663337564299e-10 -1.706289904443863002e-10 5.677083254398883871e-11 -7.717535962434743954e-12 6.902421095438883991e-11 -9.221863230136264569e-11 -4.424040140358763700e-11 -3.277572042645606674e-11 -1.975310592827705220e-11 -2.078196085501484802e-11 -2.240752181043047051e-11
2.063447372515870053e-10 -2.680539958847620833e-10 9.173120606908818400e-12 3.525273581632086483e-09 -3.001548410538265440e-10 -3.465293908659951075e-11 1.393143045708275904e-11 1.146420912990123171e-11 -9.737849672364108569e-11 7.042272081775914881e-11 6.880303439902526259e-11 7.488682406399591504e-11 6.851397628795036705e-12 -1.774183074147317039e-11 7.231124526322384581e-11 -1.393628869901380749e-11 -3.692106617607382193e-11 -7.394836318391336544e-12 -6.480963499205589032e-13 2.403709387514734027e-11
-3.950391118060239408e-10 -3.499757684033013710e-10 6.763048238632500871e-12 -3.001548410538265440e-10 2.179915150939340266e-09 -3.698717321986349158e-11 2.336908692943280434e-13 -1.686166783853276806e-10 -2.391801245149091670e-11 1.201070694590647613e-10 3.216316904472893455e-11 3.657626026312795978e-11 4.534596725253265308e-11 1.324326924586593663e-11 -3.430436715321074309e-11 -2.061790214720321960e-11 1.981350932358688761e-11 2.668356233519425382e-11 3.875541116129181125e-12 2.265959988931232327e-11
-2.293505989166800146e-10 -2.382450267699844748e-10 -1.501500029970427274e-10 -3.465293908659951075e-11 -3.698717321986349158e-11 1.105675960569607577e-09 1.730877937879894729e-10 2.896862924492018359e-11 5.713180607711747942e-12 6.971636819643244424e-11 -2.001885104154089388e-12 -7.469422225143135735e-12 -2.446970183050493108e-11 -2.815548343765482845e-11 1.234969362713188489e-11 -8.409461929401623824e-12 9.219232223245521000e-12 1.153923067961161661e-11 -5.368459311676875657e-12 -1.459150240928601271e-12
-2.092694942367623528e-10 2.616630512049885790e-10 -1.147228361654891021e-10 1.393143045708275904e-11 2.336908692943280434e-13 1.730877937879894729e-10 9.302283983617500912e-10 9.546026282204715083e-11 1.438499507650919929e-11 9.611200435037423471e-12 3.757031353540005632e-11 -1.612550857388073053e-11 1.092533718124825775e-11 -3.715697699188428277e-11 -7.312551433592658894e-12 -1.298113703894541983e-11 -5.851956074012289190e-12 -5.382434881104627761e-12 -5.965661388505686674e-12 2.354572393946114609e-12
3.973103156257103604e-11 1.753964776444092580e-11 1.591110041296266385e-10 1.146420912990123171e-11 -1.686166783853276806e-10 2.896862924492018359e-11 9.546026282204715083e-11 5.457260105620462164e-10 4.607534353177607966e-11 4.107414636302751398e-12 -3.530741431938186499e-11 2.599539184185839548e-11 2.269025601843119035e-11 7.206372202999156343e-12 -6.726207851726704636e-12 -1.115371770350321869e-11 3.291126279010947297e-12 -3.130600962096537970e-12 2.818866240588817951e-12 -3.561601844020678845e-12
4.360020187864587390e-11 1.421893436741969617e-10 6.690789484999619644e-11 -9.737849672364108569e-11 -2.391801245149091670e-11 5.713180607711747942e-12 1.438499507650919929e-11 4.607534353177607966e-11 4.431565247694302043e-10 5.429397375019602452e-11 -1.539745077156131895e-11 -1.625152289338141678e-11 -1.996978614491888887e-11 1.889520227963677809e-11 -1.951791681529722582e-11 2.002358272785817574e-11 8.989293774897776670e-12 3.941293813521898283e-12 3.167341345521671713e-12 8.839975147493827415e-12
-2.860578291480459160e-11 -2.609777539993543813e-10 -2.494845663337564299e-10 7.042272081775914881e-11 1.201070694590647613e-10 6.971636819643244424e-11 9.611200435037423471e-12 4.107414636302751398e-12 5.429397375019602452e-11 2.826414840608063793e-10 2.083367236472325850e-11 2.918837820980921726e-11 3.103183190571003034e-11 2.787506457926509186e-11 9.658110848759567159e-12 1.346751523782692257e-11 1.236874069349965938e-11 4.316568064429236559e-12 1.566738090893212157e-12 7.887706815435761231e-12
2.314436295853863350e-10 1.162931237934231323e-10 -1.706289904443863002e-10 6.880303439902526259e-11 3.216316904472893455e-11 -2.001885104154089388e-12 3.757031353540005632e-11 -3.530741431938186499e-11 -1.539745077156131895e-11 2.083367236472325850e-11 1.905461948457671709e-10 3.122109205007619611e-11 1.128547225569689068e-11 4.815005789125614164e-13 -7.398202811774658860e-12 1.296942742758783064e-12 6.768113534550291655e-12 1.556478441660764277e-12 4.327363128302965343e-12 3.370295093390610302e-12
1.473904859404826784e-10 -1.099764916655418967e-10 5.677083254398883871e-11 7.488682406399591504e-11 3.657626026312795978e-11 -7.469422225143135735e-12 -1.612550857388073053e-11 2.599539184185839548e-11 -1.625152289338141678e-11 2.918837820980921726e-11 3.122109205007619611e-11 1.266292067549956369e-10 3.784430200106024900e-11 3.073653088922904154e-11 1.521960384237385610e-11 6.833710985708477986e-12 6.485907464831525612e-12 -2.951316394488632027e-12 8.903761500592277148e-13 -1.301857553170589869e-13
-1.435217376136255878e-11 -1.691002298229245738e-10 -7.717535962434743954e-12 6.851397628795036705e-12 4.534596725253265308e-11 -2.446970183050493108e-11 1.092533718124825775e-11 2.269025601843119035e-11 -1.996978614491888887e-11 3.103183190571003034e-11 1.128547225569689068e-11 3.784430200106024900e-11 1.040564993995780111e-10 3.028117968746171608e-11 1.881344658212184172e-11 8.431888331881873472e-12 8.535425943704066428e-12 -2.856091379676392676e-12 2.357953437932714445e-12 1.022342213271820428e-12
-4.396152499108805052e-11 -2.731773216044017992e-13 6.902421095438883991e-11 -1.774183074147317039e-11 1.324326924586593663e-11 -2.815548343765482845e-11 -3.715697699188428277e-11 7.206372202999156343e-12 1.889520227963677809e-11 2.787506457926509186e-11 4.815005789125614164e-13 3.073653088922904154e-11 3.028117968746171608e-11 7.018139269642959408e-11 2.152403451441114355e-11 1.541732905034168169e-11 1.043314153439753087e-11 2.000016096725132546e-12 4.101358277463173842e-12 1.511578316370979228e-12
-5.196285742100558835e-11 -1.319584855582155212e-10 -9.221863230136264569e-11 7.231124526322384581e-11 -3.430436715321074309e-11 1.234969362713188489e-11 -7.312551433592658894e-12 -6.726207851726704636e-12 -1.951791681529722582e-11 9.658110848759567159e-12 -7.398202811774658860e-12 1.521960384237385610e-11 1.881344658212184172e-11 2.152403451441114355e-11 5.783446345513724265e-11 2.119937440492408914e-11 7.349206963716693629e-12 4.200811202781328203e-12 6.164086845720880025e-12 -2.338927958189196752e-12
4.850983030887920678e-11 -7.639502897540695962e-11 -4.424040140358763700e-11 -1.393628869901380749e-11 -2.061790214720321960e-11 -8.409461929401623824e-12 -1.298113703894541983e-11 -1.115371770350321869e-11 2.002358272785817574e-11 1.346751523782692257e-11 1.296942742758783064e-12 6.833710985708477986e-12 8.431888331881873472e-12 1.541732905034168169e-11 2.119937440492408914e-11 4.983648380564601041e-11 1.496122265726669995e-11 5.231080618477379077e-12 4.275164750786724742e-12 -1.446337440130674474e-12
1.061817021631161933e-10 -2.715854883515721707e-11 -3.277572042645606674e-11 -3.692106617607382193e-11 1.981350932358688761e-11 9.219232223245521000e-12 -5.851956074012289190e-12 3.291126279010947297e-12 8.989293774897776670e-12 1.236874069349965938e-11 6.768113534550291655e-12 6.485907464831525612e-12 8.535425943704066428e-12 1.043314153439753087e-11 7.349206963716693629e-12 1.496122265726669995e-11 2.917564395761535806e-11 1.158785295108460850e-11 3.323397460136166110e-12 2.410509625924560814e-13
2.822923566063919592e-11 -7.818052674073006842e-11 -1.975310592827705220e-11 -7.394836318391336544e-12 2.668356233519425382e-11 1.153923067961161661e-11 -5.382434881104627761e-12 -3.130600962096537970e-12 3.941293813521898283e-12 4.316568064429236559e-12 1.556478441660764277e-12 -2.951316394488632027e-12 -2.856091379676392676e-12 2.000016096725132546e-12 4.200811202781328203e-12 5.231080618477379077e-12 1.158785295108460850e-11 2.478752274248938316e-11 9.016821841774166014e-12 2.544177571662770902e-12
-2.308823500403911013e-11 1.614433435394424740e-11 -2.078196085501484802e-11 -6.480963499205589032e-13 3.875541116129181125e-12 -5.368459311676875657e-12 -5.965661388505686674e-12 2.818866240588817951e-12 3.167341345521671713e-12 1.566738090893212157e-12 4.327363128302965343e-12 8.903761500592277148e-13 2.357953437932714445e-12 4.101358277463173842e-12 6.164086845720880025e-12 4.275164750786724742e-12 3.323397460136166110e-12 9.016821841774166014e-12 1.913129000885898578e-11 2.633652756605236881e-12
-2.469859935315662080e-12 1.919907253075157981e-11 -2.240752181043047051e-11 2.403709387514734027e-11 2.265959988931232327e-11 -1.459150240928601271e-12 2.354572393946114609e-12 -3.561601844020678845e-12 8.839975147493827415e-12 7.887706815435761231e-12 3.370295093390610302e-12 -1.301857553170589869e-13 1.022342213271820428e-12 1.511578316370979228e-12 -2.338927958189196752e-12 -1.446337440130674474e-12 2.410509625924560814e-13 2.544177571662770902e-12 2.633652756605236881e-12 1.378496809858038206e-11
