1.189601851018888361e-08 3.058760011403902113e-11 -2.691223425722986248e-10 5.149591088824158308e-10 -2.036145233562914168e-10 -7.707828046822223441e-11 -8.175101019782214689e-11 -2.204231693786866840e-10 -2.671179996491810051e-10 -5.598545071507608995e-11 -3.339546539433220554e-11 -1.422453235027340565e-10 -1.861826190681208470e-10 -1.120046031154403849e-10 -3.099936924141988713e-11 -4.301327140346978048e-11 1.631202529614266215e-11 7.029445095677318363e-11 5.056731010031337321e-11 -2.137638892108647215e-12
3.058760011403902113e-11 7.517825226426738501e-09 -3.140135049894514153e-10 6.485896332836969660e-10 -1.747311447921739818e-10 -2.900419987706077569e-10 -6.842007987495487639e-11 1.988085109888819781e-10 -1.094935546895617448e-10 1.507800939174819075e-11 -5.114654227970863434e-12 -2.146617639192409761e-11 -9.365978725304089802e-11 6.057858628239609786e-11 6.382752554030861200e-11 1.008848747758143904e-10 4.119385157996908064e-11 3.799513592261983996e-11 4.485930935851791119e-12 -3.662673948372037025e-11
-2.691223425722986248e-10 -3.140135049894514153e-10 4.803444283497431040e-09 -3.188157849355661786e-10 7.229152931930691636e-11 2.129052569856066052e-10 -1.298740279722666876e-10 2.570156197778549529e-11 -6.869698905514789184e-11 -1.111755717584120670e-10 2.850890141331059563e-11 -4.267646161869714124e-13 -5.764003803982222931e-11 -1.787344923317224910e-11 -1.116148260878906351e-11 -1.921448339389980862e-11 -7.472732524117324828e-12 -1.696400236567993286e-11 -3.651205666219238526e-11 -1.876844957112897994e-11
5.149591088824158308e-10 6.485896332836969660e-10 -3.188157849355661786e-10 3.271105564815422795e-09 4.064293023971803193e-10 1.551082271432277048e-10 -1.350144845387260451e-10 9.820948027803146895e-11 1.048392301217674014e-11 3.148850012444413972e-11 6.819648970202802126e-12 1.013816145276005884e-10 4.031658802878112663e-11 5.582177774374451889e-11 7.093530323676732913e-12 -1.075172105899160346e-11 2.089179830288494034e-11 1.924863211415682798e-11 1.915415681521221519e-11 -7.570210265801818301e-12
-2.036145233562914168e-10 -1.747311447921739818e-10 7.229152931930691636e-11 4.064293023971803193e-10 2.114644244761958759e-09 -1.100288225406815397e-10 -8.423281368519086446e-11 2.185966994773801753e-11 -5.325835182549217225e-11 3.676903790994893724e-11 9.175667781677469603e-11 8.025200917510887259e-11 -1.485871734462034890e-11 4.086557514359728931e-11 -1.212065715488073694e-12 -1.139960550241156668e-11 -2.476630363929514801e-11 -1.031161140624732108e-11 -1.989039301205526819e-11 -6.437596192209938715e-12
-7.707828046822223441e-11 -2.900419987706077569e-10 2.129052569856066052e-10 1.551082271432277048e-10 -1.100288225406815397e-10 1.236072886013522880e-09 1.403869501254203586e-10 -3.470343069267815920e-11 -8.425385297065813401e-11 -5.065500527243673122e-11 -1.275517622197311311e-11 -2.159383308897426653e-11 4.965980928378964078e-11 3.719044992446280120e-11 3.320678271546539680e-12 -1.439460770760745618e-11 3.034118221006546269e-12 -1.059911028767229896e-11 4.418256559398558825e-12 1.271015118229218335e-11
-8.175101019782214689e-11 -6.842007987495487639e-11 -1.298740279722666876e-10 -1.350144845387260451e-10 -8.423281368519086446e-11 1.403869501254203586e-10 8.733042733405680454e-10 2.683673275450383411e-11 4.679059447711625335e-11 3.333016070872234352e-11 -5.692664710370525612e-11 1.907015922573357910e-11 3.493637419285908801e-12 1.842320005850922082e-12 6.820479495514338628e-12 1.897396655058522443e-11 2.911778216506971815e-11 9.139588195943979649e-12 -2.760904227656037461e-12 1.090393884810837428e-12
-2.204231693786866840e-10 1.988085109888819781e-10 2.570156197778549529e-11 9.820948027803146895e-11 2.185966994773801753e-11 -3.470343069267815920e-11 2.683673275450383411e-11 4.711628142922878242e-10 5.385607424925139102e-11 -5.442270021157393622e-11 5.031582518714249776e-12 9.130652760317308717e-13 3.755682862573391402e-11 3.399276427773541266e-11 1.488930107551503726e-11 6.173101913504993661e-12 2.134406271637420196e-11 5.980709531178490479e-13 -7.005184988234830316e-12 -7.536813311605159372e-12
-2.671179996491810051e-10 -1.094935546895617448e-10 -6.869698905514789184e-11 1.048392301217674014e-11 -5.325835182549217225e-11 -8.425385297065813401e-11 4.679059447711625335e-11 5.385607424925139102e-11 3.752653079338537715e-10 5.710882006328934097e-11 2.950484520214507996e-11 1.645677665096390388e-11 -2.302444399374682302e-12 -1.100559611565969550e-11 -9.341487374484042975e-12 -7.590768417366276350e-12 3.140527665658421160e-12 -7.210207775515368013e-12 8.784700570656543516e-12 2.827904235228535501e-12
-5.598545071507608995e-11 1.507800939174819075e-11 -1.111755717584120670e-10 3.148850012444413972e-11 3.676903790994893724e-11 -5.065500527243673122e-11 3.333016070872234352e-11 -5.442270021157393622e-11 5.710882006328934097e-11 2.746366416691858205e-10 1.101500602952441427e-11 4.221917982668719454e-11 1.297611056615293142e-11 -1.332554514343725356e-11 -1.212165093448958227e-11 6.204520958426918691e-12 -6.987893959892186588e-12 3.646950764947876598e-12 3.304734516558940506e-12 -5.938903944922260455e-12
-3.339546539433220554e-11 -5.114654227970863434e-12 2.850890141331059563e-11 6.819648970202802126e-12 9.175667781677469603e-11 -1.275517622197311311e-11 -5.692664710370525612e-11 5.031582518714249776e-12 2.950484520214507996e-11 1.101500602952441427e-11 2.221390179027654715e-10 4.929445689620766385e-11 7.358978254146608762e-12 1.120467123071653864e-11 1.752338543857771729e-11 -1.808320501640694367e-12 7.576970517182430359e-14 -1.104489793367859878e-11 -5.316513779488525846e-13 9.027601194723235452e-12
-1.422453235027340565e-10 -2.146617639192409761e-11 -4.267646161869714124e-13 1.013816145276005884e-10 8.025200917510887259e-11 -2.159383308897426653e-11 1.907015922573357910e-11 9.130652760317308717e-13 1.645677665096390388e-11 4.221917982668719454e-11 4.929445689620766385e-11 1.564742770069442174e-10 2.825675606609328773e-11 1.055560972986526627e-11 -5.077300594667738637e-12 7.968259061866338131e-12 2.511780261513964537e-12 -3.140810196723823893e-12 -5.831877041756040437e-12 1.145347107977431512e-12
-1.861826190681208470e-10 -9.365978725304089802e-11 -5.764003803982222931e-11 4.031658802878112663e-11 -1.485871734462034890e-11 4.965980928378964078e-11 3.493637419285908801e-12 3.755682862573391402e-11 -2.302444399374682302e-12 1.297611056615293142e-11 7.358978254146608762e-12 2.825675606609328773e-11 9.113520223379001552e-11 2.022360880629069706e-11 1.122175506164976295e-12 1.944628512871557086e-12 -7.093331513375319346e-13 -1.822142703888835455e-12 -1.435160780598529798e-12 1.606387764749464064e-12
-1.120046031154403849e-10 6.057858628239609786e-11 -1.787344923317224910e-11 5.582177774374451889e-11 4.086557514359728931e-11 3.719044992446280120e-11 1.842320005850922082e-12 3.399276427773541266e-11 -1.100559611565969550e-11 -1.332554514343725356e-11 1.120467123071653864e-11 1.055560972986526627e-11 2.022360880629069706e-11 6.233639507164455034e-11 1.319746209988334551e-11 3.351718552829208667e-12 2.895692170885596562e-12 -2.837971618051378318e-12 -4.877533044078556764e-12 -9.381908880144583493e-14
-3.099936924141988713e-11 6.382752554030861200e-11 -1.116148260878906351e-11 7.093530323676732913e-12 -1.212065715488073694e-12 3.320678271546539680e-12 6.820479495514338628e-12 1.488930107551503726e-11 -9.341487374484042975e-12 -1.212165093448958227e-11 1.752338543857771729e-11 -5.077300594667738637e-12 1.122175506164976295e-12 1.319746209988334551e-11 4.466208770464140480e-11 8.406508513782241669e-12 5.427197860416503002e-13 3.144482693495891152e-13 -2.341745514135075585e-12 1.916813869304527867e-12
-4.301327140346978048e-11 1.008848747758143904e-10 -1.921448339389980862e-11 -1.075172105899160346e-11 -1.139960550241156668e-11 -1.439460770760745618e-11 1.897396655058522443e-11 6.173101913504993661e-12 -7.590768417366276350e-12 6.204520958426918691e-12 -1.808320501640694367e-12 7.968259061866338131e-12 1.944628512871557086e-12 3.351718552829208667e-12 8.406508513782241669e-12 2.798866781643731477e-11 7.070362855733808206e-12 5.557850291877737833e-12 1.499097506652053518e-13 -1.369629050422677730e-12
1.631202529614266215e-11 4.119385157996908064e-11 -7.472732524117324828e-12 2.089179830288494034e-11 -2.476630363929514801e-11 3.034118221006546269e-12 2.911778216506971815e-11 2.134406271637420196e-11 3.140527665658421160e-12 -6.987893959892186588e-12 7.576970517182430359e-14 2.511780261513964537e-12 -7.093331513375319346e-13 2.895692170885596562e-12 5.427197860416503002e-13 7.070362855733808206e-12 2.635721054358178006e-11 5.560434649421052154e-12 -1.256578606471204965e-13 -1.307744658505155773e-12
7.029445095677318363e-11 3.799513592261983996e-11 -1.696400236567993286e-11 1.924863211415682798e-11 -1.031161140624732108e-11 -1.059911028767229896e-11 9.139588195943979649e-12 5.980709531178490479e-13 -7.210207775515368013e-12 3.646950764947876598e-12 -1.104489793367859878e-11 -3.140810196723823893e-12 -1.822142703888835455e-12 -2.837971618051378318e-12 3.144482693495891152e-13 5.557850291877737833e-12 5.560434649421052154e-12 1.524950859129341970e-11 2.535117864271583970e-12 -1.034705494862421775e-12
5.056731010031337321e-11 4.485930935851791119e-12 -3.651205666219238526e-11 1.915415681521221519e-11 -1.989039301205526819e-11 4.418256559398558825e-12 -2.760904227656037461e-12 -7.005184988234830316e-12 8.784700570656543516e-12 3.304734516558940506e-12 -5.316513779488525846e-13 -5.831877041756040437e-12 -1.435160780598529798e-12 -4.877533044078556764e-12 -2.341745514135075585e-12 1.499097506652053518e-13 -1.256578606471204965e-13 2.535117864271583970e-12 1.249524839352864697e-11 1.792303776182783765e-12
-2.137638892108647215e-12 -3.662673948372037025e-11 -1.876844957112897994e-11 -7.570210265801818301e-12 -6.437596192209938715e-12 1.271015118229218335e-11 1.090393884810837428e-12 -7.536813311605159372e-12 2.827904235228535501e-12 -5.938903944922260455e-12 9.027601194723235452e-12 1.145347107977431512e-12 1.606387764749464064e-12 -9.381908880144583493e-14 1.916813869304527867e-12 -1.369629050422677730e-12 -1.307744658505155773e-12 -1.034705494862421775e-12 1.792303776182783765e-12 1.088757317671392594e-11
