1.154211918260065617e-08 -2.281773067451694706e-10 -7.121147226192582795e-10 -5.761534217345018583e-13 -7.024094748787725404e-10 -2.828802010364194856e-10 -1.279893410687400431e-10 -3.887495995439464321e-10 2.039275632517801130e-10 1.315948568413256788e-10 2.992226344484778090e-11 1.051535541085042180e-10 3.535524878821496893e-11 6.923919275396841748e-11 -3.995838621792642798e-11 -5.233207499124126645e-11 6.190001147532755236e-11 1.427887243960154475e-11 1.559535178661662645e-11 -3.142585841024815572e-12
-2.281773067451694706e-10 8.630044326619454041e-09 7.624605064339336673e-10 -2.583988561284131916e-10 4.860582312102659831e-11 -4.125160897450698037e-10 2.134274042621981925e-10 -1.318804962009730067e-10 2.282533173249270222e-10 1.951627876558801488e-11 1.555896216610546830e-10 -1.614666499654539755e-11 -1.683169017082246035e-10 -4.758418534549664090e-11 -1.558822118031678427e-10 -5.693975186436290228e-11 -1.569194877518119223e-11 -3.445363852746966460e-11 -7.232644327695474089e-12 3.555807155724799023e-12
-7.121147226192582795e-10 7.624605064339336673e-10 5.541795006208654817e-09 2.855729075934184734e-10 -8.612441589105980804e-11 3.177496702128735783e-10 1.504023140890396310e-10 1.047413352007051070e-10 2.318622229751769674e-10 -2.224491173737598528e-11 4.349831014143190201e-11 -2.851550741461341542e-11 -5.546596259696090527e-11 3.861851459491988342e-11 -7.489267933246359970e-11 -2.541137366870931880e-11 -2.329571500045577769e-11 -5.167420258185935600e-12 8.856991245223630257e-12 -1.193752941374044092e-11
-5.761534217345018583e-13 -2.583988561284131916e-10 2.855729075934184734e-10 3.380423106354958522e-09 -4.021238717321228342e-11 -1.000731848634336117e-10 -8.750145036865999294e-11 4.383030974362390920e-11 -9.817672915734386231e-12 -1.646543065401464963e-11 6.682611345049670324e-11 1.801695737257651439e-11 -1.845511985562787248e-12 -5.107657139327392255e-12 4.099903319239457658e-11 -5.011996135939500996e-12 -1.071974777150412164e-11 2.870743473117733886e-12 -2.585263909382981573e-11 2.402321631931206962e-11
-7.024094748787725404e-10 4.860582312102659831e-11 -8.612441589105980804e-11 -4.021238717321228342e-11 2.048449732023706189e-09 -1.405596059659854503e-10 -2.008212393683594069e-11 -8.257816621059912598e-11 3.137968333138809912e-11 8.584713357859591891e-11 -1.689306695466611361e-11 -5.174583509028315333e-11 -7.601608763280468386e-12 3.589825202162351417e-12 3.777531407323811362e-13 2.837058743345942780e-12 9.110007689356550088e-12 1.890360355083791294e-11 6.330376789055952274e-12 4.074318277595444936e-12
-2.828802010364194856e-10 -4.125160897450698037e-10 3.177496702128735783e-10 -1.000731848634336117e-10 -1.405596059659854503e-10 1.354048282874459952e-09 1.322105132091523662e-10 9.857815899729567587e-11 1.489253991328000569e-11 9.017139992454697970e-11 -1.483618128399422624e-11 2.144005313871785655e-11 1.384294660860229927e-11 -5.483075102178590671e-12 4.774586330940664922e-11 1.827468151810892867e-11 2.551839018150575772e-13 -1.314231910028749289e-12 -6.061945873782849042e-12 -5.933854003084749659e-12
-1.279893410687400431e-10 2.134274042621981925e-10 1.504023140890396310e-10 -8.750145036865999294e-11 -2.008212393683594069e-11 1.322105132091523662e-10 7.816234528675086533e-10 1.043527492232912775e-10 5.846224999120123218e-11 1.497338148937819457e-11 2.354956981971384584e-11 -5.655240605533029279e-12 1.863860934083284509e-11 -3.058824107516258738e-11 -1.658780776269605281e-12 -2.841070419310932428e-12 -6.415111528861242534e-13 5.219523481953686090e-12 7.835021235684352468e-12 2.499851951796093868e-12
-3.887495995439464321e-10 -1.318804962009730067e-10 1.047413352007051070e-10 4.383030974362390920e-11 -8.257816621059912598e-11 9.857815899729567587e-11 1.043527492232912775e-10 6.226617146364283615e-10 -6.363791150708462005e-11 -1.681460293315713653e-11 4.803960376617872053e-13 2.227344524960062147e-11 1.780852940454003765e-11 6.126238300992198888e-12 -7.900793207483650557e-12 4.569615740361352674e-12 3.768632690818160916e-13 -5.847397711760445801e-12 2.072317731811678155e-12 1.966630472294307911e-12
2.039275632517801130e-10 2.282533173249270222e-10 2.318622229751769674e-10 -9.817672915734386231e-12 3.137968333138809912e-11 1.489253991328000569e-11 5.846224999120123218e-11 -6.363791150708462005e-11 4.662177389592567928e-10 2.975291667865750682e-11 -4.610774195934951897e-12 -3.368044551127555315e-11 -4.120974202225253536e-12 8.937765895211818019e-12 -2.428392415338463017e-11 9.133938534096230254e-12 8.281953816093874433e-12 7.861815683406053586e-13 3.230089250263172675e-12 5.293947547422553956e-12
1.315948568413256788e-10 1.951627876558801488e-11 -2.224491173737598528e-11 -1.646543065401464963e-11 8.584713357859591891e-11 9.017139992454697970e-11 1.497338148937819457e-11 -1.681460293315713653e-11 2.975291667865750682e-11 2.833520064573604041e-10 3.899414868914207171e-11 1.610995026787645081e-11 6.050231588944887698e-12 9.743136960130085021e-12 2.724214952684539645e-13 5.061177404070650470e-12 4.627767242531053244e-12 6.546909237870928288e-12 -4.614989717520370117e-12 1.000453207320216895e-11
2.992226344484778090e-11 1.555896216610546830e-10 4.349831014143190201e-11 6.682611345049670324e-11 -1.689306695466611361e-11 -1.483618128399422624e-11 2.354956981971384584e-11 4.803960376617872053e-13 -4.610774195934951897e-12 3.899414868914207171e-11 1.908643150591998853e-10 1.376950094542902173e-11 1.131514964135540452e-11 1.903344001079417519e-12 2.044527846421310864e-12 3.527648838926360637e-12 -7.596098270545746027e-13 -2.300557423697329649e-12 1.408411776579785994e-13 8.219987758874492130e-13
1.051535541085042180e-10 -1.614666499654539755e-11 -2.851550741461341542e-11 1.801695737257651439e-11 -5.174583509028315333e-11 2.144005313871785655e-11 -5.655240605533029279e-12 2.227344524960062147e-11 -3.368044551127555315e-11 1.610995026787645081e-11 1.376950094542902173e-11 9.868806641206245731e-11 2.270994227724842369e-11 1.190267002600200958e-11 7.347295336132058685e-12 -4.225242778035344068e-13 1.495857547944887589e-12 -4.416817226232466568e-12 -2.085449343462736884e-12 -1.867863119325242383e-12
3.535524878821496893e-11 -1.683169017082246035e-10 -5.546596259696090527e-11 -1.845511985562787248e-12 -7.601608763280468386e-12 1.384294660860229927e-11 1.863860934083284509e-11 1.780852940454003765e-11 -4.120974202225253536e-12 6.050231588944887698e-12 1.131514964135540452e-11 2.270994227724842369e-11 1.079383828166056132e-10 2.730948344461606036e-11 2.297391538351122167e-11 1.406158187616913803e-11 5.362119652782026884e-12 -4.238335786694283153e-12 -1.458239419165151289e-12 -5.040700878457478059e-13
6.923919275396841748e-11 -4.758418534549664090e-11 3.861851459491988342e-11 -5.107657139327392255e-12 3.589825202162351417e-12 -5.483075102178590671e-12 -3.058824107516258738e-11 6.126238300992198888e-12 8.937765895211818019e-12 9.743136960130085021e-12 1.903344001079417519e-12 1.190267002600200958e-11 2.730948344461606036e-11 5.820516313868685084e-11 1.905959502148992172e-11 1.282260371254701766e-11 2.880933384358229356e-12 -4.015205758363089407e-12 -6.650815042919775515e-13 6.582093478179535926e-13
-3.995838621792642798e-11 -1.558822118031678427e-10 -7.489267933246359970e-11 4.099903319239457658e-11 3.777531407323811362e-13 4.774586330940664922e-11 -1.658780776269605281e-12 -7.900793207483650557e-12 -2.428392415338463017e-11 2.724214952684539645e-13 2.044527846421310864e-12 7.347295336132058685e-12 2.297391538351122167e-11 1.905959502148992172e-11 5.016740527791451464e-11 1.565846197884739700e-11 1.816201616726030305e-13 6.571291382233951485e-13 9.483190593645266579e-13 7.757512028090346656e-13
-5.233207499124126645e-11 -5.693975186436290228e-11 -2.541137366870931880e-11 -5.011996135939500996e-12 2.837058743345942780e-12 1.827468151810892867e-11 -2.841070419310932428e-12 4.569615740361352674e-12 9.133938534096230254e-12 5.061177404070650470e-12 3.527648838926360637e-12 -4.225242778035344068e-13 1.406158187616913803e-11 1.282260371254701766e-11 1.565846197884739700e-11 3.787183686267627764e-11 1.158057672862111202e-11 2.800517340066222377e-12 -8.127703408394198903e-13 -2.312798936457217863e-12
6.190001147532755236e-11 -1.569194877518119223e-11 -2.329571500045577769e-11 -1.071974777150412164e-11 9.110007689356550088e-12 2.551839018150575772e-13 -6.415111528861242534e-13 3.768632690818160916e-13 8.281953816093874433e-12 4.627767242531053244e-12 -7.596098270545746027e-13 1.495857547944887589e-12 5.362119652782026884e-12 2.880933384358229356e-12 1.816201616726030305e-13 1.158057672862111202e-11 2.898877444334181325e-11 8.154540258500509700e-12 1.598406684539936357e-12 -4.559637512255152847e-13
1.427887243960154475e-11 -3.445363852746966460e-11 -5.167420258185935600e-12 2.870743473117733886e-12 1.890360355083791294e-11 -1.314231910028749289e-12 5.219523481953686090e-12 -5.847397711760445801e-12 7.861815683406053586e-13 6.546909237870928288e-12 -2.300557423697329649e-12 -4.416817226232466568e-12 -4.238335786694283153e-12 -4.015205758363089407e-12 6.571291382233951485e-13 2.800517340066222377e-12 8.154540258500509700e-12 2.520495506018721396e-11 8.077843755565366869e-12 1.211945774206753468e-12
1.559535178661662645e-11 -7.232644327695474089e-12 8.856991245223630257e-12 -2.585263909382981573e-11 6.330376789055952274e-12 -6.061945873782849042e-12 7.835021235684352468e-12 2.072317731811678155e-12 3.230089250263172675e-12 -4.614989717520370117e-12 1.408411776579785994e-13 -2.085449343462736884e-12 -1.458239419165151289e-12 -6.650815042919775515e-13 9.483190593645266579e-13 -8.127703408394198903e-13 1.598406684539936357e-12 8.077843755565366869e-12 1.659172451705955453e-11 3.767591560189799859e-12
-3.142585841024815572e-12 3.555807155724799023e-12 -1.193752941374044092e-11 2.402321631931206962e-11 4.074318277595444936e-12 -5.933854003084749659e-12 2.499851951796093868e-12 1.966630472294307911e-12 5.293947547422553956e-12 1.000453207320216895e-11 8.219987758874492130e-13 -1.867863119325242383e-12 -5.040700878457478059e-13 6.582093478179535926e-13 7.757512028090346656e-13 -2.312798936457217863e-12 -4.559637512255152847e-13 1.211945774206753468e-12 3.767591560189799859e-12 1.532591722009832298e-11
