6.058065812146625555e-11 1.269956660741580408e-11 7.511755419477438175e-12 2.901731802806875673e-12 -6.122131602429434711e-14 1.382413158465856078e-12 2.031647950247244063e-13 -1.655755927922112525e-12 -9.203787914321836532e-13 -1.574420737628815903e-12 -2.437947073960629844e-12 -1.588254042950342262e-12 -4.040203729887502693e-12 -2.808696795009850503e-12 -2.932206250361044081e-12 -2.397309465348436933e-12 -1.520657469595508295e-12 -1.924870704371757889e-13 5.742002895182718042e-13 5.482562727434382419e-12 9.366076941017719508e-12 6.008255053919787242e-12 6.388156891010250320e-12 3.886899903989020616e-12 1.652655263588247618e-12 -6.791416841901272889e-12
1.269956660741580408e-11 4.129546673878752568e-11 1.117318575947707042e-11 6.562266118032563039e-12 6.671972041843514349e-12 2.699352857626678589e-12 3.360609182997139434e-12 1.631581579517640555e-12 -5.624775085266374432e-13 -8.891150655263870161e-13 2.892240398687750793e-14 -1.164183788288328325e-12 -3.129426154514289447e-12 -2.878171864222716220e-12 -2.572480509060435846e-12 -3.627940622999217661e-12 -2.028398454055149590e-12 1.147910283969778602e-12 2.599644923828668262e-12 6.853949257406293551e-13 -1.380217891164831319e-12 -8.868929819519378491e-13 1.843202905934981838e-12 7.734933328245968947e-12 4.894988857201650567e-12 -9.440332059070828262e-12
7.511755419477438175e-12 1.117318575947707042e-11 3.318447949782378443e-11 8.379914709637030842e-12 7.594465035312854503e-12 4.123966831669938589e-12 3.466479911680814057e-12 3.021471110758267706e-12 1.195905624472013401e-12 1.170394224684973070e-12 -1.280665285402273340e-12 -3.979401556246543125e-12 -5.527033418903042430e-12 -4.334535267488062993e-12 -3.253027073885772217e-12 -2.723433785267367637e-12 -8.363986437357697824e-13 1.015469386603224855e-13 5.962016752773706449e-13 2.386923126469344063e-12 1.537422145912143191e-13 -3.563979836222919804e-12 -1.010358275377731908e-12 7.777148400840746416e-12 8.570150818426001329e-12 -1.066978714911406077e-11
2.901731802806875673e-12 6.562266118032563039e-12 8.379914709637030842e-12 2.624108224086492184e-11 1.043889377165134056e-11 5.265240722399386870e-12 5.387546561752223511e-12 3.201155651895493236e-12 1.328019938469102010e-13 3.741862933671017347e-13 7.751735222460540491e-13 -1.580100468959206185e-12 -3.685715030166502783e-12 -3.492944171826460839e-12 -1.104855391638406781e-12 -4.691281151083472142e-14 1.370190369867637685e-13 -1.865780680705334628e-12 -2.915579844617574424e-12 -2.793211676183109531e-12 -1.760129876808457968e-12 -1.183725835645573821e-12 8.020824964282090285e-14 1.297322027362458048e-12 2.784833091187412969e-12 -1.104097611568043095e-11
-6.122131602429434711e-14 6.671972041843514349e-12 7.594465035312854503e-12 1.043889377165134056e-11 2.148343828979163544e-11 9.835731929191843611e-12 8.348184209285484542e-12 4.755608435890691922e-12 1.666026063708915448e-12 1.425691477914864117e-12 1.716098959722064299e-12 1.060818702307996855e-12 3.234133581842970885e-13 3.171647126491543139e-13 2.554270675232283631e-12 4.118269500411569706e-12 6.147527453084590736e-12 8.828707981557837705e-12 1.070931433522088458e-11 9.745597176021883883e-12 6.501466682612693692e-12 2.485211397735238522e-12 2.414487413518997925e-12 1.146399513737273015e-11 1.443732955050222180e-11 2.201706561978277589e-12
1.382413158465856078e-12 2.699352857626678589e-12 4.123966831669938589e-12 5.265240722399386870e-12 9.835731929191843611e-12 1.759071882029449395e-11 1.009645028586568581e-11 4.699071595164781367e-12 3.326376431546413759e-12 3.087865079418118097e-12 2.223754391592385809e-12 2.313902300143345574e-12 1.266894061840618901e-12 1.372945681718632403e-12 2.570147356511627168e-12 4.588432057518192121e-12 5.871752744864244259e-12 5.910172798307638600e-12 7.521311121331323354e-12 1.059343704578252196e-11 1.025829924991662519e-11 6.420188298693356907e-12 4.212962903314480717e-12 2.789785821330878818e-12 1.332388497872491952e-12 1.174370829416746577e-13
2.031647950247244063e-13 3.360609182997139434e-12 3.466479911680814057e-12 5.387546561752223511e-12 8.348184209285484542e-12 1.009645028586568581e-11 1.735277513540582741e-11 9.513641684244621416e-12 6.486070024337503921e-12 5.958661693267918841e-12 5.689928790750832608e-12 4.809626614577195556e-12 3.637540095690739919e-12 3.304922826277116815e-12 3.168271666826850861e-12 3.217320137835631306e-12 4.448952375520963942e-12 5.936909284991859122e-12 9.435837474621146903e-12 9.009996700475957919e-12 7.838431017574721486e-12 3.522062272517126252e-12 2.975453504836401661e-12 8.118461258777753528e-13 -2.309695501576025010e-12 -5.096440506898692698e-12
-1.655755927922112525e-12 1.631581579517640555e-12 3.021471110758267706e-12 3.201155651895493236e-12 4.755608435890691922e-12 4.699071595164781367e-12 9.513641684244621416e-12 1.526578604747430241e-11 1.020407218232268120e-11 8.034248236802514495e-12 6.302523702439853028e-12 5.144842239349880586e-12 4.997279938266301505e-12 4.253454523628810409e-12 4.067297011881757757e-12 2.624941168154087040e-12 2.981596502669435164e-12 4.444949707888424659e-12 6.155365939685968083e-12 6.250160507491612424e-12 7.302702426678674357e-12 8.413595952030458298e-12 1.400894921857165347e-11 1.098457331274289243e-11 -1.068454140138186462e-12 -9.362508523461250407e-12
-9.203787914321836532e-13 -5.624775085266374432e-13 1.195905624472013401e-12 1.328019938469102010e-13 1.666026063708915448e-12 3.326376431546413759e-12 6.486070024337503921e-12 1.020407218232268120e-11 1.510996150161094437e-11 1.184228659105572156e-11 9.517563453373724448e-12 7.381049626686124196e-12 7.425428514770304775e-12 7.904908887372352716e-12 7.991853690309070452e-12 7.585686308935772903e-12 9.494078511129343369e-12 1.103942941921786940e-11 1.283944490737191810e-11 1.261358568439640351e-11 1.056413261001082051e-11 4.226952368613215338e-12 7.819691247764104641e-12 1.135320991099594593e-11 4.678497322449012531e-12 -1.962477800717812105e-12
-1.574420737628815903e-12 -8.891150655263870161e-13 1.170394224684973070e-12 3.741862933671017347e-13 1.425691477914864117e-12 3.087865079418118097e-12 5.958661693267918841e-12 8.034248236802514495e-12 1.184228659105572156e-11 1.913737249376196594e-11 1.574810769737414131e-11 1.197675037931639408e-11 1.238394981846397408e-11 1.201256234336528609e-11 1.167289883240326870e-11 1.179682599981928249e-11 1.330595854728836337e-11 1.528282058096091394e-11 1.589484761374241650e-11 1.707190731966907033e-11 1.661271426010198789e-11 9.003510765585372284e-12 1.082196768429148925e-11 1.255797803370580437e-11 7.991214551631180413e-12 9.344764791307263756e-13
-2.437947073960629844e-12 2.892240398687750793e-14 -1.280665285402273340e-12 7.751735222460540491e-13 1.716098959722064299e-12 2.223754391592385809e-12 5.689928790750832608e-12 6.302523702439853028e-12 9.517563453373724448e-12 1.574810769737414131e-11 2.139814262565271804e-11 1.821093545428296001e-11 1.798521149560130464e-11 1.663715317694061647e-11 1.540865434880117807e-11 1.595385351816313366e-11 1.692198767863063076e-11 1.873678578478388720e-11 2.068827290887023567e-11 2.367714811223982470e-11 2.399579699350507626e-11 1.481001333864983288e-11 1.356699045613830456e-11 1.345732822695482424e-11 1.124593351108869208e-11 -1.025101636649258554e-12
-1.588254042950342262e-12 -1.164183788288328325e-12 -3.979401556246543125e-12 -1.580100468959206185e-12 1.060818702307996855e-12 2.313902300143345574e-12 4.809626614577195556e-12 5.144842239349880586e-12 7.381049626686124196e-12 1.197675037931639408e-11 1.821093545428296001e-11 2.427727234242746174e-11 2.469140506801590253e-11 2.259798168742381373e-11 2.050069275686339657e-11 2.081919534371855979e-11 2.162838918805478296e-11 2.475551670708991087e-11 2.690544570487982779e-11 2.993894149204397827e-11 2.811647838002183858e-11 1.356136639142695790e-11 9.464088463595624790e-12 7.529251740241233177e-12 1.448058221986869549e-11 1.068483151718387537e-11
-4.040203729887502693e-12 -3.129426154514289447e-12 -5.527033418903042430e-12 -3.685715030166502783e-12 3.234133581842970885e-13 1.266894061840618901e-12 3.637540095690739919e-12 4.997279938266301505e-12 7.425428514770304775e-12 1.238394981846397408e-11 1.798521149560130464e-11 2.469140506801590253e-11 3.447133199747360122e-11 3.366771938286543213e-11 3.165870731542480258e-11 3.357067325293764736e-11 3.510168318109263126e-11 3.975650413061615331e-11 4.372375898367421788e-11 4.686681087041640846e-11 4.359815573692509216e-11 2.107851684349024522e-11 1.238764619524868128e-11 9.491426555259460414e-12 1.393183284305705029e-11 8.305141493781795709e-12
-2.808696795009850503e-12 -2.878171864222716220e-12 -4.334535267488062993e-12 -3.492944171826460839e-12 3.171647126491543139e-13 1.372945681718632403e-12 3.304922826277116815e-12 4.253454523628810409e-12 7.904908887372352716e-12 1.201256234336528609e-11 1.663715317694061647e-11 2.259798168742381373e-11 3.366771938286543213e-11 4.255517663261273351e-11 4.431118299393171046e-11 4.852394791536197692e-11 5.265419743650992991e-11 6.002416144330852224e-11 6.741031659372266682e-11 7.192043748354611687e-11 6.168612594930960499e-11 2.163430536865096742e-11 6.516533976785681574e-12 1.093391285322766182e-11 1.679665807582105122e-11 7.570613783351629810e-12
-2.932206250361044081e-12 -2.572480509060435846e-12 -3.253027073885772217e-12 -1.104855391638406781e-12 2.554270675232283631e-12 2.570147356511627168e-12 3.168271666826850861e-12 4.067297011881757757e-12 7.991853690309070452e-12 1.167289883240326870e-11 1.540865434880117807e-11 2.050069275686339657e-11 3.165870731542480258e-11 4.431118299393171046e-11 5.972257662817948056e-11 7.083607767636302188e-11 8.074885114947120848e-11 9.190215284453361021e-11 1.025822404484116084e-10 1.090694943402388730e-10 9.143224171480662298e-11 3.289149369300900727e-11 5.026195010406751281e-12 1.586035455013421345e-11 2.267319597906676730e-11 6.936771726225542316e-12
-2.397309465348436933e-12 -3.627940622999217661e-12 -2.723433785267367637e-12 -4.691281151083472142e-14 4.118269500411569706e-12 4.588432057518192121e-12 3.217320137835631306e-12 2.624941168154087040e-12 7.585686308935772903e-12 1.179682599981928249e-11 1.595385351816313366e-11 2.081919534371855979e-11 3.357067325293764736e-11 4.852394791536197692e-11 7.083607767636302188e-11 1.002291517368102326e-10 1.224997808395736580e-10 1.425263814146663868e-10 1.583434723309362032e-10 1.680257980542197033e-10 1.436375826197870406e-10 5.641366877740152946e-11 5.117681369737914006e-12 2.044335233320582378e-11 3.151518988975921026e-11 1.036932271740586446e-11
-1.520657469595508295e-12 -2.028398454055149590e-12 -8.363986437357697824e-13 1.370190369867637685e-13 6.147527453084590736e-12 5.871752744864244259e-12 4.448952375520963942e-12 2.981596502669435164e-12 9.494078511129343369e-12 1.330595854728836337e-11 1.692198767863063076e-11 2.162838918805478296e-11 3.510168318109263126e-11 5.265419743650992991e-11 8.074885114947120848e-11 1.224997808395736580e-10 1.712349459910584991e-10 2.082417752831862068e-10 2.342381830285279099e-10 2.494456610704325661e-10 2.197549985449594801e-10 1.007870705246606779e-10 9.096915903810227790e-12 1.937046439292227428e-11 3.226897150624060560e-11 6.373959727907375343e-12
-1.924870704371757889e-13 1.147910283969778602e-12 1.015469386603224855e-13 -1.865780680705334628e-12 8.828707981557837705e-12 5.910172798307638600e-12 5.936909284991859122e-12 4.444949707888424659e-12 1.103942941921786940e-11 1.528282058096091394e-11 1.873678578478388720e-11 2.475551670708991087e-11 3.975650413061615331e-11 6.002416144330852224e-11 9.190215284453361021e-11 1.425263814146663868e-10 2.082417752831862068e-10 2.770116733341085226e-10 3.221603185188705378e-10 3.437107030809910051e-10 3.104705551601556137e-10 1.638895599520936994e-10 2.311055080513713367e-11 2.070365606343466603e-11 2.928061837223920752e-11 -8.336304570682952004e-13
5.742002895182718042e-13 2.599644923828668262e-12 5.962016752773706449e-13 -2.915579844617574424e-12 1.070931433522088458e-11 7.521311121331323354e-12 9.435837474621146903e-12 6.155365939685968083e-12 1.283944490737191810e-11 1.589484761374241650e-11 2.068827290887023567e-11 2.690544570487982779e-11 4.372375898367421788e-11 6.741031659372266682e-11 1.025822404484116084e-10 1.583434723309362032e-10 2.342381830285279099e-10 3.221603185188705378e-10 4.054329819971500446e-10 4.514700117161384195e-10 4.231977010345607246e-10 2.592588235224717711e-10 6.398853584768645006e-11 3.202925702333002400e-11 3.237221980522159281e-11 -7.310286393639052868e-12
5.482562727434382419e-12 6.853949257406293551e-13 2.386923126469344063e-12 -2.793211676183109531e-12 9.745597176021883883e-12 1.059343704578252196e-11 9.009996700475957919e-12 6.250160507491612424e-12 1.261358568439640351e-11 1.707190731966907033e-11 2.367714811223982470e-11 2.993894149204397827e-11 4.686681087041640846e-11 7.192043748354611687e-11 1.090694943402388730e-10 1.680257980542197033e-10 2.494456610704325661e-10 3.437107030809910051e-10 4.514700117161384195e-10 5.567504598738612095e-10 5.634014752592496672e-10 4.007724820117970697e-10 1.485315407102659357e-10 5.172689828861661332e-11 3.895839602474840240e-11 -1.535083975937581669e-11
9.366076941017719508e-12 -1.380217891164831319e-12 1.537422145912143191e-13 -1.760129876808457968e-12 6.501466682612693692e-12 1.025829924991662519e-11 7.838431017574721486e-12 7.302702426678674357e-12 1.056413261001082051e-11 1.661271426010198789e-11 2.399579699350507626e-11 2.811647838002183858e-11 4.359815573692509216e-11 6.168612594930960499e-11 9.143224171480662298e-11 1.436375826197870406e-10 2.197549985449594801e-10 3.104705551601556137e-10 4.231977010345607246e-10 5.634014752592496672e-10 6.495349278512309268e-10 5.573072748413473495e-10 2.944781139903073923e-10 9.432230577577380260e-11 2.118980757171302292e-11 -2.903206817678756766e-11
6.008255053919787242e-12 -8.868929819519378491e-13 -3.563979836222919804e-12 -1.183725835645573821e-12 2.485211397735238522e-12 6.420188298693356907e-12 3.522062272517126252e-12 8.413595952030458298e-12 4.226952368613215338e-12 9.003510765585372284e-12 1.481001333864983288e-11 1.356136639142695790e-11 2.107851684349024522e-11 2.163430536865096742e-11 3.289149369300900727e-11 5.641366877740152946e-11 1.007870705246606779e-10 1.638895599520936994e-10 2.592588235224717711e-10 4.007724820117970697e-10 5.573072748413473495e-10 6.446941220112216487e-10 4.727853697681622956e-10 1.841877680031320581e-10 -2.399876533648643927e-12 -4.156683273492886665e-11
6.388156891010250320e-12 1.843202905934981838e-12 -1.010358275377731908e-12 8.020824964282090285e-14 2.414487413518997925e-12 4.212962903314480717e-12 2.975453504836401661e-12 1.400894921857165347e-11 7.819691247764104641e-12 1.082196768429148925e-11 1.356699045613830456e-11 9.464088463595624790e-12 1.238764619524868128e-11 6.516533976785681574e-12 5.026195010406751281e-12 5.117681369737914006e-12 9.096915903810227790e-12 2.311055080513713367e-11 6.398853584768645006e-11 1.485315407102659357e-10 2.944781139903073923e-10 4.727853697681622956e-10 5.359390196967712935e-10 3.363301295445327196e-10 4.716337104152848247e-11 -1.695551549715227389e-11
3.886899903989020616e-12 7.734933328245968947e-12 7.777148400840746416e-12 1.297322027362458048e-12 1.146399513737273015e-11 2.789785821330878818e-12 8.118461258777753528e-13 1.098457331274289243e-11 1.135320991099594593e-11 1.255797803370580437e-11 1.345732822695482424e-11 7.529251740241233177e-12 9.491426555259460414e-12 1.093391285322766182e-11 1.586035455013421345e-11 2.044335233320582378e-11 1.937046439292227428e-11 2.070365606343466603e-11 3.202925702333002400e-11 5.172689828861661332e-11 9.432230577577380260e-11 1.841877680031320581e-10 3.363301295445327196e-10 4.413211621705866850e-10 2.462654978097698547e-10 5.402117140291743585e-11
1.652655263588247618e-12 4.894988857201650567e-12 8.570150818426001329e-12 2.784833091187412969e-12 1.443732955050222180e-11 1.332388497872491952e-12 -2.309695501576025010e-12 -1.068454140138186462e-12 4.678497322449012531e-12 7.991214551631180413e-12 1.124593351108869208e-11 1.448058221986869549e-11 1.393183284305705029e-11 1.679665807582105122e-11 2.267319597906676730e-11 3.151518988975921026e-11 3.226897150624060560e-11 2.928061837223920752e-11 3.237221980522159281e-11 3.895839602474840240e-11 2.118980757171302292e-11 -2.399876533648643927e-12 4.716337104152848247e-11 2.462654978097698547e-10 4.264167021802221653e-10 2.351294863131794403e-10
-6.791416841901272889e-12 -9.440332059070828262e-12 -1.066978714911406077e-11 -1.104097611568043095e-11 2.201706561978277589e-12 1.174370829416746577e-13 -5.096440506898692698e-12 -9.362508523461250407e-12 -1.962477800717812105e-12 9.344764791307263756e-13 -1.025101636649258554e-12 1.068483151718387537e-11 8.305141493781795709e-12 7.570613783351629810e-12 6.936771726225542316e-12 1.036932271740586446e-11 6.373959727907375343e-12 -8.336304570682952004e-13 -7.310286393639052868e-12 -1.535083975937581669e-11 -2.903206817678756766e-11 -4.156683273492886665e-11 -1.695551549715227389e-11 5.402117140291743585e-11 2.351294863131794403e-10 3.919560411750993937e-10
