4.040777657232046407e-11 1.004322325850313998e-11 3.385345934530962001e-12 -1.698536874462176459e-12 -5.300102565626391597e-13 -9.402978885660913501e-13 -2.133697058767234401e-12 7.428129120596311426e-13 1.574220170443926174e-12 1.856416960658266759e-12 8.212834868421880551e-13 1.515266239920675376e-14 -9.981184098541126464e-13 -9.623968567033561877e-13 -5.951214477694354045e-13 -8.349442423451431611e-14 8.558257141245509650e-13 -9.418594782083941734e-13 -2.964818115963783377e-13 1.361124849437912127e-12 2.014442972165110422e-12 7.507506158002078992e-12 9.146896617621343556e-12 6.657236460545694515e-12 6.644871267668353371e-12 8.118838237520093420e-12
1.004322325850313998e-11 3.714721352478077978e-11 1.361808647791313480e-11 8.427951263684383466e-12 4.453332134019854455e-12 2.761069959745637645e-12 1.883780632233237078e-12 8.838330335961214200e-13 1.145938664030962980e-12 7.830009623664785352e-13 -4.710458156645248394e-13 -2.477106621298253874e-12 -2.623101957994973973e-12 -1.631830250103533960e-12 7.457998873430829174e-13 3.148738615167745704e-12 3.726355496539494062e-12 5.386184463656720935e-12 5.900883211382042816e-12 2.825159819700654027e-12 2.878904093315947800e-12 6.343886724124637601e-13 -1.972810337349090828e-13 6.848868558483604397e-12 3.513933638810236553e-12 -6.947986574877541933e-12
3.385345934530962001e-12 1.361808647791313480e-11 3.161806586995916663e-11 8.404593786676852702e-12 2.871837161842835686e-12 1.656900334723145526e-12 2.277568034271789563e-12 1.297256015731179102e-12 1.097802443876694974e-12 2.337338350822222448e-12 1.834114758790886257e-12 2.764326351163408538e-13 3.505678945299588540e-13 8.463701698797978076e-13 1.805276643253466096e-12 9.240333979586771770e-13 -6.577803443131338444e-13 -2.921029325633963801e-12 -9.036921727945780614e-13 -2.021130666370833955e-12 -1.217066470213479165e-12 5.302141567390606373e-13 1.727279399421397960e-13 -1.818992759031807878e-12 2.942887594667599591e-12 9.261082523892829452e-12
-1.698536874462176459e-12 8.427951263684383466e-12 8.404593786676852702e-12 2.676839747721707818e-11 1.068218688448527075e-11 5.665415942529744804e-12 4.070308244599930348e-12 1.757063107698951603e-12 2.801952856801513408e-12 1.987641991948785075e-12 2.284387625239149270e-12 7.062552686891772407e-13 -6.308227515005180552e-13 -8.389883183040542104e-13 -5.116196742088201307e-13 -1.749398047896352155e-12 -1.158058171239058325e-12 -2.921828783815595368e-12 -2.151487091063292220e-12 -1.872293874023746848e-12 -2.813338424146119392e-13 3.848908671574042517e-12 8.106466749092607942e-12 1.123595221821165352e-11 8.087946911580351176e-12 1.040810741951093436e-11
-5.300102565626391597e-13 4.453332134019854455e-12 2.871837161842835686e-12 1.068218688448527075e-11 1.899233885753506767e-11 9.065000533460622365e-12 4.621814314901413703e-12 2.993817414528066301e-12 3.121898470889884317e-12 1.549510638142961364e-12 1.893954785610488411e-12 2.425995817199924290e-12 1.193383415980101572e-12 1.551996899313179455e-12 2.122922084025932303e-12 1.367729731236960915e-12 2.486743443227262377e-12 2.769276440168132512e-12 4.624535960953164272e-12 6.772125329637634422e-12 7.420289776707525706e-12 7.948335071539467310e-12 3.079139582609231932e-12 -3.345737276896266198e-12 -2.282278959595942193e-13 3.412139319678061760e-12
-9.402978885660913501e-13 2.761069959745637645e-12 1.656900334723145526e-12 5.665415942529744804e-12 9.065000533460622365e-12 1.791150225971433384e-11 9.689257192674726242e-12 6.790938706488587082e-12 6.147234329934663804e-12 2.668763035362824363e-12 1.510082734095588473e-12 1.444489215111965347e-12 1.492863565449094167e-12 7.732682623885330731e-13 1.559893256838252231e-12 2.659453709559727205e-12 3.723746094208671375e-12 1.746951140971141861e-12 1.366680976038920822e-12 4.156622745371197141e-12 4.622835472192613153e-12 3.198138355799399422e-12 2.450777971085369191e-12 -1.294050915353082900e-12 7.334673902752276191e-13 4.509092139542037258e-12
-2.133697058767234401e-12 1.883780632233237078e-12 2.277568034271789563e-12 4.070308244599930348e-12 4.621814314901413703e-12 9.689257192674726242e-12 1.470569882866334500e-11 8.943318031445477338e-12 7.375783225175750984e-12 4.702145177750260582e-12 3.149231849885213503e-12 2.070231861336853216e-12 1.823745785713669308e-12 7.262228821002230822e-13 1.005580353083929497e-12 2.135783139058399193e-12 4.178831034654149393e-12 3.385592478663381521e-12 3.407759037381033678e-12 6.225810466306233995e-12 8.240574576823285511e-12 6.277914118004316478e-12 4.807385215960346756e-12 1.080496190023218443e-12 3.597321856097072889e-12 7.137766289140588007e-13
7.428129120596311426e-13 8.838330335961214200e-13 1.297256015731179102e-12 1.757063107698951603e-12 2.993817414528066301e-12 6.790938706488587082e-12 8.943318031445477338e-12 1.385689684908163066e-11 1.064086409750283978e-11 7.671203020281819945e-12 5.768664816873452664e-12 4.699785491702689749e-12 3.352863609792047740e-12 2.828610456357117528e-12 3.097044348062111700e-12 5.586379171449526544e-12 6.944105030570518931e-12 5.991017540949453665e-12 6.975454434629910129e-12 7.182910344417740471e-12 4.451360922683539115e-12 -6.782673195007817829e-13 -4.510790093935983020e-12 -6.273807830549307402e-12 -2.993997706444578138e-12 -3.836362570621487746e-12
1.574220170443926174e-12 1.145938664030962980e-12 1.097802443876694974e-12 2.801952856801513408e-12 3.121898470889884317e-12 6.147234329934663804e-12 7.375783225175750984e-12 1.064086409750283978e-11 1.686403707424762312e-11 1.234164638308475421e-11 8.856671795185683116e-12 7.448797826461661144e-12 5.693435918824313665e-12 5.292382016173325795e-12 4.696068675556067567e-12 6.039277929983197841e-12 8.837705103980078382e-12 7.425202710981599981e-12 7.430846939126886789e-12 7.975509455517933142e-12 5.768387179732599376e-12 1.402806529401667521e-12 -3.271201987629408804e-13 -2.897867241214099991e-12 -3.307717614482170116e-12 -3.734894521638743744e-12
1.856416960658266759e-12 7.830009623664785352e-13 2.337338350822222448e-12 1.987641991948785075e-12 1.549510638142961364e-12 2.668763035362824363e-12 4.702145177750260582e-12 7.671203020281819945e-12 1.234164638308475421e-11 1.602486036379619267e-11 1.271842117459981716e-11 9.567685048969641906e-12 7.619682765391837236e-12 6.991238054560727850e-12 5.395717504613086236e-12 5.981533859757181036e-12 7.379227794641581945e-12 5.842124743421877346e-12 5.851700539859492412e-12 6.576995519579941634e-12 6.122871176394999322e-12 1.993768501379476181e-12 -2.932684394169377332e-13 -4.412892196261063507e-12 -1.768204224562328452e-12 -5.870648029687111406e-12
8.212834868421880551e-13 -4.710458156645248394e-13 1.834114758790886257e-12 2.284387625239149270e-12 1.893954785610488411e-12 1.510082734095588473e-12 3.149231849885213503e-12 5.768664816873452664e-12 8.856671795185683116e-12 1.271842117459981716e-11 1.712472780321249507e-11 1.453912648205729784e-11 1.158249819726525178e-11 1.037322009126355723e-11 9.047303332718244916e-12 8.792716071497416258e-12 9.186370310242492379e-12 8.716148399402704167e-12 8.540947846030723590e-12 9.207883284782670913e-12 6.580016331020317803e-12 -1.116781119959587919e-12 -4.172264059292815341e-12 -6.585599713121010656e-12 -4.466085983617652546e-12 -5.973361904447079878e-12
1.515266239920675376e-14 -2.477106621298253874e-12 2.764326351163408538e-13 7.062552686891772407e-13 2.425995817199924290e-12 1.444489215111965347e-12 2.070231861336853216e-12 4.699785491702689749e-12 7.448797826461661144e-12 9.567685048969641906e-12 1.453912648205729784e-11 2.056167900807763953e-11 1.892636324602997129e-11 1.703414921292020171e-11 1.511068491740179072e-11 1.393322858309382737e-11 1.358002954060608863e-11 1.279042119642305881e-11 1.196174759468115174e-11 1.278913434272647298e-11 7.715236857118791022e-12 -3.327302435233195504e-12 -4.568835687782066653e-12 -6.050302417592302330e-12 -5.997748562055278888e-12 -2.838587456984277355e-12
-9.981184098541126464e-13 -2.623101957994973973e-12 3.505678945299588540e-13 -6.308227515005180552e-13 1.193383415980101572e-12 1.492863565449094167e-12 1.823745785713669308e-12 3.352863609792047740e-12 5.693435918824313665e-12 7.619682765391837236e-12 1.158249819726525178e-11 1.892636324602997129e-11 2.662604568279500310e-11 2.543355549476893924e-11 2.321447259143240897e-11 2.170306516543428263e-11 2.084295562157810423e-11 2.100786747565924799e-11 2.099247734902786600e-11 2.179044668499992214e-11 1.406675371773560347e-11 -3.007670658306568127e-12 -3.703895279630714284e-12 -1.497164096223622224e-12 -6.370329688848415672e-12 -5.130199609792855424e-12
-9.623968567033561877e-13 -1.631830250103533960e-12 8.463701698797978076e-13 -8.389883183040542104e-13 1.551996899313179455e-12 7.732682623885330731e-13 7.262228821002230822e-13 2.828610456357117528e-12 5.292382016173325795e-12 6.991238054560727850e-12 1.037322009126355723e-11 1.703414921292020171e-11 2.543355549476893924e-11 3.447054626939116397e-11 3.537604342061908138e-11 3.509691596143040695e-11 3.459535739187237921e-11 3.504416968818335249e-11 3.595090930632922490e-11 3.727498196712581763e-11 2.769767093320514456e-11 1.311800320299999251e-12 -3.541645752778960453e-12 -5.157459055549512497e-13 -4.801860440517624091e-12 -3.102881013637646357e-12
-5.951214477694354045e-13 7.457998873430829174e-13 1.805276643253466096e-12 -5.116196742088201307e-13 2.122922084025932303e-12 1.559893256838252231e-12 1.005580353083929497e-12 3.097044348062111700e-12 4.696068675556067567e-12 5.395717504613086236e-12 9.047303332718244916e-12 1.511068491740179072e-11 2.321447259143240897e-11 3.537604342061908138e-11 4.774848130699649604e-11 5.077873669610921613e-11 5.077299453932789136e-11 5.136931863796536088e-11 5.270388890443575813e-11 5.662295010105403573e-11 4.713295100116557542e-11 1.063240053418868910e-11 -2.437947972122442384e-12 -2.842733301864975052e-12 -3.264831190354447028e-12 -2.267375481600709630e-12
-8.349442423451431611e-14 3.148738615167745704e-12 9.240333979586771770e-13 -1.749398047896352155e-12 1.367729731236960915e-12 2.659453709559727205e-12 2.135783139058399193e-12 5.586379171449526544e-12 6.039277929983197841e-12 5.981533859757181036e-12 8.792716071497416258e-12 1.393322858309382737e-11 2.170306516543428263e-11 3.509691596143040695e-11 5.077873669610921613e-11 6.570965362165996231e-11 7.052702333107906101e-11 7.346169226847195470e-11 7.670143380135537222e-11 8.336393967152582580e-11 7.513195401046587064e-11 3.002755986042538746e-11 4.718845339778919308e-12 5.164235100334416655e-13 -4.177360688360842862e-12 -6.110511732493386525e-12
8.558257141245509650e-13 3.726355496539494062e-12 -6.577803443131338444e-13 -1.158058171239058325e-12 2.486743443227262377e-12 3.723746094208671375e-12 4.178831034654149393e-12 6.944105030570518931e-12 8.837705103980078382e-12 7.379227794641581945e-12 9.186370310242492379e-12 1.358002954060608863e-11 2.084295562157810423e-11 3.459535739187237921e-11 5.077299453932789136e-11 7.052702333107906101e-11 8.820503141121873342e-11 9.524001918944929541e-11 1.005866177119670490e-10 1.104218810442164083e-10 1.025137262648920758e-10 4.977310650104786310e-11 1.076420480133840818e-11 2.827811302045056427e-12 -6.700380847085897084e-12 -1.038864984179052815e-11
-9.418594782083941734e-13 5.386184463656720935e-12 -2.921029325633963801e-12 -2.921828783815595368e-12 2.769276440168132512e-12 1.746951140971141861e-12 3.385592478663381521e-12 5.991017540949453665e-12 7.425202710981599981e-12 5.842124743421877346e-12 8.716148399402704167e-12 1.279042119642305881e-11 2.100786747565924799e-11 3.504416968818335249e-11 5.136931863796536088e-11 7.346169226847195470e-11 9.524001918944929541e-11 1.184653517060096037e-10 1.309885818604813335e-10 1.433975022237905704e-10 1.356086769350928074e-10 7.517940627378078073e-11 1.810570086237785715e-11 4.918513783307143832e-12 -1.041996260008146340e-11 -1.292481482192754474e-11
-2.964818115963783377e-13 5.900883211382042816e-12 -9.036921727945780614e-13 -2.151487091063292220e-12 4.624535960953164272e-12 1.366680976038920822e-12 3.407759037381033678e-12 6.975454434629910129e-12 7.430846939126886789e-12 5.851700539859492412e-12 8.540947846030723590e-12 1.196174759468115174e-11 2.099247734902786600e-11 3.595090930632922490e-11 5.270388890443575813e-11 7.670143380135537222e-11 1.005866177119670490e-10 1.309885818604813335e-10 1.632343443219281624e-10 1.861114555266719551e-10 1.815757775912745372e-10 1.162521800500224720e-10 3.778689493259154980e-11 1.241515487357575458e-11 -8.891669748593026033e-12 -1.519196947969760559e-11
1.361124849437912127e-12 2.825159819700654027e-12 -2.021130666370833955e-12 -1.872293874023746848e-12 6.772125329637634422e-12 4.156622745371197141e-12 6.225810466306233995e-12 7.182910344417740471e-12 7.975509455517933142e-12 6.576995519579941634e-12 9.207883284782670913e-12 1.278913434272647298e-11 2.179044668499992214e-11 3.727498196712581763e-11 5.662295010105403573e-11 8.336393967152582580e-11 1.104218810442164083e-10 1.433975022237905704e-10 1.861114555266719551e-10 2.422795935201683213e-10 2.559811698913743522e-10 1.894573523413254886e-10 8.680128095724122110e-11 2.734059102823885529e-11 -2.799650520553082268e-12 -1.346794877142835436e-11
2.014442972165110422e-12 2.878904093315947800e-12 -1.217066470213479165e-12 -2.813338424146119392e-13 7.420289776707525706e-12 4.622835472192613153e-12 8.240574576823285511e-12 4.451360922683539115e-12 5.768387179732599376e-12 6.122871176394999322e-12 6.580016331020317803e-12 7.715236857118791022e-12 1.406675371773560347e-11 2.769767093320514456e-11 4.713295100116557542e-11 7.513195401046587064e-11 1.025137262648920758e-10 1.356086769350928074e-10 1.815757775912745372e-10 2.559811698913743522e-10 3.238906223277896686e-10 2.907585525475748283e-10 1.761339742440672880e-10 5.200779630353537728e-11 -4.437408428870387448e-12 -1.476362823609887919e-11
7.507506158002078992e-12 6.343886724124637601e-13 5.302141567390606373e-13 3.848908671574042517e-12 7.948335071539467310e-12 3.198138355799399422e-12 6.277914118004316478e-12 -6.782673195007817829e-13 1.402806529401667521e-12 1.993768501379476181e-12 -1.116781119959587919e-12 -3.327302435233195504e-12 -3.007670658306568127e-12 1.311800320299999251e-12 1.063240053418868910e-11 3.002755986042538746e-11 4.977310650104786310e-11 7.517940627378078073e-11 1.162521800500224720e-10 1.894573523413254886e-10 2.907585525475748283e-10 3.553729059371100723e-10 2.832458002081461812e-10 1.102834852517020081e-10 2.915583386134409545e-12 -1.002965439441164926e-11
9.146896617621343556e-12 -1.972810337349090828e-13 1.727279399421397960e-13 8.106466749092607942e-12 3.079139582609231932e-12 2.450777971085369191e-12 4.807385215960346756e-12 -4.510790093935983020e-12 -3.271201987629408804e-13 -2.932684394169377332e-13 -4.172264059292815341e-12 -4.568835687782066653e-12 -3.703895279630714284e-12 -3.541645752778960453e-12 -2.437947972122442384e-12 4.718845339778919308e-12 1.076420480133840818e-11 1.810570086237785715e-11 3.778689493259154980e-11 8.680128095724122110e-11 1.761339742440672880e-10 2.832458002081461812e-10 3.284257640938145156e-10 2.022878542743812332e-10 4.277853111553243738e-11 6.870119428037171216e-12
6.657236460545694515e-12 6.848868558483604397e-12 -1.818992759031807878e-12 1.123595221821165352e-11 -3.345737276896266198e-12 -1.294050915353082900e-12 1.080496190023218443e-12 -6.273807830549307402e-12 -2.897867241214099991e-12 -4.412892196261063507e-12 -6.585599713121010656e-12 -6.050302417592302330e-12 -1.497164096223622224e-12 -5.157459055549512497e-13 -2.842733301864975052e-12 5.164235100334416655e-13 2.827811302045056427e-12 4.918513783307143832e-12 1.241515487357575458e-11 2.734059102823885529e-11 5.200779630353537728e-11 1.102834852517020081e-10 2.022878542743812332e-10 2.544249657211394464e-10 1.418023594890332000e-10 2.842366888385446394e-11
6.644871267668353371e-12 3.513933638810236553e-12 2.942887594667599591e-12 8.087946911580351176e-12 -2.282278959595942193e-13 7.334673902752276191e-13 3.597321856097072889e-12 -2.993997706444578138e-12 -3.307717614482170116e-12 -1.768204224562328452e-12 -4.466085983617652546e-12 -5.997748562055278888e-12 -6.370329688848415672e-12 -4.801860440517624091e-12 -3.264831190354447028e-12 -4.177360688360842862e-12 -6.700380847085897084e-12 -1.041996260008146340e-11 -8.891669748593026033e-12 -2.799650520553082268e-12 -4.437408428870387448e-12 2.915583386134409545e-12 4.277853111553243738e-11 1.418023594890332000e-10 2.197610757641231667e-10 1.164743826780786922e-10
8.118838237520093420e-12 -6.947986574877541933e-12 9.261082523892829452e-12 1.040810741951093436e-11 3.412139319678061760e-12 4.509092139542037258e-12 7.137766289140588007e-13 -3.836362570621487746e-12 -3.734894521638743744e-12 -5.870648029687111406e-12 -5.973361904447079878e-12 -2.838587456984277355e-12 -5.130199609792855424e-12 -3.102881013637646357e-12 -2.267375481600709630e-12 -6.110511732493386525e-12 -1.038864984179052815e-11 -1.292481482192754474e-11 -1.519196947969760559e-11 -1.346794877142835436e-11 -1.476362823609887919e-11 -1.002965439441164926e-11 6.870119428037171216e-12 2.842366888385446394e-11 1.164743826780786922e-10 2.462571251508195301e-10
