4.963627613395401445e-11 1.073834023654031236e-11 7.829353833180641515e-12 -9.382391194538377494e-13 -2.078040664466083338e-14 -1.035549973285996095e-12 9.429946140916191320e-13 5.617495647613525123e-13 -1.950027867991817230e-13 -9.321283584064205252e-13 -2.287165905408141472e-12 -7.078731751913119789e-13 3.519380460349416901e-13 3.103327932103716715e-12 3.356256394445374367e-12 3.395442822460420148e-12 5.937262403708691599e-12 8.077687480372578309e-12 8.720347377432525929e-12 9.297737909128279677e-12 1.011759647579590851e-11 7.849108981994434967e-12 4.276635395656344560e-12 -3.860221357781810115e-12 -8.448128361735653342e-12 -1.647725092741542719e-12
1.073834023654031236e-11 3.744631617308991166e-11 1.076525265020699701e-11 3.857501424987159805e-12 9.399215220651431629e-13 2.809167850248666532e-12 2.307180598688530799e-12 1.850789516886503805e-12 4.622512197687526648e-13 -7.030396453209477773e-14 -7.899223384541474516e-13 -4.416750129206657508e-12 -2.882104043070821022e-12 -9.144796494170226093e-13 7.962600464632107792e-13 1.162525354734219841e-12 7.584580366811368182e-14 2.684268123585296747e-13 1.065007579915293130e-12 1.512049559917111123e-12 2.795550361679569659e-12 1.962784578802422916e-12 3.994850756086851568e-13 2.402375428136117960e-13 2.143021480430471401e-13 -6.845452976055099344e-12
7.829353833180641515e-12 1.076525265020699701e-11 2.813628609216414151e-11 6.830728288724592164e-12 3.401445522712783460e-12 4.381178417023218278e-12 3.175708255312408152e-12 1.520396859944739194e-12 1.263316143712045323e-12 7.566898617833228223e-13 9.013483450202111013e-13 -6.910539008357884592e-13 -1.998364010876878548e-13 1.526048539305067544e-13 8.067087920636673285e-13 1.326839106208967437e-12 1.740753612298584847e-12 5.007944185843271494e-13 -1.084224436201312035e-12 -2.890591343229960145e-12 -4.958333912692955806e-12 -2.287404898376625462e-12 4.047405057805492938e-13 1.447828950493657695e-12 5.782796946570282002e-12 2.844158284192793466e-12
-9.382391194538377494e-13 3.857501424987159805e-12 6.830728288724592164e-12 2.320850039038473638e-11 8.270924303843497664e-12 6.082070979126853261e-12 3.450589707150874180e-12 3.571989756224724210e-12 2.750512036650506236e-12 2.358474691293061363e-12 2.628327562387800479e-12 1.414775144824495276e-12 7.593588942739553802e-13 1.324235771080686390e-12 1.558248436612384974e-12 -3.559349993449449873e-13 -1.359203054577961830e-13 -9.371188463151740066e-13 5.010204487610674951e-13 1.755128738146452850e-12 3.270561993145337728e-12 4.002855822313841410e-12 3.538275324293866720e-12 1.606981160924882465e-12 3.598120590315393181e-12 1.023753296253690202e-11
-2.078040664466083338e-14 9.399215220651431629e-13 3.401445522712783460e-12 8.270924303843497664e-12 1.771039323451496435e-11 1.056459701387311732e-11 6.659397377077135919e-12 3.608559574513307487e-12 3.259030383556218843e-12 1.796751364665623439e-12 2.412188067979553900e-12 2.205674237071647926e-12 8.377108930546191705e-13 7.984213043070175580e-13 7.580707748997852947e-13 1.865756174321383259e-12 2.169579320306969534e-12 1.783998727861093079e-12 2.285051437527247144e-12 4.869493342925545888e-12 7.012908069705209177e-12 6.488645616186439972e-12 2.555701054335785023e-12 -1.785450957687078061e-12 3.233002206056919484e-12 7.777661121875033667e-12
-1.035549973285996095e-12 2.809167850248666532e-12 4.381178417023218278e-12 6.082070979126853261e-12 1.056459701387311732e-11 1.814978392731957971e-11 1.044329865860898337e-11 6.702713024704890343e-12 5.899885020399556841e-12 3.304085028915752927e-12 2.084113408195679292e-12 1.372698318688591166e-12 7.101288729457189421e-13 -4.866692445871587341e-13 -4.492547050758019817e-14 8.085986206741990299e-13 1.493682290969201609e-12 -5.361409341090345837e-13 -8.798651956569555657e-13 5.010631543959659295e-13 2.651337237187272727e-12 3.731433366726228426e-12 1.542849980656404432e-12 -3.377104516849684417e-12 2.570239418623090814e-12 5.705818395910634229e-12
9.429946140916191320e-13 2.307180598688530799e-12 3.175708255312408152e-12 3.450589707150874180e-12 6.659397377077135919e-12 1.044329865860898337e-11 1.477512049326189703e-11 1.010146556872546634e-11 7.550924722145901145e-12 5.990824335606260251e-12 4.463622151477800520e-12 3.392355922298337613e-12 2.709745004507655096e-12 2.274526122452551686e-12 3.345667057877197488e-12 5.284697242834296636e-12 6.680781927951588467e-12 5.759613841677712161e-12 5.478204847166543092e-12 6.685960053293624734e-12 7.319317581599010820e-12 3.533968753254304852e-12 -5.185660968748809002e-13 -4.671796997362000090e-12 1.669414929354149566e-13 -1.371616245578412687e-12
5.617495647613525123e-13 1.850789516886503805e-12 1.520396859944739194e-12 3.571989756224724210e-12 3.608559574513307487e-12 6.702713024704890343e-12 1.010146556872546634e-11 1.459409469739034206e-11 1.065829707113519272e-11 8.398329185277302844e-12 6.213632306479292980e-12 5.202553284493010823e-12 3.372395191077899560e-12 2.782505666903110214e-12 3.296884529134734357e-12 5.372248302335325227e-12 7.202193432625378601e-12 6.659193911801002351e-12 7.104574227013469797e-12 7.900710901076289488e-12 7.219903463709874372e-12 2.364400066058968757e-12 -2.320043961909652489e-12 -5.933528526036822045e-12 -4.435511820956372199e-12 -7.053437930084958618e-12
-1.950027867991817230e-13 4.622512197687526648e-13 1.263316143712045323e-12 2.750512036650506236e-12 3.259030383556218843e-12 5.899885020399556841e-12 7.550924722145901145e-12 1.065829707113519272e-11 1.616434829844770684e-11 1.203047926789909775e-11 8.907176994541682629e-12 7.648788480989264328e-12 5.941226942857217838e-12 5.716111490001380052e-12 5.169303205976367834e-12 5.846474806777043272e-12 7.884321221563882419e-12 6.169300709925066304e-12 5.903830589651921100e-12 6.609171753758229277e-12 4.382220633362418187e-12 6.221209261444702202e-13 7.746998668632208599e-13 -1.689887250287534534e-12 -3.721596665494152193e-12 -2.882758091565953626e-12
-9.321283584064205252e-13 -7.030396453209477773e-14 7.566898617833228223e-13 2.358474691293061363e-12 1.796751364665623439e-12 3.304085028915752927e-12 5.990824335606260251e-12 8.398329185277302844e-12 1.203047926789909775e-11 1.608323410632519838e-11 1.298904989749368739e-11 9.958876587274680645e-12 7.806202285594163455e-12 6.665689571620557042e-12 4.976250083145617026e-12 5.706324813384157337e-12 6.945267270986837931e-12 5.612888022140066247e-12 5.201295636834164002e-12 5.325496078727875660e-12 4.503920615348067675e-12 4.103226953714684289e-13 -1.581899776584506293e-12 -6.010188196504574678e-12 -3.600350925003938227e-12 -6.041266275683942693e-12
-2.287165905408141472e-12 -7.899223384541474516e-13 9.013483450202111013e-13 2.628327562387800479e-12 2.412188067979553900e-12 2.084113408195679292e-12 4.463622151477800520e-12 6.213632306479292980e-12 8.907176994541682629e-12 1.298904989749368739e-11 1.727828150556881962e-11 1.465862636479447223e-11 1.189218878180844096e-11 1.042096295086860239e-11 9.373606021884324671e-12 9.485713499615323835e-12 9.710244186940590460e-12 9.194228335593834517e-12 8.876431204217149990e-12 9.249148033270005246e-12 6.180931550828131874e-12 -2.069631039496593199e-12 -5.231179593361681009e-12 -7.574923919771909186e-12 -4.552201302222800583e-12 -5.832443929485337979e-12
-7.078731751913119789e-13 -4.416750129206657508e-12 -6.910539008357884592e-13 1.414775144824495276e-12 2.205674237071647926e-12 1.372698318688591166e-12 3.392355922298337613e-12 5.202553284493010823e-12 7.648788480989264328e-12 9.958876587274680645e-12 1.465862636479447223e-11 2.087650837159327739e-11 1.941798851503074867e-11 1.744118559238792474e-11 1.566774321085865059e-11 1.461863681986319000e-11 1.428752869634580026e-11 1.373786969341058285e-11 1.320869516274560285e-11 1.441979204949616932e-11 9.001513278417625901e-12 -2.278957870656016787e-12 -3.350494074333902839e-12 -5.194229814625273032e-12 -5.974473759042304501e-12 -2.434582226460348178e-12
3.519380460349416901e-13 -2.882104043070821022e-12 -1.998364010876878548e-13 7.593588942739553802e-13 8.377108930546191705e-13 7.101288729457189421e-13 2.709745004507655096e-12 3.372395191077899560e-12 5.941226942857217838e-12 7.806202285594163455e-12 1.189218878180844096e-11 1.941798851503074867e-11 2.721641066807422750e-11 2.627624181759028709e-11 2.398648500581103372e-11 2.263719285465079919e-11 2.181234436479235580e-11 2.195722445100036485e-11 2.204179275323730532e-11 2.267906024441171141e-11 1.450187689865417172e-11 -3.195764154265394874e-12 -4.314427671866669016e-12 -2.278249401534377191e-12 -6.981228603016052914e-12 -6.579250268883637546e-12
3.103327932103716715e-12 -9.144796494170226093e-13 1.526048539305067544e-13 1.324235771080686390e-12 7.984213043070175580e-13 -4.866692445871587341e-13 2.274526122452551686e-12 2.782505666903110214e-12 5.716111490001380052e-12 6.665689571620557042e-12 1.042096295086860239e-11 1.744118559238792474e-11 2.627624181759028709e-11 3.513858416675835556e-11 3.591690107981292371e-11 3.531009834992420213e-11 3.441874379145183900e-11 3.482014490649253932e-11 3.575241811676675326e-11 3.700667882643633584e-11 2.744728180150115588e-11 8.533169587405023918e-13 -3.974261563229718869e-12 -7.682476203710612699e-13 -4.772127981902541731e-12 -3.517212074203783428e-12
3.356256394445374367e-12 7.962600464632107792e-13 8.067087920636673285e-13 1.558248436612384974e-12 7.580707748997852947e-13 -4.492547050758019817e-14 3.345667057877197488e-12 3.296884529134734357e-12 5.169303205976367834e-12 4.976250083145617026e-12 9.373606021884324671e-12 1.566774321085865059e-11 2.398648500581103372e-11 3.591690107981292371e-11 4.791151778772395121e-11 5.069765057755858767e-11 5.048671691439648383e-11 5.132027082672291449e-11 5.273815683031459192e-11 5.693609865082052534e-11 4.742962620360744002e-11 1.086453394377668426e-11 -2.299848041600526771e-12 -2.930932735902343740e-12 -3.513912472364179016e-12 -2.308356595325431639e-12
3.395442822460420148e-12 1.162525354734219841e-12 1.326839106208967437e-12 -3.559349993449449873e-13 1.865756174321383259e-12 8.085986206741990299e-13 5.284697242834296636e-12 5.372248302335325227e-12 5.846474806777043272e-12 5.706324813384157337e-12 9.485713499615323835e-12 1.461863681986319000e-11 2.263719285465079919e-11 3.531009834992420213e-11 5.069765057755858767e-11 6.556957241655799566e-11 7.034547858652601831e-11 7.353514094415763643e-11 7.654394436814238312e-11 8.346442452345528149e-11 7.525521435807676485e-11 2.997496244025636930e-11 4.673867688844050188e-12 3.003626771124108977e-13 -4.473990945615106027e-12 -6.547888121861242980e-12
5.937262403708691599e-12 7.584580366811368182e-14 1.740753612298584847e-12 -1.359203054577961830e-13 2.169579320306969534e-12 1.493682290969201609e-12 6.680781927951588467e-12 7.202193432625378601e-12 7.884321221563882419e-12 6.945267270986837931e-12 9.710244186940590460e-12 1.428752869634580026e-11 2.181234436479235580e-11 3.441874379145183900e-11 5.048671691439648383e-11 7.034547858652601831e-11 8.799327235522494619e-11 9.532079708479684510e-11 1.003620558852954597e-10 1.100877653736197891e-10 1.020861228190418827e-10 4.928831209196071244e-11 1.036381679250085481e-11 2.471188323357782272e-12 -7.034934499785618824e-12 -1.060508854707721180e-11
8.077687480372578309e-12 2.684268123585296747e-13 5.007944185843271494e-13 -9.371188463151740066e-13 1.783998727861093079e-12 -5.361409341090345837e-13 5.759613841677712161e-12 6.659193911801002351e-12 6.169300709925066304e-12 5.612888022140066247e-12 9.194228335593834517e-12 1.373786969341058285e-11 2.195722445100036485e-11 3.482014490649253932e-11 5.132027082672291449e-11 7.353514094415763643e-11 9.532079708479684510e-11 1.189178733618300431e-10 1.312431506786123052e-10 1.439139773446610992e-10 1.363366627320261654e-10 7.572288737693380122e-11 1.867998867654283189e-11 5.512579580570848249e-12 -1.004811565253837306e-11 -1.305648087974304376e-11
8.720347377432525929e-12 1.065007579915293130e-12 -1.084224436201312035e-12 5.010204487610674951e-13 2.285051437527247144e-12 -8.798651956569555657e-13 5.478204847166543092e-12 7.104574227013469797e-12 5.903830589651921100e-12 5.201295636834164002e-12 8.876431204217149990e-12 1.320869516274560285e-11 2.204179275323730532e-11 3.575241811676675326e-11 5.273815683031459192e-11 7.654394436814238312e-11 1.003620558852954597e-10 1.312431506786123052e-10 1.629888325441818545e-10 1.859661381187990450e-10 1.816474961804541969e-10 1.164975026092381448e-10 3.833892433133541392e-11 1.290263340234200708e-11 -8.531963443120679230e-12 -1.516447950629954273e-11
9.297737909128279677e-12 1.512049559917111123e-12 -2.890591343229960145e-12 1.755128738146452850e-12 4.869493342925545888e-12 5.010631543959659295e-13 6.685960053293624734e-12 7.900710901076289488e-12 6.609171753758229277e-12 5.325496078727875660e-12 9.249148033270005246e-12 1.441979204949616932e-11 2.267906024441171141e-11 3.700667882643633584e-11 5.693609865082052534e-11 8.346442452345528149e-11 1.100877653736197891e-10 1.439139773446610992e-10 1.859661381187990450e-10 2.421649834705490404e-10 2.560715029044781353e-10 1.894844085062273872e-10 8.691393881653102283e-11 2.719431022671268513e-11 -2.798834230492459593e-12 -1.345604582538718416e-11
1.011759647579590851e-11 2.795550361679569659e-12 -4.958333912692955806e-12 3.270561993145337728e-12 7.012908069705209177e-12 2.651337237187272727e-12 7.319317581599010820e-12 7.219903463709874372e-12 4.382220633362418187e-12 4.503920615348067675e-12 6.180931550828131874e-12 9.001513278417625901e-12 1.450187689865417172e-11 2.744728180150115588e-11 4.742962620360744002e-11 7.525521435807676485e-11 1.020861228190418827e-10 1.363366627320261654e-10 1.816474961804541969e-10 2.560715029044781353e-10 3.241240033613992211e-10 2.910311317492010965e-10 1.763356936461726571e-10 5.198848665056324217e-11 -4.522803989579792527e-12 -1.496088163767824904e-11
7.849108981994434967e-12 1.962784578802422916e-12 -2.287404898376625462e-12 4.002855822313841410e-12 6.488645616186439972e-12 3.731433366726228426e-12 3.533968753254304852e-12 2.364400066058968757e-12 6.221209261444702202e-13 4.103226953714684289e-13 -2.069631039496593199e-12 -2.278957870656016787e-12 -3.195764154265394874e-12 8.533169587405023918e-13 1.086453394377668426e-11 2.997496244025636930e-11 4.928831209196071244e-11 7.572288737693380122e-11 1.164975026092381448e-10 1.894844085062273872e-10 2.910311317492010965e-10 3.558735573580052550e-10 2.834948029585159441e-10 1.104122470873696804e-10 2.998115990968251843e-12 -1.018224124671910640e-11
4.276635395656344560e-12 3.994850756086851568e-13 4.047405057805492938e-13 3.538275324293866720e-12 2.555701054335785023e-12 1.542849980656404432e-12 -5.185660968748809002e-13 -2.320043961909652489e-12 7.746998668632208599e-13 -1.581899776584506293e-12 -5.231179593361681009e-12 -3.350494074333902839e-12 -4.314427671866669016e-12 -3.974261563229718869e-12 -2.299848041600526771e-12 4.673867688844050188e-12 1.036381679250085481e-11 1.867998867654283189e-11 3.833892433133541392e-11 8.691393881653102283e-11 1.763356936461726571e-10 2.834948029585159441e-10 3.283974875107996170e-10 2.023119241726345289e-10 4.285676245116945066e-11 6.739142255373080094e-12
-3.860221357781810115e-12 2.402375428136117960e-13 1.447828950493657695e-12 1.606981160924882465e-12 -1.785450957687078061e-12 -3.377104516849684417e-12 -4.671796997362000090e-12 -5.933528526036822045e-12 -1.689887250287534534e-12 -6.010188196504574678e-12 -7.574923919771909186e-12 -5.194229814625273032e-12 -2.278249401534377191e-12 -7.682476203710612699e-13 -2.930932735902343740e-12 3.003626771124108977e-13 2.471188323357782272e-12 5.512579580570848249e-12 1.290263340234200708e-11 2.719431022671268513e-11 5.198848665056324217e-11 1.104122470873696804e-10 2.023119241726345289e-10 2.542104638765219451e-10 1.417096949271279272e-10 2.832842535818579028e-11
-8.448128361735653342e-12 2.143021480430471401e-13 5.782796946570282002e-12 3.598120590315393181e-12 3.233002206056919484e-12 2.570239418623090814e-12 1.669414929354149566e-13 -4.435511820956372199e-12 -3.721596665494152193e-12 -3.600350925003938227e-12 -4.552201302222800583e-12 -5.974473759042304501e-12 -6.981228603016052914e-12 -4.772127981902541731e-12 -3.513912472364179016e-12 -4.473990945615106027e-12 -7.034934499785618824e-12 -1.004811565253837306e-11 -8.531963443120679230e-12 -2.798834230492459593e-12 -4.522803989579792527e-12 2.998115990968251843e-12 4.285676245116945066e-11 1.417096949271279272e-10 2.198951684752707222e-10 1.164913220080666431e-10
-1.647725092741542719e-12 -6.845452976055099344e-12 2.844158284192793466e-12 1.023753296253690202e-11 7.777661121875033667e-12 5.705818395910634229e-12 -1.371616245578412687e-12 -7.053437930084958618e-12 -2.882758091565953626e-12 -6.041266275683942693e-12 -5.832443929485337979e-12 -2.434582226460348178e-12 -6.579250268883637546e-12 -3.517212074203783428e-12 -2.308356595325431639e-12 -6.547888121861242980e-12 -1.060508854707721180e-11 -1.305648087974304376e-11 -1.516447950629954273e-11 -1.345604582538718416e-11 -1.496088163767824904e-11 -1.018224124671910640e-11 6.739142255373080094e-12 2.832842535818579028e-11 1.164913220080666431e-10 2.464726132128493454e-10
