3.517314609115841830e-11 8.217906383539071893e-12 5.107546875826674727e-12 1.204204234448182239e-12 1.806618397376263791e-12 1.765817607475607496e-12 1.900423771708149381e-12 1.260929631469361340e-12 8.995847787784400909e-13 1.604230267118144181e-12 9.464605022358569515e-13 -5.039538653180989264e-13 -1.869363916426873411e-12 -1.485366323083816381e-12 -1.205481254142445932e-12 -1.761306170669261479e-12 -1.473018584668019047e-12 -6.530463510135548882e-13 -1.522695271935421102e-12 7.919277481134182716e-13 2.513523406352043436e-12 6.007504751208439299e-12 1.005907099470582804e-11 8.082874871803026760e-12 3.055825151557655757e-12 5.856044529893496443e-13
8.217906383539071893e-12 3.000790322395806468e-11 9.927526076277794485e-12 6.350228439548205018e-12 2.547393005047706744e-12 4.034094487486976747e-12 3.642968996444150480e-12 2.686467538097002415e-12 2.949633360942730862e-12 2.981849997895994483e-12 1.877754319757247512e-12 1.895553883275318969e-12 1.806534467908984643e-12 2.491773890999315906e-12 3.639191389532384743e-12 3.204190249064665163e-12 3.596399975477011279e-12 3.397804224769399511e-12 1.436111668119968860e-12 -6.863222201531479435e-13 -3.806587672456795756e-12 -6.400216343606422040e-12 -6.834778834564990540e-12 -5.956922567108217428e-12 -1.285175527218760153e-12 2.843935266809029974e-12
5.107546875826674727e-12 9.927526076277794485e-12 2.337712552022988045e-11 9.160315817284792219e-12 3.169696289707169898e-12 3.813319085647932542e-12 2.317042842014303874e-12 9.446919250795577577e-13 4.041396343437173091e-13 -1.583845286746587568e-13 -4.449726140057797303e-13 -1.452849297677096312e-12 -2.592543641304111001e-12 -1.555218178521673059e-12 -1.371136801923587030e-12 -2.755124571528646383e-12 -2.804618247880520143e-12 -3.837385123176390758e-12 -4.552507884404654956e-12 -4.960224623010557407e-12 -3.803657500832688696e-12 -1.977028250256260602e-13 4.095386094651898233e-12 5.350771682324853140e-12 7.480562630322280884e-12 6.941661724788219463e-12
1.204204234448182239e-12 6.350228439548205018e-12 9.160315817284792219e-12 2.055668114744176287e-11 7.278287415540392208e-12 5.887472760817677539e-12 3.726054879122131241e-12 3.344217015346574818e-12 3.070740751524936468e-12 1.781736539831596025e-12 2.295938685244947786e-12 2.827755903874678088e-12 1.457336907127711290e-12 2.854858884046675614e-12 2.958765257080907581e-12 1.860169472339377032e-12 2.784206523688481633e-12 1.913423943940237601e-12 2.477533168056937613e-12 1.871909831842606601e-12 1.380958821574015340e-12 3.216854299116601932e-13 -8.161195115872880653e-13 -2.286689378957002098e-12 -8.860811141876427571e-13 1.873028908789832344e-12
1.806618397376263791e-12 2.547393005047706744e-12 3.169696289707169898e-12 7.278287415540392208e-12 1.526381265259723694e-11 9.586433901104047623e-12 5.108859268189226359e-12 3.155660284558379811e-12 2.120568722766948985e-12 1.203394870317954141e-12 1.339298939895559029e-12 7.528779083478746506e-13 -4.778616930312925469e-13 -6.083427325596973916e-13 1.352688300041147079e-13 2.119993636269139463e-13 1.055806986303472742e-12 -6.320470966410737449e-13 -1.193043449026076927e-12 -7.205145003492901647e-14 1.012245702546829324e-12 2.106776117456614676e-12 -1.367657502334424677e-12 -3.987452670003616113e-12 3.783373614929380112e-12 9.943611080035351806e-12
1.765817607475607496e-12 4.034094487486976747e-12 3.813319085647932542e-12 5.887472760817677539e-12 9.586433901104047623e-12 1.730643430445542364e-11 9.773874374210382127e-12 6.711214039382419468e-12 6.055505388501160845e-12 3.477847761063880857e-12 3.058136144601544200e-12 2.549166852165411755e-12 2.180464824659082578e-12 1.280511513637525438e-12 2.153181669170042430e-12 2.936478747837018129e-12 3.755967901460543072e-12 1.708823086053043356e-12 1.087819390235584184e-12 3.588158236042603608e-12 4.384298021240427644e-12 1.388102245302833080e-12 -2.366732862997320119e-12 -4.483466822242665992e-12 8.416965841138146776e-13 3.020444379877156354e-12
1.900423771708149381e-12 3.642968996444150480e-12 2.317042842014303874e-12 3.726054879122131241e-12 5.108859268189226359e-12 9.773874374210382127e-12 1.439487096436359287e-11 9.062858376998415337e-12 7.687466423704661126e-12 4.998944547977212514e-12 3.036765581508663445e-12 2.445668606959749462e-12 1.648602977398682376e-12 5.558771140113095667e-13 1.330162350213499034e-12 2.792279185096101491e-12 4.193911292043859196e-12 2.709616753481918704e-12 2.390455816333600760e-12 4.750675481599858751e-12 6.095763696583478290e-12 4.900159505303295335e-12 1.965954637930730848e-12 -2.348666659594033345e-12 1.547690737294495765e-12 1.517952941463140140e-12
1.260929631469361340e-12 2.686467538097002415e-12 9.446919250795577577e-13 3.344217015346574818e-12 3.155660284558379811e-12 6.711214039382419468e-12 9.062858376998415337e-12 1.452995719984308450e-11 1.102934954056759384e-11 8.293736573376994697e-12 5.966803178769178713e-12 5.697267695894437565e-12 4.528881471902481668e-12 3.727720722732880308e-12 3.992187623253531748e-12 5.520879493025947675e-12 7.024476122995752037e-12 5.751061946315552009e-12 6.085845189672712272e-12 6.200821297060718878e-12 4.409386305405736315e-12 1.218509592179992409e-12 -2.184339722122864086e-12 -4.397256316538604810e-12 -4.311011497329951337e-12 -6.661272425638840852e-12
8.995847787784400909e-13 2.949633360942730862e-12 4.041396343437173091e-13 3.070740751524936468e-12 2.120568722766948985e-12 6.055505388501160845e-12 7.687466423704661126e-12 1.102934954056759384e-11 1.599737779692376516e-11 1.206776611078938985e-11 8.586768901944062196e-12 7.920562052275927578e-12 6.258655745685178620e-12 5.403665031614732826e-12 4.951379060860682835e-12 5.806608786288286769e-12 8.224128832078487974e-12 6.870396752482907846e-12 7.034633212522084392e-12 7.934964234868352719e-12 5.574407514462066002e-12 1.319981662518511545e-12 7.514338435429313658e-13 -1.537483133974710136e-12 -3.032406744971924225e-12 -2.688386229984718669e-12
1.604230267118144181e-12 2.981849997895994483e-12 -1.583845286746587568e-13 1.781736539831596025e-12 1.203394870317954141e-12 3.477847761063880857e-12 4.998944547977212514e-12 8.293736573376994697e-12 1.206776611078938985e-11 1.569552992382956712e-11 1.263460162473670335e-11 9.818626186705792266e-12 7.883507034650201338e-12 6.988388169434590736e-12 5.885183206568003088e-12 6.428055413338874791e-12 7.481225887480781046e-12 6.302432342060739442e-12 5.896158813826071407e-12 6.029922408819541449e-12 5.019277600474266734e-12 7.905286452675452182e-13 -9.090611943847109193e-13 -4.334915712412143382e-12 -2.700253025470813655e-12 -6.881833814786881107e-12
9.464605022358569515e-13 1.877754319757247512e-12 -4.449726140057797303e-13 2.295938685244947786e-12 1.339298939895559029e-12 3.058136144601544200e-12 3.036765581508663445e-12 5.966803178769178713e-12 8.586768901944062196e-12 1.263460162473670335e-11 1.651835108900819099e-11 1.418663965780167393e-11 1.097278536304814639e-11 9.814014747083860799e-12 8.798671922535219485e-12 8.774735075743354070e-12 9.086997454202872073e-12 8.630501867884622968e-12 8.223352607375943652e-12 8.399449502353215988e-12 5.561393621316496541e-12 -2.134251133735448090e-12 -5.895461501388228849e-12 -8.458074645788502792e-12 -5.346930747763432210e-12 -6.084352860219217539e-12
-5.039538653180989264e-13 1.895553883275318969e-12 -1.452849297677096312e-12 2.827755903874678088e-12 7.528779083478746506e-13 2.549166852165411755e-12 2.445668606959749462e-12 5.697267695894437565e-12 7.920562052275927578e-12 9.818626186705792266e-12 1.418663965780167393e-11 2.117517845397113757e-11 1.941956699504670487e-11 1.729637918075165719e-11 1.532173398921746269e-11 1.407533336637890221e-11 1.377556999550379681e-11 1.309290623964649617e-11 1.251627661653872198e-11 1.364194136524789229e-11 8.667187069399516992e-12 -2.414663151619445492e-12 -3.319610622713843823e-12 -5.409729316617468223e-12 -6.260474419014714564e-12 -3.417961860048123546e-12
-1.869363916426873411e-12 1.806534467908984643e-12 -2.592543641304111001e-12 1.457336907127711290e-12 -4.778616930312925469e-13 2.180464824659082578e-12 1.648602977398682376e-12 4.528881471902481668e-12 6.258655745685178620e-12 7.883507034650201338e-12 1.097278536304814639e-11 1.941956699504670487e-11 2.673719516453736730e-11 2.569318678105349438e-11 2.346397329332069600e-11 2.199151408569762858e-11 2.102746710156091789e-11 2.131980083607069225e-11 2.107169025025573734e-11 2.163300104110556862e-11 1.345890426299946035e-11 -3.798679716014291334e-12 -4.385909555045807776e-12 -1.845453572844813651e-12 -6.400964372558357027e-12 -5.916914885242522803e-12
-1.485366323083816381e-12 2.491773890999315906e-12 -1.555218178521673059e-12 2.854858884046675614e-12 -6.083427325596973916e-13 1.280511513637525438e-12 5.558771140113095667e-13 3.727720722732880308e-12 5.403665031614732826e-12 6.988388169434590736e-12 9.814014747083860799e-12 1.729637918075165719e-11 2.569318678105349438e-11 3.467283166604426611e-11 3.551155114592569679e-11 3.490270348009078078e-11 3.418821751208927260e-11 3.449285215612068621e-11 3.534340785849117572e-11 3.660410975481360054e-11 2.670090504335132534e-11 3.198623790494632643e-13 -4.667614740139417869e-12 -1.576827421360551096e-12 -5.189959181812146737e-12 -2.398393469946437214e-12
-1.205481254142445932e-12 3.639191389532384743e-12 -1.371136801923587030e-12 2.958765257080907581e-12 1.352688300041147079e-13 2.153181669170042430e-12 1.330162350213499034e-12 3.992187623253531748e-12 4.951379060860682835e-12 5.885183206568003088e-12 8.798671922535219485e-12 1.532173398921746269e-11 2.346397329332069600e-11 3.551155114592569679e-11 4.783504565344763158e-11 5.058872908822661207e-11 5.045169049810951845e-11 5.134580466874713320e-11 5.256273128248274495e-11 5.658798402747760997e-11 4.707422368180863492e-11 1.059076678999466957e-11 -2.381768925986584177e-12 -2.637302858966575751e-12 -3.303414783617804999e-12 -2.018803610268986357e-12
-1.761306170669261479e-12 3.204190249064665163e-12 -2.755124571528646383e-12 1.860169472339377032e-12 2.119993636269139463e-13 2.936478747837018129e-12 2.792279185096101491e-12 5.520879493025947675e-12 5.806608786288286769e-12 6.428055413338874791e-12 8.774735075743354070e-12 1.407533336637890221e-11 2.199151408569762858e-11 3.490270348009078078e-11 5.058872908822661207e-11 6.537208279591464853e-11 7.020545648675433748e-11 7.336903256949269198e-11 7.635234403867902609e-11 8.330250584313903751e-11 7.540403384499914385e-11 3.040407230668172733e-11 5.017013248098846232e-12 4.131913144153522379e-13 -4.461829874125479161e-12 -6.276277921459676676e-12
-1.473018584668019047e-12 3.596399975477011279e-12 -2.804618247880520143e-12 2.784206523688481633e-12 1.055806986303472742e-12 3.755967901460543072e-12 4.193911292043859196e-12 7.024476122995752037e-12 8.224128832078487974e-12 7.481225887480781046e-12 9.086997454202872073e-12 1.377556999550379681e-11 2.102746710156091789e-11 3.418821751208927260e-11 5.045169049810951845e-11 7.020545648675433748e-11 8.790160228078571791e-11 9.533604971254885466e-11 1.005204348166459350e-10 1.102956264132966878e-10 1.025616134386556234e-10 4.989530898443990227e-11 1.069104499117649481e-11 2.762490084796800340e-12 -6.767285604025683488e-12 -1.051769809074169095e-11
-6.530463510135548882e-13 3.397804224769399511e-12 -3.837385123176390758e-12 1.913423943940237601e-12 -6.320470966410737449e-13 1.708823086053043356e-12 2.709616753481918704e-12 5.751061946315552009e-12 6.870396752482907846e-12 6.302432342060739442e-12 8.630501867884622968e-12 1.309290623964649617e-11 2.131980083607069225e-11 3.449285215612068621e-11 5.134580466874713320e-11 7.336903256949269198e-11 9.533604971254885466e-11 1.187563853060199777e-10 1.312343215649076467e-10 1.437148681572918633e-10 1.361455169369403060e-10 7.547676941273545059e-11 1.819152451692010725e-11 5.090252509168623263e-12 -1.017105531874260627e-11 -1.330709362957816890e-11
-1.522695271935421102e-12 1.436111668119968860e-12 -4.552507884404654956e-12 2.477533168056937613e-12 -1.193043449026076927e-12 1.087819390235584184e-12 2.390455816333600760e-12 6.085845189672712272e-12 7.034633212522084392e-12 5.896158813826071407e-12 8.223352607375943652e-12 1.251627661653872198e-11 2.107169025025573734e-11 3.534340785849117572e-11 5.256273128248274495e-11 7.635234403867902609e-11 1.005204348166459350e-10 1.312343215649076467e-10 1.630539805946699315e-10 1.859123522532678352e-10 1.816919991396809416e-10 1.165266598057522670e-10 3.796471562352879598e-11 1.236678063584395362e-11 -8.899971121466914437e-12 -1.520084428172904009e-11
7.919277481134182716e-13 -6.863222201531479435e-13 -4.960224623010557407e-12 1.871909831842606601e-12 -7.205145003492901647e-14 3.588158236042603608e-12 4.750675481599858751e-12 6.200821297060718878e-12 7.934964234868352719e-12 6.029922408819541449e-12 8.399449502353215988e-12 1.364194136524789229e-11 2.163300104110556862e-11 3.660410975481360054e-11 5.658798402747760997e-11 8.330250584313903751e-11 1.102956264132966878e-10 1.437148681572918633e-10 1.859123522532678352e-10 2.417073613544703701e-10 2.556713177009689409e-10 1.892375654334983664e-10 8.657677001555078515e-11 2.698722714039779248e-11 -2.939176233369101473e-12 -1.353882940129741546e-11
2.513523406352043436e-12 -3.806587672456795756e-12 -3.803657500832688696e-12 1.380958821574015340e-12 1.012245702546829324e-12 4.384298021240427644e-12 6.095763696583478290e-12 4.409386305405736315e-12 5.574407514462066002e-12 5.019277600474266734e-12 5.561393621316496541e-12 8.667187069399516992e-12 1.345890426299946035e-11 2.670090504335132534e-11 4.707422368180863492e-11 7.540403384499914385e-11 1.025616134386556234e-10 1.361455169369403060e-10 1.816919991396809416e-10 2.556713177009689409e-10 3.234984004744915061e-10 2.904697019223623032e-10 1.757414422168181757e-10 5.162193045485549183e-11 -4.851138207947452812e-12 -1.492055288731575190e-11
6.007504751208439299e-12 -6.400216343606422040e-12 -1.977028250256260602e-13 3.216854299116601932e-13 2.106776117456614676e-12 1.388102245302833080e-12 4.900159505303295335e-12 1.218509592179992409e-12 1.319981662518511545e-12 7.905286452675452182e-13 -2.134251133735448090e-12 -2.414663151619445492e-12 -3.798679716014291334e-12 3.198623790494632643e-13 1.059076678999466957e-11 3.040407230668172733e-11 4.989530898443990227e-11 7.547676941273545059e-11 1.165266598057522670e-10 1.892375654334983664e-10 2.904697019223623032e-10 3.554304791985104281e-10 2.831893912749876617e-10 1.102803360642575415e-10 2.992891018035989414e-12 -9.789328092954588455e-12
1.005907099470582804e-11 -6.834778834564990540e-12 4.095386094651898233e-12 -8.161195115872880653e-13 -1.367657502334424677e-12 -2.366732862997320119e-12 1.965954637930730848e-12 -2.184339722122864086e-12 7.514338435429313658e-13 -9.090611943847109193e-13 -5.895461501388228849e-12 -3.319610622713843823e-12 -4.385909555045807776e-12 -4.667614740139417869e-12 -2.381768925986584177e-12 5.017013248098846232e-12 1.069104499117649481e-11 1.819152451692010725e-11 3.796471562352879598e-11 8.657677001555078515e-11 1.757414422168181757e-10 2.831893912749876617e-10 3.282986959724587274e-10 2.022638225584108947e-10 4.279077285540014550e-11 6.969918150027466591e-12
8.082874871803026760e-12 -5.956922567108217428e-12 5.350771682324853140e-12 -2.286689378957002098e-12 -3.987452670003616113e-12 -4.483466822242665992e-12 -2.348666659594033345e-12 -4.397256316538604810e-12 -1.537483133974710136e-12 -4.334915712412143382e-12 -8.458074645788502792e-12 -5.409729316617468223e-12 -1.845453572844813651e-12 -1.576827421360551096e-12 -2.637302858966575751e-12 4.131913144153522379e-13 2.762490084796800340e-12 5.090252509168623263e-12 1.236678063584395362e-11 2.698722714039779248e-11 5.162193045485549183e-11 1.102803360642575415e-10 2.022638225584108947e-10 2.543559932350553085e-10 1.417169184636905365e-10 2.842549690688946194e-11
3.055825151557655757e-12 -1.285175527218760153e-12 7.480562630322280884e-12 -8.860811141876427571e-13 3.783373614929380112e-12 8.416965841138146776e-13 1.547690737294495765e-12 -4.311011497329951337e-12 -3.032406744971924225e-12 -2.700253025470813655e-12 -5.346930747763432210e-12 -6.260474419014714564e-12 -6.400964372558357027e-12 -5.189959181812146737e-12 -3.303414783617804999e-12 -4.461829874125479161e-12 -6.767285604025683488e-12 -1.017105531874260627e-11 -8.899971121466914437e-12 -2.939176233369101473e-12 -4.851138207947452812e-12 2.992891018035989414e-12 4.279077285540014550e-11 1.417169184636905365e-10 2.197996555615699913e-10 1.164635648189151590e-10
5.856044529893496443e-13 2.843935266809029974e-12 6.941661724788219463e-12 1.873028908789832344e-12 9.943611080035351806e-12 3.020444379877156354e-12 1.517952941463140140e-12 -6.661272425638840852e-12 -2.688386229984718669e-12 -6.881833814786881107e-12 -6.084352860219217539e-12 -3.417961860048123546e-12 -5.916914885242522803e-12 -2.398393469946437214e-12 -2.018803610268986357e-12 -6.276277921459676676e-12 -1.051769809074169095e-11 -1.330709362957816890e-11 -1.520084428172904009e-11 -1.353882940129741546e-11 -1.492055288731575190e-11 -9.789328092954588455e-12 6.969918150027466591e-12 2.842549690688946194e-11 1.164635648189151590e-10 2.464044164517231904e-10
