4.848990062592648951e-11 1.040442242609653978e-11 1.902946630965648545e-12 2.401017959389946539e-12 -6.794810219173136738e-13 4.580704100224498963e-13 -1.464250549435740099e-12 -4.064888178532789559e-13 -1.607577305244314137e-12 -2.425451817507253995e-12 -4.690997624443828017e-12 -4.631717238734084003e-12 -5.105448841516583830e-12 -4.514920262298953572e-12 -4.330568125487660455e-12 -4.862624555459834245e-12 -8.676847033426082609e-12 -1.107835218647553156e-11 -1.463279856548360007e-11 -1.410335824144217840e-11 -2.237578286050338577e-11 -2.080885928261023797e-11 -2.038146712536043865e-11 -1.023808881897959954e-11 2.361876024168929858e-11 3.374241511644385896e-11
1.040442242609653978e-11 3.815352020932193947e-11 1.052811774327012689e-11 6.229926918661817144e-12 4.041288121548387115e-12 1.889985586057051665e-12 6.432218942728101987e-13 -1.688629170053049349e-12 -7.861805139058345287e-13 -9.116222039947368604e-13 -7.275263307594810218e-13 1.694841351630966966e-13 3.904767402084840218e-13 -2.019623614026870697e-12 -2.511509475907719821e-12 -4.236865949542317074e-12 -6.657549290109070261e-12 -9.218892326890252536e-12 -6.647430848057986884e-12 1.016162759137208077e-13 1.870269016124745180e-13 1.422604264188233679e-12 7.720773581088742468e-12 1.273375171998119727e-11 1.110586582284770657e-11 -2.752677020902143044e-12
1.902946630965648545e-12 1.052811774327012689e-11 3.146707991848208416e-11 1.055423841623645274e-11 6.588099339702385536e-12 4.503749449440727512e-12 3.151263971476242010e-12 1.525530653879298990e-12 1.642794211395475097e-12 1.809514671318933894e-12 4.933031845912038770e-13 1.599384516276981374e-12 3.094667800817271128e-12 2.230827622983290792e-12 7.542871803963156790e-13 1.385606527671058290e-12 5.156444967818251347e-13 1.428795958282587358e-12 5.161093583430856052e-12 5.969744435764762991e-12 1.017182271098331237e-12 2.176476066481396165e-12 9.514544627803510796e-12 1.862477278937707032e-11 6.315600004158343032e-12 -7.410567616018830599e-12
2.401017959389946539e-12 6.229926918661817144e-12 1.055423841623645274e-11 2.399258713285235044e-11 1.052001004483478270e-11 4.557985506555257191e-12 4.670489038714330294e-12 2.193164798238983631e-12 2.115549744173614884e-12 1.191274117696788636e-12 2.237183462110993926e-13 4.502063195907328164e-13 4.649061335670102151e-13 5.232472111530871505e-13 3.422369216246432702e-13 5.917348758642599841e-13 2.593785986842265502e-12 3.526921691193234859e-12 6.210879820559435358e-12 1.024154993251263736e-11 9.626982577207267359e-12 9.239611335191297724e-12 1.011087191582400914e-11 8.883044564651658625e-12 6.078560039369953172e-13 -1.218004277542781056e-11
-6.794810219173136738e-13 4.041288121548387115e-12 6.588099339702385536e-12 1.052001004483478270e-11 1.931921636202977414e-11 6.595382512231325386e-12 4.407175938559343195e-12 1.262136922136566235e-12 1.545887662212033966e-12 2.248997480520758066e-12 1.660286308606766888e-12 1.547559410819410915e-12 1.199532473426109003e-12 1.237769750584598935e-12 1.552797933401211647e-12 1.773623465408492897e-12 3.307579134307182836e-12 5.145242200343542137e-12 1.050679317549642360e-11 1.418672231330839545e-11 1.482755672537204993e-11 1.129643533475510455e-11 5.869828406784448270e-12 5.319612007589471515e-12 2.150434609620393238e-12 -2.246617118400673031e-12
4.580704100224498963e-13 1.889985586057051665e-12 4.503749449440727512e-12 4.557985506555257191e-12 6.595382512231325386e-12 1.551180874291635361e-11 9.527323496276142177e-12 6.749300209992519557e-12 5.059528688050071472e-12 5.448758128852649468e-12 4.609263304135842860e-12 5.274796206060628279e-12 5.373127279492291678e-12 4.152518422213275025e-12 5.186194755858446965e-12 7.664508986027376015e-12 9.723334034340159395e-12 1.137437511557593599e-11 1.478692477275591160e-11 1.766417754074748055e-11 1.818112360646399445e-11 1.676502314221872994e-11 1.009519960395607268e-11 2.602059760775739373e-12 1.391352835342102418e-12 -5.005891654070588845e-12
-1.464250549435740099e-12 6.432218942728101987e-13 3.151263971476242010e-12 4.670489038714330294e-12 4.407175938559343195e-12 9.527323496276142177e-12 1.729700372241333437e-11 1.196956820154914735e-11 9.408553394841389766e-12 7.235144063934872534e-12 5.698708678576395048e-12 5.362097256596141334e-12 5.336052628063130959e-12 5.413299894516864389e-12 6.354224259876656057e-12 8.600259902202584357e-12 1.085733798347497984e-11 1.231661058984668989e-11 1.476572616756569177e-11 1.422578731824506801e-11 1.227678235910687147e-11 5.240162460930039437e-12 1.836467451138928639e-12 -1.402772147972535454e-13 6.592780099635196954e-12 2.393093975409120913e-12
-4.064888178532789559e-13 -1.688629170053049349e-12 1.525530653879298990e-12 2.193164798238983631e-12 1.262136922136566235e-12 6.749300209992519557e-12 1.196956820154914735e-11 1.867008093152716516e-11 1.420690291206519587e-11 1.114194442952306096e-11 9.941203064667123782e-12 8.791703356507546711e-12 9.214229859746420682e-12 9.537982671329907509e-12 9.927083086615738987e-12 1.165571189956184763e-11 1.433653465943056859e-11 1.689296665417812900e-11 1.979631746999734086e-11 2.110759775584195960e-11 1.878442212149330477e-11 9.898693629537727627e-12 4.506298951054743425e-12 2.956055756809662003e-12 8.668449384585066750e-12 4.094306646156628305e-12
-1.607577305244314137e-12 -7.861805139058345287e-13 1.642794211395475097e-12 2.115549744173614884e-12 1.545887662212033966e-12 5.059528688050071472e-12 9.408553394841389766e-12 1.420690291206519587e-11 2.120471492280820931e-11 1.726406724662611526e-11 1.510582445839837293e-11 1.503311469357890410e-11 1.587017482728105634e-11 1.737077561488750206e-11 1.824606507251420514e-11 1.898791231016683867e-11 2.106116261693314180e-11 2.403410232348785455e-11 2.894160963827146032e-11 3.330027501776240583e-11 3.545713856110024409e-11 2.539543230806489210e-11 1.743839707316584616e-11 7.279029568608909450e-12 7.008935612711016796e-12 7.220950586522747679e-12
-2.425451817507253995e-12 -9.116222039947368604e-13 1.809514671318933894e-12 1.191274117696788636e-12 2.248997480520758066e-12 5.448758128852649468e-12 7.235144063934872534e-12 1.114194442952306096e-11 1.726406724662611526e-11 2.221486097793450307e-11 1.922600834687989961e-11 1.758988195554737579e-11 1.831692240538046904e-11 2.016093176625596141e-11 2.159807019508974198e-11 2.299629924308597131e-11 2.620573694787133998e-11 2.917303859180573303e-11 3.375580841536180260e-11 3.818754294693503527e-11 3.918432044855141151e-11 2.841287720921768594e-11 2.167151438970960149e-11 1.481795154777966182e-11 1.051533496484261692e-11 -1.701469019899385796e-13
-4.690997624443828017e-12 -7.275263307594810218e-13 4.933031845912038770e-13 2.237183462110993926e-13 1.660286308606766888e-12 4.609263304135842860e-12 5.698708678576395048e-12 9.941203064667123782e-12 1.510582445839837293e-11 1.922600834687989961e-11 2.495688494236462233e-11 2.425347859209864656e-11 2.430793796305888930e-11 2.658531944256677381e-11 2.783114943511508389e-11 2.882903461227383904e-11 3.219793480037747815e-11 3.574221218993722010e-11 3.901103071015399748e-11 4.340135015490914157e-11 4.324705925394091429e-11 2.994496964682043403e-11 2.084259609081187994e-11 1.309375710936993451e-11 1.241638011465517356e-11 -4.623851395119070882e-12
-4.631717238734084003e-12 1.694841351630966966e-13 1.599384516276981374e-12 4.502063195907328164e-13 1.547559410819410915e-12 5.274796206060628279e-12 5.362097256596141334e-12 8.791703356507546711e-12 1.503311469357890410e-11 1.758988195554737579e-11 2.425347859209864656e-11 3.499315153196371961e-11 3.708950798736910554e-11 3.945787392648293937e-11 4.175689015033879780e-11 4.374520009268366735e-11 4.795268262935672141e-11 5.188599719653470539e-11 5.568512921673677485e-11 6.074290549966588562e-11 5.754916357494219789e-11 3.480304278402544025e-11 2.653215072684134706e-11 1.662386769521167420e-11 3.710321515430850707e-12 -8.956150666685976105e-12
-5.105448841516583830e-12 3.904767402084840218e-13 3.094667800817271128e-12 4.649061335670102151e-13 1.199532473426109003e-12 5.373127279492291678e-12 5.336052628063130959e-12 9.214229859746420682e-12 1.587017482728105634e-11 1.831692240538046904e-11 2.430793796305888930e-11 3.708950798736910554e-11 4.991522576520483893e-11 5.470441774154025099e-11 5.779805034874567499e-11 6.064603983231793384e-11 6.541727995876149108e-11 7.065670534959117031e-11 7.685280594040316448e-11 8.400375847423168475e-11 7.772315949329565822e-11 4.240047906752718225e-11 2.814108599839652261e-11 1.865474523349356154e-11 1.027562088169871731e-11 -6.230148921221528071e-12
-4.514920262298953572e-12 -2.019623614026870697e-12 2.230827622983290792e-12 5.232472111530871505e-13 1.237769750584598935e-12 4.152518422213275025e-12 5.413299894516864389e-12 9.537982671329907509e-12 1.737077561488750206e-11 2.016093176625596141e-11 2.658531944256677381e-11 3.945787392648293937e-11 5.470441774154025099e-11 7.354901915339530972e-11 8.115280748246680265e-11 8.671047665821646822e-11 9.411176962162163439e-11 1.039554001756705983e-10 1.133547939053541524e-10 1.206014423229452127e-10 1.064881607413685692e-10 4.860680873637695756e-11 1.449733561493548104e-11 2.017388128743541448e-12 7.092033102429637663e-12 -3.554444710773633513e-12
-4.330568125487660455e-12 -2.511509475907719821e-12 7.542871803963156790e-13 3.422369216246432702e-13 1.552797933401211647e-12 5.186194755858446965e-12 6.354224259876656057e-12 9.927083086615738987e-12 1.824606507251420514e-11 2.159807019508974198e-11 2.783114943511508389e-11 4.175689015033879780e-11 5.779805034874567499e-11 8.115280748246680265e-11 1.070688538773722408e-10 1.218003691736252705e-10 1.359989322431311549e-10 1.507820265056172400e-10 1.636809799816276150e-10 1.731471566664335742e-10 1.589025716714119886e-10 8.195542147469815159e-11 2.942471798078506280e-11 2.271801755978089392e-13 -2.563992584341543049e-12 1.338015336466035263e-13
-4.862624555459834245e-12 -4.236865949542317074e-12 1.385606527671058290e-12 5.917348758642599841e-13 1.773623465408492897e-12 7.664508986027376015e-12 8.600259902202584357e-12 1.165571189956184763e-11 1.898791231016683867e-11 2.299629924308597131e-11 2.882903461227383904e-11 4.374520009268366735e-11 6.064603983231793384e-11 8.671047665821646822e-11 1.218003691736252705e-10 1.556913681687579204e-10 1.841245440787106741e-10 2.075308009108272125e-10 2.251072988574365944e-10 2.381340475771142968e-10 2.249022102507575695e-10 1.212133499832879231e-10 4.119412516927778700e-11 -2.654223770920497217e-12 -7.293865161650014904e-12 -7.914669227806578377e-12
-8.676847033426082609e-12 -6.657549290109070261e-12 5.156444967818251347e-13 2.593785986842265502e-12 3.307579134307182836e-12 9.723334034340159395e-12 1.085733798347497984e-11 1.433653465943056859e-11 2.106116261693314180e-11 2.620573694787133998e-11 3.219793480037747815e-11 4.795268262935672141e-11 6.541727995876149108e-11 9.411176962162163439e-11 1.359989322431311549e-10 1.841245440787106741e-10 2.415041566322016711e-10 2.861995154824039936e-10 3.161181390811648048e-10 3.383778599759340115e-10 3.230261090063853345e-10 1.795758644694304313e-10 5.809781838754704065e-11 -3.080585376655163828e-12 -1.385218862169814559e-11 -2.461972657789198760e-11
-1.107835218647553156e-11 -9.218892326890252536e-12 1.428795958282587358e-12 3.526921691193234859e-12 5.145242200343542137e-12 1.137437511557593599e-11 1.231661058984668989e-11 1.689296665417812900e-11 2.403410232348785455e-11 2.917303859180573303e-11 3.574221218993722010e-11 5.188599719653470539e-11 7.065670534959117031e-11 1.039554001756705983e-10 1.507820265056172400e-10 2.075308009108272125e-10 2.861995154824039936e-10 3.751443306890059994e-10 4.369503736460988368e-10 4.804828528890269906e-10 4.689621559711257413e-10 2.923551631223613046e-10 1.127010622392955463e-10 1.077577056161940622e-11 -2.757736857922719064e-11 -5.358249651815708048e-11
-1.463279856548360007e-11 -6.647430848057986884e-12 5.161093583430856052e-12 6.210879820559435358e-12 1.050679317549642360e-11 1.478692477275591160e-11 1.476572616756569177e-11 1.979631746999734086e-11 2.894160963827146032e-11 3.375580841536180260e-11 3.901103071015399748e-11 5.568512921673677485e-11 7.685280594040316448e-11 1.133547939053541524e-10 1.636809799816276150e-10 2.251072988574365944e-10 3.161181390811648048e-10 4.369503736460988368e-10 5.617496505884007022e-10 6.597708210682954069e-10 6.755189154197215607e-10 4.803527808476566185e-10 2.185018225737435622e-10 3.679163724623721008e-11 -3.214807884586251469e-11 -6.981104714534957228e-11
-1.410335824144217840e-11 1.016162759137208077e-13 5.969744435764762991e-12 1.024154993251263736e-11 1.418672231330839545e-11 1.766417754074748055e-11 1.422578731824506801e-11 2.110759775584195960e-11 3.330027501776240583e-11 3.818754294693503527e-11 4.340135015490914157e-11 6.074290549966588562e-11 8.400375847423168475e-11 1.206014423229452127e-10 1.731471566664335742e-10 2.381340475771142968e-10 3.383778599759340115e-10 4.804828528890269906e-10 6.597708210682954069e-10 8.529463500989253326e-10 9.406540758454252284e-10 7.556696572821375959e-10 4.043425568276898700e-10 8.673253774432349913e-11 -3.569577610697637481e-11 -9.686587863423320855e-11
-2.237578286050338577e-11 1.870269016124745180e-13 1.017182271098331237e-12 9.626982577207267359e-12 1.482755672537204993e-11 1.818112360646399445e-11 1.227678235910687147e-11 1.878442212149330477e-11 3.545713856110024409e-11 3.918432044855141151e-11 4.324705925394091429e-11 5.754916357494219789e-11 7.772315949329565822e-11 1.064881607413685692e-10 1.589025716714119886e-10 2.249022102507575695e-10 3.230261090063853345e-10 4.689621559711257413e-10 6.755189154197215607e-10 9.406540758454252284e-10 1.150451784457637817e-09 1.048900963927702636e-09 6.515420144108958098e-10 1.570428767317274990e-10 -5.998150124899542948e-11 -1.369306342742602915e-10
-2.080885928261023797e-11 1.422604264188233679e-12 2.176476066481396165e-12 9.239611335191297724e-12 1.129643533475510455e-11 1.676502314221872994e-11 5.240162460930039437e-12 9.898693629537727627e-12 2.539543230806489210e-11 2.841287720921768594e-11 2.994496964682043403e-11 3.480304278402544025e-11 4.240047906752718225e-11 4.860680873637695756e-11 8.195542147469815159e-11 1.212133499832879231e-10 1.795758644694304313e-10 2.923551631223613046e-10 4.803527808476566185e-10 7.556696572821375959e-10 1.048900963927702636e-09 1.187203474920472650e-09 9.263203025830222730e-10 3.363170058376930229e-10 -5.566353234064554062e-11 -1.541255856076221847e-10
-2.038146712536043865e-11 7.720773581088742468e-12 9.514544627803510796e-12 1.011087191582400914e-11 5.869828406784448270e-12 1.009519960395607268e-11 1.836467451138928639e-12 4.506298951054743425e-12 1.743839707316584616e-11 2.167151438970960149e-11 2.084259609081187994e-11 2.653215072684134706e-11 2.814108599839652261e-11 1.449733561493548104e-11 2.942471798078506280e-11 4.119412516927778700e-11 5.809781838754704065e-11 1.127010622392955463e-10 2.185018225737435622e-10 4.043425568276898700e-10 6.515420144108958098e-10 9.263203025830222730e-10 1.029323950681860216e-09 6.411326051464624200e-10 4.838926979813843543e-11 -1.210471555321200444e-10
-1.023808881897959954e-11 1.273375171998119727e-11 1.862477278937707032e-11 8.883044564651658625e-12 5.319612007589471515e-12 2.602059760775739373e-12 -1.402772147972535454e-13 2.956055756809662003e-12 7.279029568608909450e-12 1.481795154777966182e-11 1.309375710936993451e-11 1.662386769521167420e-11 1.865474523349356154e-11 2.017388128743541448e-12 2.271801755978089392e-13 -2.654223770920497217e-12 -3.080585376655163828e-12 1.077577056161940622e-11 3.679163724623721008e-11 8.673253774432349913e-11 1.570428767317274990e-10 3.363170058376930229e-10 6.411326051464624200e-10 7.590406819609886271e-10 3.241923998218510774e-10 -1.658140683594837468e-11
2.361876024168929858e-11 1.110586582284770657e-11 6.315600004158343032e-12 6.078560039369953172e-13 2.150434609620393238e-12 1.391352835342102418e-12 6.592780099635196954e-12 8.668449384585066750e-12 7.008935612711016796e-12 1.051533496484261692e-11 1.241638011465517356e-11 3.710321515430850707e-12 1.027562088169871731e-11 7.092033102429637663e-12 -2.563992584341543049e-12 -7.293865161650014904e-12 -1.385218862169814559e-11 -2.757736857922719064e-11 -3.214807884586251469e-11 -3.569577610697637481e-11 -5.998150124899542948e-11 -5.566353234064554062e-11 4.838926979813843543e-11 3.241923998218510774e-10 6.381487983414148224e-10 3.370449448863135486e-10
3.374241511644385896e-11 -2.752677020902143044e-12 -7.410567616018830599e-12 -1.218004277542781056e-11 -2.246617118400673031e-12 -5.005891654070588845e-12 2.393093975409120913e-12 4.094306646156628305e-12 7.220950586522747679e-12 -1.701469019899385796e-13 -4.623851395119070882e-12 -8.956150666685976105e-12 -6.230148921221528071e-12 -3.554444710773633513e-12 1.338015336466035263e-13 -7.914669227806578377e-12 -2.461972657789198760e-11 -5.358249651815708048e-11 -6.981104714534957228e-11 -9.686587863423320855e-11 -1.369306342742602915e-10 -1.541255856076221847e-10 -1.210471555321200444e-10 -1.658140683594837468e-11 3.370449448863135486e-10 6.659239831871092802e-10
