6.614426021169526195e-11 1.896181678626701847e-11 1.155781304010836840e-11 8.206103264654008008e-12 1.629510446367070862e-12 8.785470817094885904e-13 1.194287205069822440e-12 3.125508750446955576e-12 2.484408666705703241e-12 1.788907342621584260e-12 2.911933385424538846e-12 2.317812829232710065e-12 1.779734124123285980e-12 1.233817854755866509e-12 1.880846414819809001e-12 3.096588485818864226e-12 6.644921915666138622e-12 6.239141161789076910e-12 5.916983750182650446e-12 9.464280654865960745e-12 1.529235633471611394e-11 1.649385278981777869e-11 2.100448939275674647e-11 2.159313448550343345e-11 1.803331368672143900e-11 2.904828402711269986e-12
1.896181678626701847e-11 4.868626318458302392e-11 1.364118713512494951e-11 9.085699402330019158e-12 4.773882716190418039e-12 2.762893394942198992e-12 1.765110709603079144e-12 3.000020452699443174e-12 8.164913458499548541e-13 6.337400440016827358e-13 -3.689336277750610988e-13 -1.268977054648891382e-12 -1.555355142894327067e-12 -1.881642467878308002e-13 2.100622689670656350e-12 3.470153243492440035e-12 7.033504184944006518e-12 1.131697460881791761e-11 1.469758053949864079e-11 1.863020315523429282e-11 2.134917857753245959e-11 1.815392033364372765e-11 1.110482059600209057e-11 1.374665268922611241e-11 6.221319284100198000e-12 -1.531737131160816777e-11
1.155781304010836840e-11 1.364118713512494951e-11 3.044776407147634452e-11 1.176788006532767065e-11 5.455593605019465888e-12 4.715546647614279161e-12 3.528653085534689627e-12 1.064478100298410695e-12 2.994817795251368450e-13 1.620114697414400151e-12 -2.537509959786518352e-13 -1.049318882300747758e-12 -2.439682522995747237e-12 -2.881729081385409381e-12 -3.229860263476542332e-12 -2.336756723688501462e-12 -8.728884252602126525e-13 2.002124879906952062e-12 5.154089915696111032e-12 5.757436540157950394e-12 4.518328219225677093e-12 3.194294574596594687e-12 1.812483789547156838e-12 2.902636437011675160e-13 -1.066178304598646759e-13 -7.783442506709478065e-12
8.206103264654008008e-12 9.085699402330019158e-12 1.176788006532767065e-11 2.634026626646817389e-11 7.923947217517461494e-12 6.564601910818875374e-12 4.031431641854303034e-12 1.895580303918844951e-12 5.878612029954347274e-13 2.714434925196659961e-12 1.243172280866185719e-12 -9.963491753460931143e-13 -1.922347638755165025e-12 -1.499957219014869263e-12 3.891466459809272097e-13 2.608134732047221791e-12 4.448532270847332726e-12 6.082875340567121251e-12 6.918866586521652970e-12 8.711861502545094245e-12 8.132076254708977745e-12 -6.727594175778293552e-13 -5.242580031145245210e-12 4.371392701135438232e-12 1.320679785029613086e-11 -1.046199343567346919e-12
1.629510446367070862e-12 4.773882716190418039e-12 5.455593605019465888e-12 7.923947217517461494e-12 2.148764211014030768e-11 9.681804885049567300e-12 8.423417867227443876e-12 6.109060731842140190e-12 4.156838176554574125e-12 3.592547611551273022e-12 1.879794009743753727e-12 2.086818973793912104e-12 6.173281547218083569e-13 4.598823927032505177e-13 3.886610119899128762e-12 5.904468380486230634e-12 9.424268592521001446e-12 1.308322714653146059e-11 1.606806898948888917e-11 1.725493380962427878e-11 1.626942494648993499e-11 1.278423465905829353e-11 8.595979306178659807e-12 1.064353280263882448e-11 9.505008685810137213e-12 -5.414467174006400216e-13
8.785470817094885904e-13 2.762893394942198992e-12 4.715546647614279161e-12 6.564601910818875374e-12 9.681804885049567300e-12 1.897094876184866772e-11 1.087361994947168144e-11 5.217898128215938412e-12 3.831104064876669256e-12 4.272165353903780857e-12 2.295489050889039630e-12 2.935896829746538682e-12 2.643003548187170656e-12 2.898946699687667420e-12 4.263193634430581358e-12 5.731617648342128936e-12 7.745921100259749258e-12 9.790460962199953175e-12 1.264393258693847048e-11 1.448301143689031793e-11 1.298769384741312205e-11 7.149769844552647769e-12 1.401081916189637322e-12 3.255485042597219269e-12 1.832874753389343439e-12 4.317850714325546547e-13
1.194287205069822440e-12 1.765110709603079144e-12 3.528653085534689627e-12 4.031431641854303034e-12 8.423417867227443876e-12 1.087361994947168144e-11 1.659563291721054166e-11 8.732387630400358040e-12 6.420068350981769263e-12 5.230570803350387689e-12 4.747177503439449848e-12 4.548997755223326911e-12 3.624341898105960940e-12 3.935635027343090398e-12 5.039124057893112052e-12 6.274167153511341798e-12 8.543789069696761885e-12 1.111323906005649825e-11 1.527968711486369066e-11 1.624220773961580403e-11 1.353323995537023442e-11 4.497456011598971933e-12 2.445195343987529739e-12 8.761114822149043031e-13 -3.276922931847163829e-12 -2.198064251095280084e-12
3.125508750446955576e-12 3.000020452699443174e-12 1.064478100298410695e-12 1.895580303918844951e-12 6.109060731842140190e-12 5.217898128215938412e-12 8.732387630400358040e-12 1.572759743437308269e-11 1.081403419257989114e-11 8.122626652937190097e-12 6.875363700802425389e-12 5.928369923343532927e-12 5.016764553058959872e-12 4.426499608018929522e-12 4.552104758145153663e-12 3.873015971444774990e-12 4.121328287547633961e-12 4.923152440397512987e-12 5.996947914094043093e-12 4.958937408974587726e-12 5.217532415997377854e-12 5.218195042541310892e-12 1.141625309814637844e-11 9.212191024845493662e-12 6.415906510531358891e-13 -7.511459310808533980e-12
2.484408666705703241e-12 8.164913458499548541e-13 2.994817795251368450e-13 5.878612029954347274e-13 4.156838176554574125e-12 3.831104064876669256e-12 6.420068350981769263e-12 1.081403419257989114e-11 1.751004136119941071e-11 1.301383502532744091e-11 1.087688844456671183e-11 8.537126061160741419e-12 8.494193626907363231e-12 9.026309379433355050e-12 9.152615212756562400e-12 9.330473895331627443e-12 1.109678737193374175e-11 1.213620022445749640e-11 1.398671035865932013e-11 1.435948286054655902e-11 1.293365117498023268e-11 6.171314579073269274e-12 9.882895707313184743e-12 1.335843353915908892e-11 6.038885561225170275e-12 -2.785010950721735085e-12
1.788907342621584260e-12 6.337400440016827358e-13 1.620114697414400151e-12 2.714434925196659961e-12 3.592547611551273022e-12 4.272165353903780857e-12 5.230570803350387689e-12 8.122626652937190097e-12 1.301383502532744091e-11 1.946957064564024217e-11 1.531515353807678667e-11 1.120742238313631176e-11 1.203684645394757722e-11 1.172362969663940996e-11 1.138844493943586589e-11 1.184563627901599284e-11 1.311015648360192342e-11 1.469658617158224430e-11 1.497848139187241916e-11 1.631279497446346841e-11 1.663583790795465822e-11 1.049406589376089692e-11 1.427714510346478131e-11 1.458170455961490809e-11 7.695379460781228108e-12 -4.544938298733284718e-13
2.911933385424538846e-12 -3.689336277750610988e-13 -2.537509959786518352e-13 1.243172280866185719e-12 1.879794009743753727e-12 2.295489050889039630e-12 4.747177503439449848e-12 6.875363700802425389e-12 1.087688844456671183e-11 1.531515353807678667e-11 2.166914959528820615e-11 1.803119987386026152e-11 1.835417642800077499e-11 1.683327512016782205e-11 1.544482389018928235e-11 1.569041774868519643e-11 1.600317995918844992e-11 1.692240889124097738e-11 1.822674357465386004e-11 2.142645470635904399e-11 2.176114587790221252e-11 1.335381654181231646e-11 1.412229608258814809e-11 1.459171205256487645e-11 1.269517561074816265e-11 4.343278070334854672e-13
2.317812829232710065e-12 -1.268977054648891382e-12 -1.049318882300747758e-12 -9.963491753460931143e-13 2.086818973793912104e-12 2.935896829746538682e-12 4.548997755223326911e-12 5.928369923343532927e-12 8.537126061160741419e-12 1.120742238313631176e-11 1.803119987386026152e-11 2.306548921598298215e-11 2.377545734053003309e-11 2.165942868717695808e-11 1.958915801472136463e-11 1.986735255236719383e-11 2.072116817026019087e-11 2.405730877963314555e-11 2.686541884137164044e-11 3.007819909088413229e-11 2.848646824274155968e-11 1.461214646178891192e-11 1.073547949398986837e-11 8.503033069851645767e-12 1.247347100296004677e-11 7.788299226009174283e-12
1.779734124123285980e-12 -1.555355142894327067e-12 -2.439682522995747237e-12 -1.922347638755165025e-12 6.173281547218083569e-13 2.643003548187170656e-12 3.624341898105960940e-12 5.016764553058959872e-12 8.494193626907363231e-12 1.203684645394757722e-11 1.835417642800077499e-11 2.377545734053003309e-11 3.400005747443475835e-11 3.349031334695277044e-11 3.154032247358296334e-11 3.324790350671859654e-11 3.484091927778145390e-11 3.945737805145593696e-11 4.353768969945576673e-11 4.681469866200981034e-11 4.372334647470713189e-11 2.141300252491058450e-11 1.271887711639544712e-11 9.393364727812543909e-12 1.486187919081385559e-11 9.855617609240281740e-12
1.233817854755866509e-12 -1.881642467878308002e-13 -2.881729081385409381e-12 -1.499957219014869263e-12 4.598823927032505177e-13 2.898946699687667420e-12 3.935635027343090398e-12 4.426499608018929522e-12 9.026309379433355050e-12 1.172362969663940996e-11 1.683327512016782205e-11 2.165942868717695808e-11 3.349031334695277044e-11 4.262396948400198232e-11 4.452514595298575815e-11 4.851485937336850294e-11 5.211523652946382767e-11 5.945937916885437294e-11 6.697987174671413127e-11 7.166791238638686236e-11 6.163714971900793756e-11 2.238342287029465458e-11 7.709810429291449859e-12 1.133105993993497208e-11 1.636813746307154416e-11 7.178156638199873819e-12
1.880846414819809001e-12 2.100622689670656350e-12 -3.229860263476542332e-12 3.891466459809272097e-13 3.886610119899128762e-12 4.263193634430581358e-12 5.039124057893112052e-12 4.552104758145153663e-12 9.152615212756562400e-12 1.138844493943586589e-11 1.544482389018928235e-11 1.958915801472136463e-11 3.154032247358296334e-11 4.452514595298575815e-11 6.034679783348473330e-11 7.133855668400332844e-11 8.105404708505715741e-11 9.303795853178052820e-11 1.037192611772721318e-10 1.103368423778909130e-10 9.268438397145268602e-11 3.352784624866661900e-11 4.844897827280736920e-12 1.497548285071748987e-11 2.195550187207195812e-11 5.920470419325535301e-12
3.096588485818864226e-12 3.470153243492440035e-12 -2.336756723688501462e-12 2.608134732047221791e-12 5.904468380486230634e-12 5.731617648342128936e-12 6.274167153511341798e-12 3.873015971444774990e-12 9.330473895331627443e-12 1.184563627901599284e-11 1.569041774868519643e-11 1.986735255236719383e-11 3.324790350671859654e-11 4.851485937336850294e-11 7.133855668400332844e-11 1.008797319867378184e-10 1.225988517183928276e-10 1.430630434411587889e-10 1.588365072040063630e-10 1.687288631683347360e-10 1.440693961912478154e-10 5.697743211894049156e-11 5.655151224949800165e-12 2.083005116689220056e-11 3.118672568597483392e-11 9.940341449187614995e-12
6.644921915666138622e-12 7.033504184944006518e-12 -8.728884252602126525e-13 4.448532270847332726e-12 9.424268592521001446e-12 7.745921100259749258e-12 8.543789069696761885e-12 4.121328287547633961e-12 1.109678737193374175e-11 1.311015648360192342e-11 1.600317995918844992e-11 2.072116817026019087e-11 3.484091927778145390e-11 5.211523652946382767e-11 8.105404708505715741e-11 1.225988517183928276e-10 1.712555334548451234e-10 2.088622423121573919e-10 2.345962434320336734e-10 2.498331576098773559e-10 2.201707477040532781e-10 1.013460380007124786e-10 9.464211101543510892e-12 1.951070382120536129e-11 3.254236018894760403e-11 6.433919723641261288e-12
6.239141161789076910e-12 1.131697460881791761e-11 2.002124879906952062e-12 6.082875340567121251e-12 1.308322714653146059e-11 9.790460962199953175e-12 1.111323906005649825e-11 4.923152440397512987e-12 1.213620022445749640e-11 1.469658617158224430e-11 1.692240889124097738e-11 2.405730877963314555e-11 3.945737805145593696e-11 5.945937916885437294e-11 9.303795853178052820e-11 1.430630434411587889e-10 2.088622423121573919e-10 2.777608182694263994e-10 3.227515257313780711e-10 3.442195193408225703e-10 3.107031230427836912e-10 1.636355013964696554e-10 2.238428793771298462e-11 2.017587894013593184e-11 2.968023992434938036e-11 -5.144443906345412408e-13
5.916983750182650446e-12 1.469758053949864079e-11 5.154089915696111032e-12 6.918866586521652970e-12 1.606806898948888917e-11 1.264393258693847048e-11 1.527968711486369066e-11 5.996947914094043093e-12 1.398671035865932013e-11 1.497848139187241916e-11 1.822674357465386004e-11 2.686541884137164044e-11 4.353768969945576673e-11 6.697987174671413127e-11 1.037192611772721318e-10 1.588365072040063630e-10 2.345962434320336734e-10 3.227515257313780711e-10 4.056694094037404153e-10 4.517311061010564541e-10 4.232487041291974308e-10 2.590368016528726415e-10 6.348480811700215798e-11 3.164513653364664638e-11 3.210159333813080624e-11 -7.526330928095243239e-12
9.464280654865960745e-12 1.863020315523429282e-11 5.757436540157950394e-12 8.711861502545094245e-12 1.725493380962427878e-11 1.448301143689031793e-11 1.624220773961580403e-11 4.958937408974587726e-12 1.435948286054655902e-11 1.631279497446346841e-11 2.142645470635904399e-11 3.007819909088413229e-11 4.681469866200981034e-11 7.166791238638686236e-11 1.103368423778909130e-10 1.687288631683347360e-10 2.498331576098773559e-10 3.442195193408225703e-10 4.517311061010564541e-10 5.570822204412541913e-10 5.634974497768574645e-10 4.005510266225190039e-10 1.483177226798025163e-10 5.167529670846833125e-11 3.919722798912052016e-11 -1.464616915565033132e-11
1.529235633471611394e-11 2.134917857753245959e-11 4.518328219225677093e-12 8.132076254708977745e-12 1.626942494648993499e-11 1.298769384741312205e-11 1.353323995537023442e-11 5.217532415997377854e-12 1.293365117498023268e-11 1.663583790795465822e-11 2.176114587790221252e-11 2.848646824274155968e-11 4.372334647470713189e-11 6.163714971900793756e-11 9.268438397145268602e-11 1.440693961912478154e-10 2.201707477040532781e-10 3.107031230427836912e-10 4.232487041291974308e-10 5.634974497768574645e-10 6.495232362303960929e-10 5.568729988570647843e-10 2.941515780785932539e-10 9.401022786021135821e-11 2.092182116626185392e-11 -2.906752777807200477e-11
1.649385278981777869e-11 1.815392033364372765e-11 3.194294574596594687e-12 -6.727594175778293552e-13 1.278423465905829353e-11 7.149769844552647769e-12 4.497456011598971933e-12 5.218195042541310892e-12 6.171314579073269274e-12 1.049406589376089692e-11 1.335381654181231646e-11 1.461214646178891192e-11 2.141300252491058450e-11 2.238342287029465458e-11 3.352784624866661900e-11 5.697743211894049156e-11 1.013460380007124786e-10 1.636355013964696554e-10 2.590368016528726415e-10 4.005510266225190039e-10 5.568729988570647843e-10 6.437974277875882170e-10 4.723073954278257460e-10 1.839931818372518697e-10 -2.278372563833159056e-12 -4.137487661095107559e-11
2.100448939275674647e-11 1.110482059600209057e-11 1.812483789547156838e-12 -5.242580031145245210e-12 8.595979306178659807e-12 1.401081916189637322e-12 2.445195343987529739e-12 1.141625309814637844e-11 9.882895707313184743e-12 1.427714510346478131e-11 1.412229608258814809e-11 1.073547949398986837e-11 1.271887711639544712e-11 7.709810429291449859e-12 4.844897827280736920e-12 5.655151224949800165e-12 9.464211101543510892e-12 2.238428793771298462e-11 6.348480811700215798e-11 1.483177226798025163e-10 2.941515780785932539e-10 4.723073954278257460e-10 5.361231550658868984e-10 3.363653306008227184e-10 4.710557229143261181e-11 -1.712032933629327721e-11
2.159313448550343345e-11 1.374665268922611241e-11 2.902636437011675160e-13 4.371392701135438232e-12 1.064353280263882448e-11 3.255485042597219269e-12 8.761114822149043031e-13 9.212191024845493662e-12 1.335843353915908892e-11 1.458170455961490809e-11 1.459171205256487645e-11 8.503033069851645767e-12 9.393364727812543909e-12 1.133105993993497208e-11 1.497548285071748987e-11 2.083005116689220056e-11 1.951070382120536129e-11 2.017587894013593184e-11 3.164513653364664638e-11 5.167529670846833125e-11 9.401022786021135821e-11 1.839931818372518697e-10 3.363653306008227184e-10 4.415817769665527194e-10 2.462544916898133557e-10 5.357023749874711250e-11
1.803331368672143900e-11 6.221319284100198000e-12 -1.066178304598646759e-13 1.320679785029613086e-11 9.505008685810137213e-12 1.832874753389343439e-12 -3.276922931847163829e-12 6.415906510531358891e-13 6.038885561225170275e-12 7.695379460781228108e-12 1.269517561074816265e-11 1.247347100296004677e-11 1.486187919081385559e-11 1.636813746307154416e-11 2.195550187207195812e-11 3.118672568597483392e-11 3.254236018894760403e-11 2.968023992434938036e-11 3.210159333813080624e-11 3.919722798912052016e-11 2.092182116626185392e-11 -2.278372563833159056e-12 4.710557229143261181e-11 2.462544916898133557e-10 4.266571326202879316e-10 2.348796328374443876e-10
2.904828402711269986e-12 -1.531737131160816777e-11 -7.783442506709478065e-12 -1.046199343567346919e-12 -5.414467174006400216e-13 4.317850714325546547e-13 -2.198064251095280084e-12 -7.511459310808533980e-12 -2.785010950721735085e-12 -4.544938298733284718e-13 4.343278070334854672e-13 7.788299226009174283e-12 9.855617609240281740e-12 7.178156638199873819e-12 5.920470419325535301e-12 9.940341449187614995e-12 6.433919723641261288e-12 -5.144443906345412408e-13 -7.526330928095243239e-12 -1.464616915565033132e-11 -2.906752777807200477e-11 -4.137487661095107559e-11 -1.712032933629327721e-11 5.357023749874711250e-11 2.348796328374443876e-10 3.917815462013916125e-10
