4.569066694759051162e-11 5.526921233327171429e-12 3.582244054713111761e-12 8.574691475702759180e-14 -5.469860590889946513e-13 -2.916976205004389779e-13 7.781570866033450241e-13 5.965594844204488287e-13 -3.009243686729568822e-13 8.464983875766884437e-13 7.988177420625296725e-13 1.547089621714493749e-12 2.477149206473579031e-12 3.934713274212278261e-12 5.196664576963839873e-12 6.476368019185693625e-12 5.345327148963921724e-12 2.351165690314242424e-12 2.067859973387465136e-12 6.091632391993060234e-12 2.464617175968538871e-12 -7.541500313872021525e-12 -2.203852514169063695e-11 -2.787698257574601563e-11 -1.163245886637959182e-11 -9.040791805092776670e-12
5.526921233327171429e-12 2.732012668925408166e-11 8.806346212999494475e-12 2.173250814655956519e-12 -1.482400665232469786e-12 -7.785059482654301914e-13 -1.030627639154014829e-13 -7.753958724507652125e-13 -3.324768788751004740e-14 1.620716289396239724e-12 1.204638164757953822e-12 1.405041459010484136e-12 3.017871095970324793e-12 7.375179894029202762e-12 9.676398650046200415e-12 1.072076742163002811e-11 1.392499703390326203e-11 1.576469237836255473e-11 1.746656832306088286e-11 2.020183828353011356e-11 1.661736973749561263e-11 7.702610779000787144e-12 6.328143067312991273e-13 -7.645321003627352738e-12 -1.102400336434697455e-11 -1.338892390638864312e-11
3.582244054713111761e-12 8.806346212999494475e-12 2.313008231851793490e-11 5.129714688966633070e-12 3.510932438364901400e-12 2.838667567204152583e-12 2.043159070389087078e-12 1.918835506864576173e-12 6.102554991939614596e-13 -9.143817400521364505e-15 -2.076201863909164215e-12 -3.748551627311683798e-12 -2.272913620745639592e-12 -1.347101263992607538e-12 -2.362656982966993122e-12 -3.342745185301967166e-12 -1.341705256132066212e-12 3.855456756440399123e-13 2.120846104086923323e-13 -3.227268799490623506e-12 -9.406195101735769495e-12 -5.776771042877871157e-12 -4.371391284731798027e-12 7.790475466277921098e-15 -3.061153021035227870e-12 -4.335155453551363116e-12
8.574691475702759180e-14 2.173250814655956519e-12 5.129714688966633070e-12 1.596554895862412222e-11 6.905077946088430829e-12 2.927788941710023555e-12 2.192458922203953345e-12 2.163844973290786604e-12 1.404018670608692959e-12 1.919039246660269829e-12 1.854791144397381183e-12 6.360245584256780281e-13 1.503004550659998655e-13 3.293446614440134790e-13 2.370093666716280386e-13 -1.020925322473593989e-13 -1.069925621437765842e-12 -2.548664320707593234e-12 -3.083713646554399839e-12 -1.268172217711934684e-12 -1.471601547539627399e-12 -3.274088960578849342e-13 -8.658860318350247909e-13 -3.220837275939890715e-12 -2.701762594028794676e-12 -7.698059039698280407e-12
-5.469860590889946513e-13 -1.482400665232469786e-12 3.510932438364901400e-12 6.905077946088430829e-12 1.487694425280460741e-11 9.193958192095620298e-12 5.709956157076172526e-12 4.681427113699595787e-12 2.988933588972930708e-12 3.089763790602408862e-12 2.400620480355174753e-12 1.787019256279214428e-12 3.356298999516138494e-12 4.340577160406472560e-12 5.069285790994403589e-12 5.286674314149576053e-12 3.608117619051471605e-12 3.207749954858971413e-13 -7.895611653426587672e-13 -3.233286162014903863e-12 -6.037814774559080854e-12 -7.830038766840436110e-12 -1.025589099564826258e-11 -6.346763195111988760e-12 -5.073599764740484296e-14 -1.632525320742926932e-12
-2.916976205004389779e-13 -7.785059482654301914e-13 2.838667567204152583e-12 2.927788941710023555e-12 9.193958192095620298e-12 1.559181854704006269e-11 8.536860367731331163e-12 6.695318153332429104e-12 5.229211505373177596e-12 3.668331847235908369e-12 3.431902545335630919e-12 2.745021276647091365e-12 4.314084842583974523e-12 4.190658039743903829e-12 5.131618727385199500e-12 5.699162066098108943e-12 5.510892785848198017e-12 7.347387905754291884e-12 9.693284305464258322e-12 8.466410957920364440e-12 2.641929153163270884e-12 -4.782336787662135236e-12 -1.360790724745188219e-11 -4.186185657820520002e-12 9.057861957702871314e-12 1.171631593825642515e-11
7.781570866033450241e-13 -1.030627639154014829e-13 2.043159070389087078e-12 2.192458922203953345e-12 5.709956157076172526e-12 8.536860367731331163e-12 1.365008669824212908e-11 9.818563126238625323e-12 7.741686436405832574e-12 5.991930111138946963e-12 5.181311832654712128e-12 5.157520679016562070e-12 7.674374166351631342e-12 8.764547030201385351e-12 9.952706032651936881e-12 1.126796534511494620e-11 1.219594217387054614e-11 1.503482150941141545e-11 1.775611712079057362e-11 1.611964777457709039e-11 7.302865364214497529e-12 -6.044575080503813078e-12 -1.420596504963665675e-11 -9.143867256012363818e-12 -8.491145413577562287e-12 -6.172614002892073611e-12
5.965594844204488287e-13 -7.753958724507652125e-13 1.918835506864576173e-12 2.163844973290786604e-12 4.681427113699595787e-12 6.695318153332429104e-12 9.818563126238625323e-12 1.603801213999783691e-11 1.315851218275550919e-11 1.065411389436158955e-11 8.772081631001510028e-12 8.756364936328446977e-12 1.073329033026174918e-11 1.295371614722973745e-11 1.509116468818681716e-11 1.817633857920869744e-11 2.183585991308202957e-11 2.557035639479292152e-11 2.967670539722361275e-11 2.976170228278151784e-11 1.999891106108046746e-11 1.641394060642459769e-12 -7.417125604913411041e-12 -6.182568141296110873e-12 -7.763714385929948142e-12 -8.313852990428508224e-13
-3.009243686729568822e-13 -3.324768788751004740e-14 6.102554991939614596e-13 1.404018670608692959e-12 2.988933588972930708e-12 5.229211505373177596e-12 7.741686436405832574e-12 1.315851218275550919e-11 1.847591140987930783e-11 1.578642024651287901e-11 1.367353212231728749e-11 1.329164596789237901e-11 1.477581462842691201e-11 1.761777883614364414e-11 2.025363101367245560e-11 2.228128528025004665e-11 2.542224630126549801e-11 2.925531756018967364e-11 3.260418960098602919e-11 3.141996574208107792e-11 1.887302747509534445e-11 -1.988016103529606750e-12 -3.091200783359545470e-12 2.806388724041349562e-12 -5.471424351981750882e-12 -1.733878711193940522e-12
8.464983875766884437e-13 1.620716289396239724e-12 -9.143817400521364505e-15 1.919039246660269829e-12 3.089763790602408862e-12 3.668331847235908369e-12 5.991930111138946963e-12 1.065411389436158955e-11 1.578642024651287901e-11 2.191936412383242242e-11 1.970647488593948675e-11 1.905947367776557566e-11 2.137808233571128964e-11 2.517415207978906768e-11 2.924536706752521243e-11 3.317224072057716910e-11 3.783306567182926807e-11 4.304184431128271362e-11 4.722703009167914083e-11 5.012527772542074347e-11 4.124947317565525967e-11 1.924441063945389426e-11 1.624515593421043629e-11 1.173735278669818275e-11 -3.663102475934251456e-12 -2.674874290646820366e-12
7.988177420625296725e-13 1.204638164757953822e-12 -2.076201863909164215e-12 1.854791144397381183e-12 2.400620480355174753e-12 3.431902545335630919e-12 5.181311832654712128e-12 8.772081631001510028e-12 1.367353212231728749e-11 1.970647488593948675e-11 2.582890383247893344e-11 2.520243332858027597e-11 2.661854083358743799e-11 2.970905197637182053e-11 3.366602557210197510e-11 3.680063864270338511e-11 4.135950940610476840e-11 4.666380307030855075e-11 5.156859216272530062e-11 5.693574180500163494e-11 4.958394902487788667e-11 2.255112080603804668e-11 1.700254552876564717e-11 9.948081879885427681e-12 -5.873292256385948626e-12 -3.116502610614217421e-12
1.547089621714493749e-12 1.405041459010484136e-12 -3.748551627311683798e-12 6.360245584256780281e-13 1.787019256279214428e-12 2.745021276647091365e-12 5.157520679016562070e-12 8.756364936328446977e-12 1.329164596789237901e-11 1.905947367776557566e-11 2.520243332858027597e-11 3.479663599702323745e-11 4.017020981464057362e-11 4.501517211181359795e-11 5.013348296737915660e-11 5.436595685574556999e-11 6.062444806010351390e-11 6.780940058815132856e-11 7.316130759304262387e-11 7.921784402274726805e-11 6.760534999874975902e-11 2.239206410552407263e-11 4.783880289705341640e-12 1.483069296677389216e-12 6.727249524481484746e-13 2.441815733988393887e-12
2.477149206473579031e-12 3.017871095970324793e-12 -2.272913620745639592e-12 1.503004550659998655e-13 3.356298999516138494e-12 4.314084842583974523e-12 7.674374166351631342e-12 1.073329033026174918e-11 1.477581462842691201e-11 2.137808233571128964e-11 2.661854083358743799e-11 4.017020981464057362e-11 5.700952022421202215e-11 6.530700993843152330e-11 7.249538391580016697e-11 7.906990283769511182e-11 8.831345685867907646e-11 9.872900187674853475e-11 1.040485672047431364e-10 1.083094110006459905e-10 8.603699346623747998e-11 1.944021034149538436e-11 -1.034868844669232194e-11 -7.395458957876464556e-12 5.490353996198181992e-12 4.417518098636314057e-12
3.934713274212278261e-12 7.375179894029202762e-12 -1.347101263992607538e-12 3.293446614440134790e-13 4.340577160406472560e-12 4.190658039743903829e-12 8.764547030201385351e-12 1.295371614722973745e-11 1.761777883614364414e-11 2.517415207978906768e-11 2.970905197637182053e-11 4.501517211181359795e-11 6.530700993843152330e-11 8.647241648335027155e-11 9.971303243701128193e-11 1.093655913701941500e-10 1.219207315336504211e-10 1.366023614432934942e-10 1.451940231553511048e-10 1.525183504878195019e-10 1.223516346796227284e-10 3.434677149293853715e-11 -1.075761496290188000e-11 -1.621291845009796381e-11 -4.897142369434608104e-12 -3.324243839035455399e-12
5.196664576963839873e-12 9.676398650046200415e-12 -2.362656982966993122e-12 2.370093666716280386e-13 5.069285790994403589e-12 5.131618727385199500e-12 9.952706032651936881e-12 1.509116468818681716e-11 2.025363101367245560e-11 2.924536706752521243e-11 3.366602557210197510e-11 5.013348296737915660e-11 7.249538391580016697e-11 9.971303243701128193e-11 1.307935733106643351e-10 1.508278175772984074e-10 1.717676103688078806e-10 1.929987356554126607e-10 2.076070504259570288e-10 2.231262159129975011e-10 1.884122387904426117e-10 7.051401657525630978e-11 1.112418005111724635e-12 -1.661904879650720408e-11 -7.941284664640496372e-12 -1.539120184709942327e-12
6.476368019185693625e-12 1.072076742163002811e-11 -3.342745185301967166e-12 -1.020925322473593989e-13 5.286674314149576053e-12 5.699162066098108943e-12 1.126796534511494620e-11 1.817633857920869744e-11 2.228128528025004665e-11 3.317224072057716910e-11 3.680063864270338511e-11 5.436595685574556999e-11 7.906990283769511182e-11 1.093655913701941500e-10 1.508278175772984074e-10 1.906431923554712341e-10 2.260469357991409011e-10 2.581372780693170040e-10 2.806217687898881526e-10 3.057178594256269122e-10 2.689037814075781525e-10 1.163297069922663066e-10 9.346688147549112083e-12 -2.379784901465715926e-11 -8.633164717297172000e-12 -6.815630601155996268e-12
5.345327148963921724e-12 1.392499703390326203e-11 -1.341705256132066212e-12 -1.069925621437765842e-12 3.608117619051471605e-12 5.510892785848198017e-12 1.219594217387054614e-11 2.183585991308202957e-11 2.542224630126549801e-11 3.783306567182926807e-11 4.135950940610476840e-11 6.062444806010351390e-11 8.831345685867907646e-11 1.219207315336504211e-10 1.717676103688078806e-10 2.260469357991409011e-10 2.955610138554244311e-10 3.558023066506161983e-10 3.921887033775227493e-10 4.283891437242029688e-10 3.860807256907796650e-10 1.945432234386650074e-10 4.047864644103244871e-11 -1.034459128325002799e-11 2.440807044252847140e-12 -1.394359654606951006e-11
2.351165690314242424e-12 1.576469237836255473e-11 3.855456756440399123e-13 -2.548664320707593234e-12 3.207749954858971413e-13 7.347387905754291884e-12 1.503482150941141545e-11 2.557035639479292152e-11 2.925531756018967364e-11 4.304184431128271362e-11 4.666380307030855075e-11 6.780940058815132856e-11 9.872900187674853475e-11 1.366023614432934942e-10 1.929987356554126607e-10 2.581372780693170040e-10 3.558023066506161983e-10 4.668383432438369152e-10 5.366867917616110903e-10 5.984176282699990809e-10 5.634827334407735257e-10 3.311074471295575130e-10 9.995752907319109732e-11 8.347933564228345008e-12 6.809076217797710279e-12 -3.068660233764811689e-11
2.067859973387465136e-12 1.746656832306088286e-11 2.120846104086923323e-13 -3.083713646554399839e-12 -7.895611653426587672e-13 9.693284305464258322e-12 1.775611712079057362e-11 2.967670539722361275e-11 3.260418960098602919e-11 4.722703009167914083e-11 5.156859216272530062e-11 7.316130759304262387e-11 1.040485672047431364e-10 1.451940231553511048e-10 2.076070504259570288e-10 2.806217687898881526e-10 3.921887033775227493e-10 5.366867917616110903e-10 6.674014785532583865e-10 7.842002861652460913e-10 7.828608777493882896e-10 5.289201009442003032e-10 2.015414633820590415e-10 3.476310896242350750e-11 1.165700552144162498e-11 -5.233828597477376007e-11
6.091632391993060234e-12 2.020183828353011356e-11 -3.227268799490623506e-12 -1.268172217711934684e-12 -3.233286162014903863e-12 8.466410957920364440e-12 1.611964777457709039e-11 2.976170228278151784e-11 3.141996574208107792e-11 5.012527772542074347e-11 5.693574180500163494e-11 7.921784402274726805e-11 1.083094110006459905e-10 1.525183504878195019e-10 2.231262159129975011e-10 3.057178594256269122e-10 4.283891437242029688e-10 5.984176282699990809e-10 7.842002861652460913e-10 1.005458882331193836e-09 1.082988373473632669e-09 8.222700800243049854e-10 3.772174307899313190e-10 7.343696568291941525e-11 1.870897974107737719e-11 -7.297170299389252676e-11
2.464617175968538871e-12 1.661736973749561263e-11 -9.406195101735769495e-12 -1.471601547539627399e-12 -6.037814774559080854e-12 2.641929153163270884e-12 7.302865364214497529e-12 1.999891106108046746e-11 1.887302747509534445e-11 4.124947317565525967e-11 4.958394902487788667e-11 6.760534999874975902e-11 8.603699346623747998e-11 1.223516346796227284e-10 1.884122387904426117e-10 2.689037814075781525e-10 3.860807256907796650e-10 5.634827334407735257e-10 7.828608777493882896e-10 1.082988373473632669e-09 1.317873508893438352e-09 1.171466001214278242e-09 6.755563946503612607e-10 1.697076833530800943e-10 1.641599534151465210e-11 -1.022240895476510662e-10
-7.541500313872021525e-12 7.702610779000787144e-12 -5.776771042877871157e-12 -3.274088960578849342e-13 -7.830038766840436110e-12 -4.782336787662135236e-12 -6.044575080503813078e-12 1.641394060642459769e-12 -1.988016103529606750e-12 1.924441063945389426e-11 2.255112080603804668e-11 2.239206410552407263e-11 1.944021034149538436e-11 3.434677149293853715e-11 7.051401657525630978e-11 1.163297069922663066e-10 1.945432234386650074e-10 3.311074471295575130e-10 5.289201009442003032e-10 8.222700800243049854e-10 1.171466001214278242e-09 1.337698500822008025e-09 1.013969270054089567e-09 3.880895047914138129e-10 2.767881079353494064e-11 -1.305094424635504623e-10
-2.203852514169063695e-11 6.328143067312991273e-13 -4.371391284731798027e-12 -8.658860318350247909e-13 -1.025589099564826258e-11 -1.360790724745188219e-11 -1.420596504963665675e-11 -7.417125604913411041e-12 -3.091200783359545470e-12 1.624515593421043629e-11 1.700254552876564717e-11 4.783880289705341640e-12 -1.034868844669232194e-11 -1.075761496290188000e-11 1.112418005111724635e-12 9.346688147549112083e-12 4.047864644103244871e-11 9.995752907319109732e-11 2.015414633820590415e-10 3.772174307899313190e-10 6.755563946503612607e-10 1.013969270054089567e-09 1.141370871826334047e-09 7.219018091328144071e-10 1.226371375179271183e-10 -7.899402282713247960e-11
-2.787698257574601563e-11 -7.645321003627352738e-12 7.790475466277921098e-15 -3.220837275939890715e-12 -6.346763195111988760e-12 -4.186185657820520002e-12 -9.143867256012363818e-12 -6.182568141296110873e-12 2.806388724041349562e-12 1.173735278669818275e-11 9.948081879885427681e-12 1.483069296677389216e-12 -7.395458957876464556e-12 -1.621291845009796381e-11 -1.661904879650720408e-11 -2.379784901465715926e-11 -1.034459128325002799e-11 8.347933564228345008e-12 3.476310896242350750e-11 7.343696568291941525e-11 1.697076833530800943e-10 3.880895047914138129e-10 7.219018091328144071e-10 8.554688702486175864e-10 4.177872742697248593e-10 5.768378390860237286e-11
-1.163245886637959182e-11 -1.102400336434697455e-11 -3.061153021035227870e-12 -2.701762594028794676e-12 -5.073599764740484296e-14 9.057861957702871314e-12 -8.491145413577562287e-12 -7.763714385929948142e-12 -5.471424351981750882e-12 -3.663102475934251456e-12 -5.873292256385948626e-12 6.727249524481484746e-13 5.490353996198181992e-12 -4.897142369434608104e-12 -7.941284664640496372e-12 -8.633164717297172000e-12 2.440807044252847140e-12 6.809076217797710279e-12 1.165700552144162498e-11 1.870897974107737719e-11 1.641599534151465210e-11 2.767881079353494064e-11 1.226371375179271183e-10 4.177872742697248593e-10 7.703154388474171198e-10 4.132958770434274232e-10
-9.040791805092776670e-12 -1.338892390638864312e-11 -4.335155453551363116e-12 -7.698059039698280407e-12 -1.632525320742926932e-12 1.171631593825642515e-11 -6.172614002892073611e-12 -8.313852990428508224e-13 -1.733878711193940522e-12 -2.674874290646820366e-12 -3.116502610614217421e-12 2.441815733988393887e-12 4.417518098636314057e-12 -3.324243839035455399e-12 -1.539120184709942327e-12 -6.815630601155996268e-12 -1.394359654606951006e-11 -3.068660233764811689e-11 -5.233828597477376007e-11 -7.297170299389252676e-11 -1.022240895476510662e-10 -1.305094424635504623e-10 -7.899402282713247960e-11 5.768378390860237286e-11 4.132958770434274232e-10 7.072769189924711551e-10
