4.463386403417972299e-11 1.122860302056255261e-11 -5.916185524587623907e-13 7.544418555894717699e-13 2.859710334782491899e-12 1.627852096314490092e-12 -1.445830766361369315e-12 1.430756724325758319e-12 -5.442514755971747952e-13 6.370334259193215563e-14 -7.460166696838628609e-13 1.445028716629702658e-12 1.407716439032119992e-12 1.197328028718043950e-12 1.913620294440359816e-12 3.494061234823171306e-12 3.839570383134453533e-12 5.730063455500812763e-12 6.428900665945590730e-12 1.006703865454916734e-11 1.539595319506603877e-11 1.834770097751311528e-11 1.540465595135259297e-11 5.842041418050340332e-12 -3.865617676095221576e-12 -3.166299215693563499e-13
1.122860302056255261e-11 3.873980370303802749e-11 9.593890049212639628e-12 3.766921336182684009e-12 4.150137240792565312e-12 3.089493224725099205e-12 3.979337009536556165e-12 2.550830521064203405e-12 2.143032283458740167e-12 9.462091351926614411e-13 9.913854547087041074e-13 2.716731297282389196e-12 7.310685311603450461e-12 1.232712308006171875e-11 1.421928606443353775e-11 1.352628427182536688e-11 1.615382469739804019e-11 1.888030702756597793e-11 1.932926765650865606e-11 1.977342292936815749e-11 7.301170853378070482e-12 -8.694086620173518089e-12 -1.530785888575550550e-11 -1.161885124264875081e-11 -9.856972004350303286e-12 -9.152631608683049854e-12
-5.916185524587623907e-13 9.593890049212639628e-12 2.542558373153330726e-11 5.647180941038001236e-12 2.029762977331288324e-12 -9.244069141373712372e-13 -8.881128265406031450e-14 -2.939969506238762542e-13 1.820639253252091856e-13 9.975944118777504720e-13 6.943810895345954505e-13 -6.995742244112323202e-13 7.523130470231703370e-13 1.251162602379085319e-12 1.697072792818425150e-12 6.493998808965928102e-13 2.685831823824358973e-12 3.023539390074595929e-12 4.101137205116907695e-14 -6.662396252846758054e-12 -1.753647141143137464e-11 -2.134942788393702031e-11 -1.831693159904897221e-11 -8.161332903585501181e-12 -2.301775851913333623e-13 -2.050879998896515861e-12
7.544418555894717699e-13 3.766921336182684009e-12 5.647180941038001236e-12 1.778636379765681576e-11 6.046970639559035909e-12 2.194721133245489025e-12 6.354000048617463749e-13 1.519657768182870486e-12 1.572373753494733719e-12 2.797273522121547046e-12 2.197462748470178915e-12 1.895616724935576123e-12 1.751717434342786369e-12 2.791863064557421065e-12 4.348688323272396500e-12 4.711664936172359124e-12 5.854451087037365902e-12 4.297926362905358450e-12 1.837728003751151939e-12 1.197649482237085121e-12 -3.790302621338416372e-12 -4.473421811073684526e-12 4.091614152616424929e-12 6.787062916375017675e-12 6.314274110358640495e-13 -2.734233823070402443e-12
2.859710334782491899e-12 4.150137240792565312e-12 2.029762977331288324e-12 6.046970639559035909e-12 1.808128863265729535e-11 7.983113551327415188e-12 5.050558914379035695e-12 5.855678283460054499e-12 4.202433798018323315e-12 5.021725675604846113e-12 4.695145826596245178e-12 3.113222937925767810e-12 3.497217268776082195e-12 5.250861080911261180e-12 6.494893249263464189e-12 7.868631318242273793e-12 7.228027977701419502e-12 7.513758133659429718e-12 8.523407918642151217e-12 8.509831009685213104e-12 5.945082549809363350e-12 1.078057716163396378e-12 -1.320346891710813742e-12 -5.270146059958210358e-12 -4.188312113039649684e-12 -6.945350855427862014e-12
1.627852096314490092e-12 3.089493224725099205e-12 -9.244069141373712372e-13 2.194721133245489025e-12 7.983113551327415188e-12 1.552212885224467209e-11 8.505196447638169250e-12 7.002804665926231246e-12 4.983657661418451307e-12 4.928870941535773734e-12 3.233327085853616394e-12 2.673963977176679658e-12 4.906775842696317347e-12 5.405905390280215530e-12 6.788583809929619771e-12 8.296195652116649411e-12 9.294104229196638804e-12 1.111413963079077514e-11 1.185447534202611454e-11 8.254086742269020718e-12 -6.181629695030971180e-13 -1.431682012650378452e-11 -2.838188092715116634e-11 -1.915127682304457991e-11 -9.738970753860035986e-13 5.499617235051066736e-12
-1.445830766361369315e-12 3.979337009536556165e-12 -8.881128265406031450e-14 6.354000048617463749e-13 5.050558914379035695e-12 8.505196447638169250e-12 1.518305319408484865e-11 9.622640244090639904e-12 8.462686043679648955e-12 6.860469794346306174e-12 6.145822423910779177e-12 4.810672201837104523e-12 7.016420138109411366e-12 8.012890292211617501e-12 8.853224994617249162e-12 1.031224762657035761e-11 1.162802807542139135e-11 1.436608136454674906e-11 1.704248388048171634e-11 1.594551183883729077e-11 1.000126839826212881e-11 1.296491019955418080e-12 -5.228457620239626426e-12 -2.018737802912112249e-12 -1.278813490558595912e-12 -4.123149898690293794e-12
1.430756724325758319e-12 2.550830521064203405e-12 -2.939969506238762542e-13 1.519657768182870486e-12 5.855678283460054499e-12 7.002804665926231246e-12 9.622640244090639904e-12 1.595791831717774893e-11 1.273626653762418517e-11 1.104104098031553262e-11 9.103300893794126234e-12 8.819218722312705597e-12 1.098125615356287874e-11 1.307235984645439871e-11 1.571065236389706732e-11 1.840537921686426997e-11 2.175364689133443746e-11 2.461265985155500441e-11 2.689262240794352401e-11 2.404211491899635588e-11 1.198420033974004585e-11 -5.973182889693648098e-12 -1.162447656643186713e-11 -8.027510268899783855e-12 -9.242294474856179575e-12 -9.429894389705860501e-13
-5.442514755971747952e-13 2.143032283458740167e-12 1.820639253252091856e-13 1.572373753494733719e-12 4.202433798018323315e-12 4.983657661418451307e-12 8.462686043679648955e-12 1.273626653762418517e-11 1.972951396121978884e-11 1.703259333195256788e-11 1.473927269066989949e-11 1.411411636060386249e-11 1.565049034471201457e-11 1.882310371152730564e-11 2.144014275280060973e-11 2.375097273281221731e-11 2.799745372735297639e-11 3.308800416169395445e-11 3.710719129080659096e-11 3.733356899880261795e-11 2.613838668080311443e-11 5.342590164020264111e-12 6.019255994767900119e-13 2.046488141101936805e-12 -6.693684972182253928e-12 1.254179422287564593e-12
6.370334259193215563e-14 9.462091351926614411e-13 9.975944118777504720e-13 2.797273522121547046e-12 5.021725675604846113e-12 4.928870941535773734e-12 6.860469794346306174e-12 1.104104098031553262e-11 1.703259333195256788e-11 2.249513430125962053e-11 2.080791377809740577e-11 1.912320359842935083e-11 2.096038674706075895e-11 2.374979747880085513e-11 2.793598604394583656e-11 3.149454213194099856e-11 3.659153708747747926e-11 4.173010293936412840e-11 4.623636219640213951e-11 4.906688845691506540e-11 3.966302712341813061e-11 1.766028280728937925e-11 1.316359591822008221e-11 7.516173913828655333e-12 -3.586573989751736698e-12 1.750405702724311726e-13
-7.460166696838628609e-13 9.913854547087041074e-13 6.943810895345954505e-13 2.197462748470178915e-12 4.695145826596245178e-12 3.233327085853616394e-12 6.145822423910779177e-12 9.103300893794126234e-12 1.473927269066989949e-11 2.080791377809740577e-11 2.735595319617129417e-11 2.592653052746333830e-11 2.755197290653199593e-11 3.056913757600479317e-11 3.516274522151518689e-11 3.826455379377218053e-11 4.283066717714951655e-11 4.818324124731620331e-11 5.325486150891698962e-11 5.879069296889210632e-11 5.129800001547671297e-11 2.369611036892997813e-11 1.812396019183586262e-11 1.121229521991144040e-11 -4.224565331041346490e-12 -1.067213243161693950e-12
1.445028716629702658e-12 2.716731297282389196e-12 -6.995742244112323202e-13 1.895616724935576123e-12 3.113222937925767810e-12 2.673963977176679658e-12 4.810672201837104523e-12 8.819218722312705597e-12 1.411411636060386249e-11 1.912320359842935083e-11 2.592653052746333830e-11 3.529363440287913728e-11 4.059543579441728306e-11 4.517746029513501175e-11 5.068487720199719933e-11 5.461026550910836435e-11 6.105029852755827136e-11 6.867544006080786279e-11 7.414920153382011137e-11 8.051694613318617751e-11 7.017020107432050570e-11 2.539414822390488575e-11 6.805858597255526851e-12 8.948098956678402022e-13 -1.297302489484547005e-12 1.590715290783925628e-12
1.407716439032119992e-12 7.310685311603450461e-12 7.523130470231703370e-13 1.751717434342786369e-12 3.497217268776082195e-12 4.906775842696317347e-12 7.016420138109411366e-12 1.098125615356287874e-11 1.565049034471201457e-11 2.096038674706075895e-11 2.755197290653199593e-11 4.059543579441728306e-11 5.714092962812624384e-11 6.511357925875268087e-11 7.261305052362546267e-11 7.898358982602737306e-11 8.857087855995623252e-11 9.901794457230395773e-11 1.043557372628947265e-10 1.087975865275495228e-10 8.649205621963391493e-11 2.029568142043511435e-11 -1.048063224581693030e-11 -8.479462555645255000e-12 4.032067347861168510e-12 2.974761604582733522e-12
1.197328028718043950e-12 1.232712308006171875e-11 1.251162602379085319e-12 2.791863064557421065e-12 5.250861080911261180e-12 5.405905390280215530e-12 8.012890292211617501e-12 1.307235984645439871e-11 1.882310371152730564e-11 2.374979747880085513e-11 3.056913757600479317e-11 4.517746029513501175e-11 6.511357925875268087e-11 8.601099937821549801e-11 9.933538242943953867e-11 1.088779632556353571e-10 1.217552496277570786e-10 1.367411264220708995e-10 1.455850556836893396e-10 1.532285408904101509e-10 1.231763993655459538e-10 3.585577321852792386e-11 -9.848992854703116773e-12 -1.573676781973992916e-11 -4.214161892373749550e-12 -3.829504233320144700e-12
1.913620294440359816e-12 1.421928606443353775e-11 1.697072792818425150e-12 4.348688323272396500e-12 6.494893249263464189e-12 6.788583809929619771e-12 8.853224994617249162e-12 1.571065236389706732e-11 2.144014275280060973e-11 2.793598604394583656e-11 3.516274522151518689e-11 5.068487720199719933e-11 7.261305052362546267e-11 9.933538242943953867e-11 1.306465611799795680e-10 1.506303843644341319e-10 1.717561586883270008e-10 1.934741064583016515e-10 2.081585431536846525e-10 2.234021847382479105e-10 1.885177869214803789e-10 7.121385208880623281e-11 1.987020357427417035e-12 -1.640178040355936125e-11 -7.643087512337490188e-12 -1.144489829599339486e-12
3.494061234823171306e-12 1.352628427182536688e-11 6.493998808965928102e-13 4.711664936172359124e-12 7.868631318242273793e-12 8.296195652116649411e-12 1.031224762657035761e-11 1.840537921686426997e-11 2.375097273281221731e-11 3.149454213194099856e-11 3.826455379377218053e-11 5.461026550910836435e-11 7.898358982602737306e-11 1.088779632556353571e-10 1.506303843644341319e-10 1.903087793905089035e-10 2.257199703178374222e-10 2.578567814157063360e-10 2.803932171814326482e-10 3.050304864475657822e-10 2.677750896725459506e-10 1.154116707389827898e-10 8.668839266604286855e-12 -2.367204592214450625e-11 -8.807316657109632069e-12 -7.104041089393562139e-12
3.839570383134453533e-12 1.615382469739804019e-11 2.685831823824358973e-12 5.854451087037365902e-12 7.228027977701419502e-12 9.294104229196638804e-12 1.162802807542139135e-11 2.175364689133443746e-11 2.799745372735297639e-11 3.659153708747747926e-11 4.283066717714951655e-11 6.105029852755827136e-11 8.857087855995623252e-11 1.217552496277570786e-10 1.717561586883270008e-10 2.257199703178374222e-10 2.957106051811013847e-10 3.557399202569549815e-10 3.924408373373251610e-10 4.286769244439423754e-10 3.858784443176732048e-10 1.946677330709995889e-10 4.071598465844455420e-11 -1.000567759282470464e-11 3.071814646309416438e-12 -1.319691009323379690e-11
5.730063455500812763e-12 1.888030702756597793e-11 3.023539390074595929e-12 4.297926362905358450e-12 7.513758133659429718e-12 1.111413963079077514e-11 1.436608136454674906e-11 2.461265985155500441e-11 3.308800416169395445e-11 4.173010293936412840e-11 4.818324124731620331e-11 6.867544006080786279e-11 9.901794457230395773e-11 1.367411264220708995e-10 1.934741064583016515e-10 2.578567814157063360e-10 3.557399202569549815e-10 4.661722999615076291e-10 5.361098964827917343e-10 5.979640612240702070e-10 5.621398714561516117e-10 3.302331367610468577e-10 9.925052071616752927e-11 7.653141950563683356e-12 6.247578444278653262e-12 -2.985173194743333488e-11
6.428900665945590730e-12 1.932926765650865606e-11 4.101137205116907695e-14 1.837728003751151939e-12 8.523407918642151217e-12 1.185447534202611454e-11 1.704248388048171634e-11 2.689262240794352401e-11 3.710719129080659096e-11 4.623636219640213951e-11 5.325486150891698962e-11 7.414920153382011137e-11 1.043557372628947265e-10 1.455850556836893396e-10 2.081585431536846525e-10 2.803932171814326482e-10 3.924408373373251610e-10 5.361098964827917343e-10 6.670906775374223622e-10 7.844491407551975048e-10 7.823856360530976154e-10 5.287063591153376193e-10 2.015541770056105000e-10 3.452971967548175175e-11 1.204018742403429121e-11 -5.139631455308311393e-11
1.006703865454916734e-11 1.977342292936815749e-11 -6.662396252846758054e-12 1.197649482237085121e-12 8.509831009685213104e-12 8.254086742269020718e-12 1.594551183883729077e-11 2.404211491899635588e-11 3.733356899880261795e-11 4.906688845691506540e-11 5.879069296889210632e-11 8.051694613318617751e-11 1.087975865275495228e-10 1.532285408904101509e-10 2.234021847382479105e-10 3.050304864475657822e-10 4.286769244439423754e-10 5.979640612240702070e-10 7.844491407551975048e-10 1.006915570832781853e-09 1.083806921486792149e-09 8.232508001203113234e-10 3.777633902125292741e-10 7.349829605310729922e-11 1.903254942115566052e-11 -7.224617115261094792e-11
1.539595319506603877e-11 7.301170853378070482e-12 -1.753647141143137464e-11 -3.790302621338416372e-12 5.945082549809363350e-12 -6.181629695030971180e-13 1.000126839826212881e-11 1.198420033974004585e-11 2.613838668080311443e-11 3.966302712341813061e-11 5.129800001547671297e-11 7.017020107432050570e-11 8.649205621963391493e-11 1.231763993655459538e-10 1.885177869214803789e-10 2.677750896725459506e-10 3.858784443176732048e-10 5.621398714561516117e-10 7.823856360530976154e-10 1.083806921486792149e-09 1.317945163679047417e-09 1.171667349533503977e-09 6.754528940934805158e-10 1.696805204647106550e-10 1.671869835140868343e-11 -1.010820085794700664e-10
1.834770097751311528e-11 -8.694086620173518089e-12 -2.134942788393702031e-11 -4.473421811073684526e-12 1.078057716163396378e-12 -1.431682012650378452e-11 1.296491019955418080e-12 -5.973182889693648098e-12 5.342590164020264111e-12 1.766028280728937925e-11 2.369611036892997813e-11 2.539414822390488575e-11 2.029568142043511435e-11 3.585577321852792386e-11 7.121385208880623281e-11 1.154116707389827898e-10 1.946677330709995889e-10 3.302331367610468577e-10 5.287063591153376193e-10 8.232508001203113234e-10 1.171667349533503977e-09 1.337714755485195725e-09 1.013517415343562430e-09 3.879489038733050133e-10 2.802517315068436879e-11 -1.296425540058125645e-10
1.540465595135259297e-11 -1.530785888575550550e-11 -1.831693159904897221e-11 4.091614152616424929e-12 -1.320346891710813742e-12 -2.838188092715116634e-11 -5.228457620239626426e-12 -1.162447656643186713e-11 6.019255994767900119e-13 1.316359591822008221e-11 1.812396019183586262e-11 6.805858597255526851e-12 -1.048063224581693030e-11 -9.848992854703116773e-12 1.987020357427417035e-12 8.668839266604286855e-12 4.071598465844455420e-11 9.925052071616752927e-11 2.015541770056105000e-10 3.777633902125292741e-10 6.754528940934805158e-10 1.013517415343562430e-09 1.140722131144349311e-09 7.216657781126285825e-10 1.235111586339283236e-10 -7.870539796261785818e-11
5.842041418050340332e-12 -1.161885124264875081e-11 -8.161332903585501181e-12 6.787062916375017675e-12 -5.270146059958210358e-12 -1.915127682304457991e-11 -2.018737802912112249e-12 -8.027510268899783855e-12 2.046488141101936805e-12 7.516173913828655333e-12 1.121229521991144040e-11 8.948098956678402022e-13 -8.479462555645255000e-12 -1.573676781973992916e-11 -1.640178040355936125e-11 -2.367204592214450625e-11 -1.000567759282470464e-11 7.653141950563683356e-12 3.452971967548175175e-11 7.349829605310729922e-11 1.696805204647106550e-10 3.879489038733050133e-10 7.216657781126285825e-10 8.550576984792129685e-10 4.183144330414147047e-10 5.804186790125506861e-11
-3.865617676095221576e-12 -9.856972004350303286e-12 -2.301775851913333623e-13 6.314274110358640495e-13 -4.188312113039649684e-12 -9.738970753860035986e-13 -1.278813490558595912e-12 -9.242294474856179575e-12 -6.693684972182253928e-12 -3.586573989751736698e-12 -4.224565331041346490e-12 -1.297302489484547005e-12 4.032067347861168510e-12 -4.214161892373749550e-12 -7.643087512337490188e-12 -8.807316657109632069e-12 3.071814646309416438e-12 6.247578444278653262e-12 1.204018742403429121e-11 1.903254942115566052e-11 1.671869835140868343e-11 2.802517315068436879e-11 1.235111586339283236e-10 4.183144330414147047e-10 7.702845204294108851e-10 4.131854587928019510e-10
-3.166299215693563499e-13 -9.152631608683049854e-12 -2.050879998896515861e-12 -2.734233823070402443e-12 -6.945350855427862014e-12 5.499617235051066736e-12 -4.123149898690293794e-12 -9.429894389705860501e-13 1.254179422287564593e-12 1.750405702724311726e-13 -1.067213243161693950e-12 1.590715290783925628e-12 2.974761604582733522e-12 -3.829504233320144700e-12 -1.144489829599339486e-12 -7.104041089393562139e-12 -1.319691009323379690e-11 -2.985173194743333488e-11 -5.139631455308311393e-11 -7.224617115261094792e-11 -1.010820085794700664e-10 -1.296425540058125645e-10 -7.870539796261785818e-11 5.804186790125506861e-11 4.131854587928019510e-10 7.069688677654226758e-10
