6.260243661668482752e-11 2.208289692610059671e-11 8.336733058173216440e-12 1.186251193695214432e-12 2.282466283969088219e-12 3.346229765414727029e-12 2.836022798719120381e-12 2.618985279783420723e-12 1.258155391577382585e-12 -1.822106824192623641e-12 -2.175882436270487308e-12 -3.365103566451492986e-12 -5.705332718070146837e-12 -4.804070857272788265e-12 -1.219095934135590486e-12 1.725057923718870236e-12 2.343896576085341118e-12 2.092359451913506923e-12 2.155626205438296920e-12 4.107477888643854447e-12 8.812651380867899311e-12 1.278626205550743239e-11 2.113017387384594091e-11 2.840586489662152568e-11 1.165304213572192541e-11 8.112549319949332130e-13
2.208289692610059671e-11 4.735412739169132093e-11 1.497516290295093678e-11 7.867234359092045246e-12 6.789744905921364041e-12 3.107218820856628371e-12 4.379931836114630144e-12 3.973187503404286173e-12 2.533024321628955991e-12 -6.660702965560507658e-13 -9.972153495246169265e-13 -1.596762969187520838e-12 -3.694409109554480217e-12 -3.809594206748212268e-12 -2.438997285197102171e-12 -1.334670332956487332e-12 -7.638736651543559926e-13 7.945339561046816834e-13 8.250082473130048907e-13 -1.167804997572891120e-12 -5.081161088371790560e-12 -5.652951442492959195e-12 5.665866278074408840e-12 2.103399639285688564e-11 2.093596878393353224e-11 -5.798172821277971321e-12
8.336733058173216440e-12 1.497516290295093678e-11 3.451393520061260712e-11 9.639696620531308890e-12 4.354668127111966376e-12 4.442191544973201368e-12 3.716377046132844482e-12 1.317199013105834994e-12 2.554435196915515919e-13 -2.168945270298224680e-12 -3.542649246067467072e-12 -2.562019134469654047e-12 -3.597546618351827263e-12 -1.609684663511737743e-12 -4.414529250438329230e-13 1.090880672658170380e-13 3.667497526405201397e-12 6.382281908646812606e-12 8.655463483285498169e-12 1.011212957281655681e-11 7.774858154052990318e-12 3.373746611611576823e-12 1.016571037454806345e-12 -1.146721561905018919e-12 -5.665873769321327676e-12 -7.807887921272812793e-12
1.186251193695214432e-12 7.867234359092045246e-12 9.639696620531308890e-12 2.462836488726393836e-11 9.161482372235986498e-12 4.789960324180008048e-12 5.626100670385842366e-12 2.630189792300921139e-12 1.793259448047081766e-12 9.555110291065630117e-13 7.751072914589799798e-13 -6.475963548459866272e-13 -3.760559631228717539e-13 -4.243379970311120564e-13 8.873977492019342355e-13 3.205158768566342016e-12 5.198711691676299540e-12 7.504686931709052170e-12 1.064573950075508781e-11 1.174922219562988361e-11 1.620009112862713825e-11 1.305723245164927363e-11 9.177764051316906450e-12 6.808639972147533434e-12 2.907089357982956426e-12 -8.412854350033804273e-12
2.282466283969088219e-12 6.789744905921364041e-12 4.354668127111966376e-12 9.161482372235986498e-12 2.125387141859466776e-11 8.480688919460410687e-12 8.092538881448418060e-12 6.045894340555769043e-12 4.536138245310250944e-12 3.650077007869289072e-12 3.418810476853394614e-12 3.313790617654538535e-12 1.775221374745859630e-12 2.284160688278226127e-12 3.730798215284526216e-12 3.548296519359883281e-12 4.663710253707648344e-12 5.743929465536531394e-12 5.731724733041288941e-12 5.780406720513498910e-12 4.981031508355174752e-12 7.120344822313832631e-13 2.056288882214710169e-12 8.585582972636450909e-12 9.110339977376436302e-12 1.036720528846311845e-12
3.346229765414727029e-12 3.107218820856628371e-12 4.442191544973201368e-12 4.789960324180008048e-12 8.480688919460410687e-12 1.795787425003375378e-11 9.495581867468889773e-12 5.573310928432869756e-12 4.114358525399244505e-12 4.105430702907738375e-12 2.186266714387683767e-12 2.566853547654134506e-12 2.379728836906405150e-12 2.315445785081075276e-12 3.635423547620539745e-12 5.748734935445900416e-12 7.202679415581873242e-12 9.163228477706067101e-12 1.114462738170634384e-11 1.311481781262159959e-11 1.185158920241642997e-11 6.803292187885459132e-12 2.039844351786893095e-12 1.350665885957694271e-12 2.759152511577591278e-12 1.994815218647016461e-12
2.836022798719120381e-12 4.379931836114630144e-12 3.716377046132844482e-12 5.626100670385842366e-12 8.092538881448418060e-12 9.495581867468889773e-12 1.528555041146700436e-11 8.255845232718145097e-12 6.512890913532350334e-12 6.056868881225301489e-12 5.122668501230788170e-12 4.224643054453060795e-12 3.246462367512103449e-12 3.688295430768034344e-12 3.889846876324606405e-12 4.336686279099016425e-12 4.982743273204583178e-12 6.169671204958970986e-12 9.091750411832279195e-12 9.863705330654008406e-12 9.004027908864582770e-12 3.672562618503341801e-12 3.833525681218406239e-12 2.711322322011587421e-12 -1.292869826433311164e-12 -3.473450426709747339e-12
2.618985279783420723e-12 3.973187503404286173e-12 1.317199013105834994e-12 2.630189792300921139e-12 6.045894340555769043e-12 5.573310928432869756e-12 8.255845232718145097e-12 1.565883400534074627e-11 1.117592136177994522e-11 7.898283071538069709e-12 7.187085688948195907e-12 5.941399795144176360e-12 5.154150647074012340e-12 4.770325684526158334e-12 4.930146052622257550e-12 3.883366712327383362e-12 5.436359494514918289e-12 7.208128578392505071e-12 9.563494360874235646e-12 1.051762014651293193e-11 1.094126235784194839e-11 9.750201029795766182e-12 1.461554805064570246e-11 1.223818118790694554e-11 2.456184948152107361e-12 -3.398675846641997135e-12
1.258155391577382585e-12 2.533024321628955991e-12 2.554435196915515919e-13 1.793259448047081766e-12 4.536138245310250944e-12 4.114358525399244505e-12 6.512890913532350334e-12 1.117592136177994522e-11 1.692007642998837356e-11 1.237682035041575193e-11 1.050427984209103663e-11 7.882942576411566958e-12 7.487315877670415777e-12 7.845845881592375207e-12 8.442998240707200231e-12 7.929712860432293009e-12 9.408699511867445744e-12 1.038176892681767758e-11 1.166116856027052415e-11 1.090725744819175194e-11 9.331277820170197573e-12 5.051530023061188809e-12 1.053465320012427175e-11 1.279833710380172706e-11 2.361609236568957365e-12 -4.674626797762903377e-12
-1.822106824192623641e-12 -6.660702965560507658e-13 -2.168945270298224680e-12 9.555110291065630117e-13 3.650077007869289072e-12 4.105430702907738375e-12 6.056868881225301489e-12 7.898283071538069709e-12 1.237682035041575193e-11 1.853926155358523988e-11 1.514617332742786979e-11 1.133930245049875210e-11 1.176953791700017066e-11 1.150930932236856436e-11 1.064348441831441845e-11 1.058236288862607858e-11 1.123679856628401801e-11 1.220334201482438432e-11 1.198981232407974976e-11 1.242797918672840170e-11 1.140599298636627471e-11 4.026235115114726422e-12 8.999763418865893101e-12 1.240400326245502924e-11 8.167065931842658883e-12 1.532586111649059163e-12
-2.175882436270487308e-12 -9.972153495246169265e-13 -3.542649246067467072e-12 7.751072914589799798e-13 3.418810476853394614e-12 2.186266714387683767e-12 5.122668501230788170e-12 7.187085688948195907e-12 1.050427984209103663e-11 1.514617332742786979e-11 2.132362724600455499e-11 1.814328753226771399e-11 1.830279276220606673e-11 1.664648738644915326e-11 1.555081321795584047e-11 1.569209634920778358e-11 1.639872492662012960e-11 1.774001030447493506e-11 1.953397580019318578e-11 2.194829730712431774e-11 2.239374304219911854e-11 1.458605729978125294e-11 1.553720707209730662e-11 1.477017867771414925e-11 1.149738754918769243e-11 6.784678743360969049e-13
-3.365103566451492986e-12 -1.596762969187520838e-12 -2.562019134469654047e-12 -6.475963548459866272e-13 3.313790617654538535e-12 2.566853547654134506e-12 4.224643054453060795e-12 5.941399795144176360e-12 7.882942576411566958e-12 1.133930245049875210e-11 1.814328753226771399e-11 2.339791733610905198e-11 2.408070801851312681e-11 2.180404900095582941e-11 1.989897793347216246e-11 1.999380252072439765e-11 2.080729502243057220e-11 2.378134966543714796e-11 2.607079303571711515e-11 2.910534026052754724e-11 2.717080974070145480e-11 1.296238966378437468e-11 8.579361523802383009e-12 7.278972350804535913e-12 1.473189257737293401e-11 1.019108868077929121e-11
-5.705332718070146837e-12 -3.694409109554480217e-12 -3.597546618351827263e-12 -3.760559631228717539e-13 1.775221374745859630e-12 2.379728836906405150e-12 3.246462367512103449e-12 5.154150647074012340e-12 7.487315877670415777e-12 1.176953791700017066e-11 1.830279276220606673e-11 2.408070801851312681e-11 3.440189719616777103e-11 3.344219980671467710e-11 3.168273075404086965e-11 3.333146710951156234e-11 3.471373835262330974e-11 3.929491875397173197e-11 4.305196011615528964e-11 4.573834229232617890e-11 4.228709600611750544e-11 2.007019504945604415e-11 1.209350258024413484e-11 9.411684304544056310e-12 1.500762471662081521e-11 1.024220927810887414e-11
-4.804070857272788265e-12 -3.809594206748212268e-12 -1.609684663511737743e-12 -4.243379970311120564e-13 2.284160688278226127e-12 2.315445785081075276e-12 3.688295430768034344e-12 4.770325684526158334e-12 7.845845881592375207e-12 1.150930932236856436e-11 1.664648738644915326e-11 2.180404900095582941e-11 3.344219980671467710e-11 4.227862736312537162e-11 4.441933353925578813e-11 4.812823713528818374e-11 5.160044149548650944e-11 5.880886690503733953e-11 6.630539657948089334e-11 7.097917020621435195e-11 6.079566951779624532e-11 2.135614600126526256e-11 6.446978062899068755e-12 1.089241530498499978e-11 1.605530338699065949e-11 6.696254050934459822e-12
-1.219095934135590486e-12 -2.438997285197102171e-12 -4.414529250438329230e-13 8.873977492019342355e-13 3.730798215284526216e-12 3.635423547620539745e-12 3.889846876324606405e-12 4.930146052622257550e-12 8.442998240707200231e-12 1.064348441831441845e-11 1.555081321795584047e-11 1.989897793347216246e-11 3.168273075404086965e-11 4.441933353925578813e-11 6.048969316239176164e-11 7.136230128040885415e-11 8.106200762236420885e-11 9.253911244915309073e-11 1.034210909621925143e-10 1.099092405864675637e-10 9.208438833992248630e-11 3.268797372467916200e-11 4.197338163423480223e-12 1.476273325675898841e-11 2.220308709769790466e-11 6.307030566213746063e-12
1.725057923718870236e-12 -1.334670332956487332e-12 1.090880672658170380e-13 3.205158768566342016e-12 3.548296519359883281e-12 5.748734935445900416e-12 4.336686279099016425e-12 3.883366712327383362e-12 7.929712860432293009e-12 1.058236288862607858e-11 1.569209634920778358e-11 1.999380252072439765e-11 3.333146710951156234e-11 4.812823713528818374e-11 7.136230128040885415e-11 1.004558175157839637e-10 1.223503628287935227e-10 1.426248032774618985e-10 1.588601914307659572e-10 1.682854899122796049e-10 1.434023714226815341e-10 5.546114158326516182e-11 4.008913657494117224e-12 1.951565027141399565e-11 3.085068386741247599e-11 1.038161060751837037e-11
2.343896576085341118e-12 -7.638736651543559926e-13 3.667497526405201397e-12 5.198711691676299540e-12 4.663710253707648344e-12 7.202679415581873242e-12 4.982743273204583178e-12 5.436359494514918289e-12 9.408699511867445744e-12 1.123679856628401801e-11 1.639872492662012960e-11 2.080729502243057220e-11 3.471373835262330974e-11 5.160044149548650944e-11 8.106200762236420885e-11 1.223503628287935227e-10 1.708555424357882574e-10 2.080322994889314612e-10 2.343048247825080005e-10 2.494719680504987214e-10 2.198202837751864547e-10 1.008298254102445657e-10 9.103899426593092591e-12 1.887032764194824844e-11 3.190636156048189485e-11 6.080643722133319918e-12
2.092359451913506923e-12 7.945339561046816834e-13 6.382281908646812606e-12 7.504686931709052170e-12 5.743929465536531394e-12 9.163228477706067101e-12 6.169671204958970986e-12 7.208128578392505071e-12 1.038176892681767758e-11 1.220334201482438432e-11 1.774001030447493506e-11 2.378134966543714796e-11 3.929491875397173197e-11 5.880886690503733953e-11 9.253911244915309073e-11 1.426248032774618985e-10 2.080322994889314612e-10 2.768394524609155492e-10 3.223435139408872382e-10 3.437036544897470310e-10 3.104141894982330346e-10 1.636907833880503539e-10 2.313911905131187363e-11 2.057487425715966258e-11 2.977793201593495723e-11 -1.877862713303755244e-13
2.155626205438296920e-12 8.250082473130048907e-13 8.655463483285498169e-12 1.064573950075508781e-11 5.731724733041288941e-12 1.114462738170634384e-11 9.091750411832279195e-12 9.563494360874235646e-12 1.166116856027052415e-11 1.198981232407974976e-11 1.953397580019318578e-11 2.607079303571711515e-11 4.305196011615528964e-11 6.630539657948089334e-11 1.034210909621925143e-10 1.588601914307659572e-10 2.343048247825080005e-10 3.223435139408872382e-10 4.058907350400840331e-10 4.518432089223001316e-10 4.233707346606027526e-10 2.587574160636810176e-10 6.359509170689495022e-11 3.192025499709139051e-11 3.277502169209262590e-11 -6.994306414266216260e-12
4.107477888643854447e-12 -1.167804997572891120e-12 1.011212957281655681e-11 1.174922219562988361e-11 5.780406720513498910e-12 1.311481781262159959e-11 9.863705330654008406e-12 1.051762014651293193e-11 1.090725744819175194e-11 1.242797918672840170e-11 2.194829730712431774e-11 2.910534026052754724e-11 4.573834229232617890e-11 7.097917020621435195e-11 1.099092405864675637e-10 1.682854899122796049e-10 2.494719680504987214e-10 3.437036544897470310e-10 4.518432089223001316e-10 5.571540383329857961e-10 5.637314157609463713e-10 4.004507623252455666e-10 1.485337959999192695e-10 5.137942031877100867e-11 3.883661268876901783e-11 -1.491787332950803541e-11
8.812651380867899311e-12 -5.081161088371790560e-12 7.774858154052990318e-12 1.620009112862713825e-11 4.981031508355174752e-12 1.185158920241642997e-11 9.004027908864582770e-12 1.094126235784194839e-11 9.331277820170197573e-12 1.140599298636627471e-11 2.239374304219911854e-11 2.717080974070145480e-11 4.228709600611750544e-11 6.079566951779624532e-11 9.208438833992248630e-11 1.434023714226815341e-10 2.198202837751864547e-10 3.104141894982330346e-10 4.233707346606027526e-10 5.637314157609463713e-10 6.500553943674356370e-10 5.571294935850120669e-10 2.945367604210659401e-10 9.403743213510736102e-11 2.103110358528846798e-11 -2.876531552156122995e-11
1.278626205550743239e-11 -5.652951442492959195e-12 3.373746611611576823e-12 1.305723245164927363e-11 7.120344822313832631e-13 6.803292187885459132e-12 3.672562618503341801e-12 9.750201029795766182e-12 5.051530023061188809e-12 4.026235115114726422e-12 1.458605729978125294e-11 1.296238966378437468e-11 2.007019504945604415e-11 2.135614600126526256e-11 3.268797372467916200e-11 5.546114158326516182e-11 1.008298254102445657e-10 1.636907833880503539e-10 2.587574160636810176e-10 4.004507623252455666e-10 5.571294935850120669e-10 6.438532473553960551e-10 4.721742056239543823e-10 1.835747503529931301e-10 -2.298106713368983435e-12 -4.133948908800490719e-11
2.113017387384594091e-11 5.665866278074408840e-12 1.016571037454806345e-12 9.177764051316906450e-12 2.056288882214710169e-12 2.039844351786893095e-12 3.833525681218406239e-12 1.461554805064570246e-11 1.053465320012427175e-11 8.999763418865893101e-12 1.553720707209730662e-11 8.579361523802383009e-12 1.209350258024413484e-11 6.446978062899068755e-12 4.197338163423480223e-12 4.008913657494117224e-12 9.103899426593092591e-12 2.313911905131187363e-11 6.359509170689495022e-11 1.485337959999192695e-10 2.945367604210659401e-10 4.721742056239543823e-10 5.354531046864317778e-10 3.359243707171255673e-10 4.738315903247029322e-11 -1.709563090997107991e-11
2.840586489662152568e-11 2.103399639285688564e-11 -1.146721561905018919e-12 6.808639972147533434e-12 8.585582972636450909e-12 1.350665885957694271e-12 2.711322322011587421e-12 1.223818118790694554e-11 1.279833710380172706e-11 1.240400326245502924e-11 1.477017867771414925e-11 7.278972350804535913e-12 9.411684304544056310e-12 1.089241530498499978e-11 1.476273325675898841e-11 1.951565027141399565e-11 1.887032764194824844e-11 2.057487425715966258e-11 3.192025499709139051e-11 5.137942031877100867e-11 9.403743213510736102e-11 1.835747503529931301e-10 3.359243707171255673e-10 4.414922809492471545e-10 2.466029311864858260e-10 5.388355519204830260e-11
1.165304213572192541e-11 2.093596878393353224e-11 -5.665873769321327676e-12 2.907089357982956426e-12 9.110339977376436302e-12 2.759152511577591278e-12 -1.292869826433311164e-12 2.456184948152107361e-12 2.361609236568957365e-12 8.167065931842658883e-12 1.149738754918769243e-11 1.473189257737293401e-11 1.500762471662081521e-11 1.605530338699065949e-11 2.220308709769790466e-11 3.085068386741247599e-11 3.190636156048189485e-11 2.977793201593495723e-11 3.277502169209262590e-11 3.883661268876901783e-11 2.103110358528846798e-11 -2.298106713368983435e-12 4.738315903247029322e-11 2.466029311864858260e-10 4.266457822250802160e-10 2.351354555335521182e-10
8.112549319949332130e-13 -5.798172821277971321e-12 -7.807887921272812793e-12 -8.412854350033804273e-12 1.036720528846311845e-12 1.994815218647016461e-12 -3.473450426709747339e-12 -3.398675846641997135e-12 -4.674626797762903377e-12 1.532586111649059163e-12 6.784678743360969049e-13 1.019108868077929121e-11 1.024220927810887414e-11 6.696254050934459822e-12 6.307030566213746063e-12 1.038161060751837037e-11 6.080643722133319918e-12 -1.877862713303755244e-13 -6.994306414266216260e-12 -1.491787332950803541e-11 -2.876531552156122995e-11 -4.133948908800490719e-11 -1.709563090997107991e-11 5.388355519204830260e-11 2.351354555335521182e-10 3.919070057026306740e-10
