5.182343351622384539e-11 1.284814908754421803e-11 4.019404757845595594e-12 5.635801799102677972e-12 1.456487586260617484e-12 -2.719392775631300466e-14 -2.853747992708453073e-13 -3.650265032825295390e-14 -5.304200683537589942e-13 -1.718423616653991507e-12 -2.620936281191560994e-12 -4.531450725863280965e-12 -6.712276391179121332e-12 -4.794883822715853475e-12 -3.325922029962717731e-12 -1.879254469617044063e-12 7.121346973898671229e-13 3.153017872198488115e-12 5.178535371346322657e-12 5.616681934758120192e-12 5.361354453939851276e-12 -1.267669819327791197e-12 -6.076378043328657184e-12 -3.238349948213974281e-12 -7.243302884492053522e-12 -7.721548737059684277e-12
1.284814908754421803e-11 3.533992970412854152e-11 1.063287257285026864e-11 7.563460893223731857e-12 3.338666205797791892e-12 1.945518983440192500e-12 2.169454666874463966e-12 1.296768900334586993e-12 2.116110980106737407e-13 -1.065363338046914942e-12 -3.283750195279601072e-12 -4.267125607303323131e-12 -4.641975820599592598e-12 -3.134468324113321266e-12 -2.760146326634437407e-12 -1.523187633698882280e-12 1.932360627518421264e-12 5.432343577126797574e-12 9.705698032133972547e-12 1.124104004753134647e-11 1.098030758206849533e-11 9.434312250189848958e-12 1.175717288028106083e-11 2.343718207586622096e-11 1.584906888310653984e-11 -2.988812841149829123e-12
4.019404757845595594e-12 1.063287257285026864e-11 2.873862028481597293e-11 1.201879047784380312e-11 3.377398376033151815e-12 4.160128748329023320e-12 3.169610197043585784e-12 1.249562835609640068e-12 2.417534739374489322e-13 -1.058247612261401100e-12 -1.259708260383222495e-12 -1.838498515269324194e-12 -3.101780205029403377e-12 -3.676736162927539840e-12 -3.165376620463132100e-12 -2.385811490225751525e-12 -1.286297375632354114e-12 -7.831349785843309730e-13 -9.318912481781606463e-13 -8.928356137159237461e-13 -2.492554302793767355e-12 -2.688497339160224375e-12 4.114620976683847960e-13 7.961226281319160932e-12 5.086725441457433865e-12 -7.892975336948351606e-12
5.635801799102677972e-12 7.563460893223731857e-12 1.201879047784380312e-11 2.651042025256389092e-11 8.911316097767557676e-12 6.778559129307909825e-12 4.513538848848080632e-12 2.607943863391519453e-12 9.701136288662604247e-13 1.093033357377410377e-12 1.526995283671061585e-13 -1.527058264419584455e-12 -2.340921788620376868e-12 -3.014107199704322480e-12 -1.009370638663546595e-12 8.120099530207964106e-13 4.314292911350312907e-12 4.672602495961541814e-12 6.646121585572674893e-12 7.205769102521728544e-12 9.887537266077189945e-12 1.040264761858240338e-11 7.819667959628610904e-12 9.806215036412886923e-12 7.765467603428764065e-12 -6.856859560982486756e-12
1.456487586260617484e-12 3.338666205797791892e-12 3.377398376033151815e-12 8.911316097767557676e-12 2.063690517566512470e-11 1.084529534992656993e-11 8.304639525801601195e-12 5.263461735238334789e-12 3.923033723421479510e-12 3.350048766356652806e-12 2.873547166002904701e-12 3.070792315651780486e-12 2.602763109349521369e-12 2.181263771402079471e-12 3.298743816846128832e-12 3.539234401594692918e-12 3.636400897042754437e-12 6.416958709073587497e-12 8.237179670060987018e-12 8.138085750437753513e-12 8.474785994096614920e-12 8.761861828189941486e-12 1.175015753392128131e-11 1.819856497320913337e-11 1.464991393886469451e-11 2.587107537156624385e-12
-2.719392775631300466e-14 1.945518983440192500e-12 4.160128748329023320e-12 6.778559129307909825e-12 1.084529534992656993e-11 1.994861588490030131e-11 1.066837550702932718e-11 5.804340829396627681e-12 4.778854885494109201e-12 3.879932507151417690e-12 3.231074264808861747e-12 3.416754170072127989e-12 2.719464721067993835e-12 2.619223235164292035e-12 3.021520816970317380e-12 4.708461379233172211e-12 6.626196080729777043e-12 8.480034321140112566e-12 1.123419796150586539e-11 1.332424731347882564e-11 1.157181016562020387e-11 5.822761330919298888e-12 2.979089397317893156e-12 7.380631137912772088e-12 1.065456705123703389e-11 4.481880145307913263e-12
-2.853747992708453073e-13 2.169454666874463966e-12 3.169610197043585784e-12 4.513538848848080632e-12 8.304639525801601195e-12 1.066837550702932718e-11 1.503166744180497632e-11 8.572879394430793850e-12 6.177814107285654012e-12 4.995142776540936149e-12 5.011628809117312985e-12 4.333637253599406691e-12 3.126570047190706529e-12 3.175876993371018877e-12 3.412698548691523621e-12 4.093773805041798722e-12 4.761665319675277618e-12 6.698898257790439375e-12 1.006955962989720725e-11 1.022565112865229563e-11 9.369057894122886256e-12 4.174942315178893583e-12 2.817869787473713455e-12 8.649763051099878023e-13 -1.823408069877143544e-12 -3.742851481229097733e-12
-3.650265032825295390e-14 1.296768900334586993e-12 1.249562835609640068e-12 2.607943863391519453e-12 5.263461735238334789e-12 5.804340829396627681e-12 8.572879394430793850e-12 1.444934883936643627e-11 1.056168952659891320e-11 7.476724275463606982e-12 6.568674327359876204e-12 4.892992322129553083e-12 4.201804046109648455e-12 3.195794630695777382e-12 3.004388681657972234e-12 2.344286722913606570e-12 2.746606483039732013e-12 3.333294660518154509e-12 5.537488164548328423e-12 6.750001791785172749e-12 8.292913514776616787e-12 8.938294147205495758e-12 1.411682661717696986e-11 1.148782081113534332e-11 5.549392901859464761e-13 -7.065188340793403007e-12
-5.304200683537589942e-13 2.116110980106737407e-13 2.417534739374489322e-13 9.701136288662604247e-13 3.923033723421479510e-12 4.778854885494109201e-12 6.177814107285654012e-12 1.056168952659891320e-11 1.579151627276157658e-11 1.216009442514342079e-11 1.048660409882212077e-11 7.648594057412511015e-12 7.669841734119009667e-12 8.334687586116062739e-12 8.354645092090663922e-12 8.439935932132514831e-12 1.024455073828311106e-11 1.215877619818955473e-11 1.433498367283813204e-11 1.401655287393302277e-11 1.205931884089224476e-11 6.108943419939727830e-12 9.084122109289867419e-12 1.095394761810719931e-11 2.105797244963313206e-12 -4.261169052421263842e-12
-1.718423616653991507e-12 -1.065363338046914942e-12 -1.058247612261401100e-12 1.093033357377410377e-12 3.350048766356652806e-12 3.879932507151417690e-12 4.995142776540936149e-12 7.476724275463606982e-12 1.216009442514342079e-11 1.781418860605812747e-11 1.511619865194811675e-11 1.108612208077625271e-11 1.136360402983342843e-11 1.098087694604146196e-11 1.025078611774481093e-11 1.060836555808326490e-11 1.136327108940950942e-11 1.211807818137190207e-11 1.206448522473574981e-11 1.285690934274811163e-11 1.267699901088808271e-11 5.845235729961681949e-12 1.018183254462740245e-11 1.294625296179940971e-11 9.751560789949821553e-12 3.072628289601942501e-12
-2.620936281191560994e-12 -3.283750195279601072e-12 -1.259708260383222495e-12 1.526995283671061585e-13 2.873547166002904701e-12 3.231074264808861747e-12 5.011628809117312985e-12 6.568674327359876204e-12 1.048660409882212077e-11 1.511619865194811675e-11 2.135906950276192729e-11 1.809694556711968236e-11 1.802235183349127969e-11 1.653975178738748031e-11 1.505317339997128345e-11 1.516923725437191946e-11 1.579745737096702894e-11 1.719178723076679729e-11 1.882825846629642651e-11 2.151596705032251680e-11 2.193872567957644711e-11 1.379311658440377385e-11 1.417164165081097196e-11 1.410339604159650657e-11 1.281642450154122307e-11 4.436385370711448992e-13
-4.531450725863280965e-12 -4.267125607303323131e-12 -1.838498515269324194e-12 -1.527058264419584455e-12 3.070792315651780486e-12 3.416754170072127989e-12 4.333637253599406691e-12 4.892992322129553083e-12 7.648594057412511015e-12 1.108612208077625271e-11 1.809694556711968236e-11 2.361003936211179650e-11 2.409349378742010631e-11 2.205102801089930299e-11 2.012771981778846866e-11 2.034534252579858963e-11 2.128871891621026690e-11 2.443792090785881384e-11 2.686547656678726013e-11 3.017535107128377323e-11 2.870943490363991497e-11 1.406688020412586062e-11 9.546567097000408158e-12 7.229857164103323243e-12 1.307183194927642938e-11 8.533160587892234969e-12
-6.712276391179121332e-12 -4.641975820599592598e-12 -3.101780205029403377e-12 -2.340921788620376868e-12 2.602763109349521369e-12 2.719464721067993835e-12 3.126570047190706529e-12 4.201804046109648455e-12 7.669841734119009667e-12 1.136360402983342843e-11 1.802235183349127969e-11 2.409349378742010631e-11 3.383980659051823001e-11 3.319157963683500335e-11 3.097431106887933414e-11 3.273225480237244037e-11 3.402183116151494997e-11 3.820519314349473067e-11 4.184000461304360153e-11 4.460816981692081795e-11 4.080558050151103661e-11 1.849797945682178031e-11 1.106491475638700752e-11 9.396157166745101202e-12 1.592100707038458639e-11 1.102519050701772649e-11
-4.794883822715853475e-12 -3.134468324113321266e-12 -3.676736162927539840e-12 -3.014107199704322480e-12 2.181263771402079471e-12 2.619223235164292035e-12 3.175876993371018877e-12 3.195794630695777382e-12 8.334687586116062739e-12 1.098087694604146196e-11 1.653975178738748031e-11 2.205102801089930299e-11 3.319157963683500335e-11 4.248081317275026909e-11 4.430162310045487318e-11 4.798525903458579514e-11 5.184421376639823185e-11 5.907021555416855020e-11 6.645250179941112864e-11 7.115563079309093623e-11 6.140892642286125435e-11 2.220425876304874127e-11 7.278516541907177904e-12 1.089051379195330654e-11 1.640192724445907472e-11 7.083379790627343243e-12
-3.325922029962717731e-12 -2.760146326634437407e-12 -3.165376620463132100e-12 -1.009370638663546595e-12 3.298743816846128832e-12 3.021520816970317380e-12 3.412698548691523621e-12 3.004388681657972234e-12 8.354645092090663922e-12 1.025078611774481093e-11 1.505317339997128345e-11 2.012771981778846866e-11 3.097431106887933414e-11 4.430162310045487318e-11 6.007032371241929796e-11 7.087962811043972401e-11 8.064974908083471758e-11 9.209140030749762902e-11 1.027077804342314462e-10 1.089985956691839150e-10 9.129373752284814183e-11 3.246775454329992414e-11 4.629484499077846242e-12 1.501555509765620301e-11 2.142946259010825166e-11 6.197232589572911503e-12
-1.879254469617044063e-12 -1.523187633698882280e-12 -2.385811490225751525e-12 8.120099530207964106e-13 3.539234401594692918e-12 4.708461379233172211e-12 4.093773805041798722e-12 2.344286722913606570e-12 8.439935932132514831e-12 1.060836555808326490e-11 1.516923725437191946e-11 2.034534252579858963e-11 3.273225480237244037e-11 4.798525903458579514e-11 7.087962811043972401e-11 1.002907396362358849e-10 1.223424193084549734e-10 1.426339542346271417e-10 1.584090864743403645e-10 1.680505334024281968e-10 1.437571226936902659e-10 5.625036396846584883e-11 5.117412761509244099e-12 2.050703602711999561e-11 3.142022619257863362e-11 1.033009271670213043e-11
7.121346973898671229e-13 1.932360627518421264e-12 -1.286297375632354114e-12 4.314292911350312907e-12 3.636400897042754437e-12 6.626196080729777043e-12 4.761665319675277618e-12 2.746606483039732013e-12 1.024455073828311106e-11 1.136327108940950942e-11 1.579745737096702894e-11 2.128871891621026690e-11 3.402183116151494997e-11 5.184421376639823185e-11 8.064974908083471758e-11 1.223424193084549734e-10 1.710569481437083086e-10 2.084019334661577603e-10 2.342369042315043628e-10 2.491999599401139387e-10 2.197553986522570306e-10 1.003268301779243361e-10 8.576995382585953099e-12 1.896227878184226633e-11 3.258158299834178228e-11 6.947820490780847164e-12
3.153017872198488115e-12 5.432343577126797574e-12 -7.831349785843309730e-13 4.672602495961541814e-12 6.416958709073587497e-12 8.480034321140112566e-12 6.698898257790439375e-12 3.333294660518154509e-12 1.215877619818955473e-11 1.211807818137190207e-11 1.719178723076679729e-11 2.443792090785881384e-11 3.820519314349473067e-11 5.907021555416855020e-11 9.209140030749762902e-11 1.426339542346271417e-10 2.084019334661577603e-10 2.775642946822809867e-10 3.227184352053574157e-10 3.437393153507917807e-10 3.105767121168581740e-10 1.632186149039954421e-10 2.206639438982358846e-11 1.978675362141652388e-11 2.916041496817991906e-11 -7.357823935142578568e-13
5.178535371346322657e-12 9.705698032133972547e-12 -9.318912481781606463e-13 6.646121585572674893e-12 8.237179670060987018e-12 1.123419796150586539e-11 1.006955962989720725e-11 5.537488164548328423e-12 1.433498367283813204e-11 1.206448522473574981e-11 1.882825846629642651e-11 2.686547656678726013e-11 4.184000461304360153e-11 6.645250179941112864e-11 1.027077804342314462e-10 1.584090864743403645e-10 2.342369042315043628e-10 3.227184352053574157e-10 4.058136163158659340e-10 4.516441756749188310e-10 4.238707006296025998e-10 2.590032592207530874e-10 6.312960779427044865e-11 3.117558586166201765e-11 3.215415410590416703e-11 -7.156249530334048386e-12
5.616681934758120192e-12 1.124104004753134647e-11 -8.928356137159237461e-13 7.205769102521728544e-12 8.138085750437753513e-12 1.332424731347882564e-11 1.022565112865229563e-11 6.750001791785172749e-12 1.401655287393302277e-11 1.285690934274811163e-11 2.151596705032251680e-11 3.017535107128377323e-11 4.460816981692081795e-11 7.115563079309093623e-11 1.089985956691839150e-10 1.680505334024281968e-10 2.491999599401139387e-10 3.437393153507917807e-10 4.516441756749188310e-10 5.565512036315332786e-10 5.636850723677513617e-10 4.002612468405768329e-10 1.479908987173164860e-10 5.129948781005214588e-11 3.933969646559473355e-11 -1.439496677066912804e-11
5.361354453939851276e-12 1.098030758206849533e-11 -2.492554302793767355e-12 9.887537266077189945e-12 8.474785994096614920e-12 1.157181016562020387e-11 9.369057894122886256e-12 8.292913514776616787e-12 1.205931884089224476e-11 1.267699901088808271e-11 2.193872567957644711e-11 2.870943490363991497e-11 4.080558050151103661e-11 6.140892642286125435e-11 9.129373752284814183e-11 1.437571226936902659e-10 2.197553986522570306e-10 3.105767121168581740e-10 4.238707006296025998e-10 5.636850723677513617e-10 6.502968058183187714e-10 5.568866096869075080e-10 2.941434133172144631e-10 9.417844871532326649e-11 2.117819142765194131e-11 -2.901410030301282474e-11
-1.267669819327791197e-12 9.434312250189848958e-12 -2.688497339160224375e-12 1.040264761858240338e-11 8.761861828189941486e-12 5.822761330919298888e-12 4.174942315178893583e-12 8.938294147205495758e-12 6.108943419939727830e-12 5.845235729961681949e-12 1.379311658440377385e-11 1.406688020412586062e-11 1.849797945682178031e-11 2.220425876304874127e-11 3.246775454329992414e-11 5.625036396846584883e-11 1.003268301779243361e-10 1.632186149039954421e-10 2.590032592207530874e-10 4.002612468405768329e-10 5.568866096869075080e-10 6.434948823456931823e-10 4.718494961498345116e-10 1.836228480521212943e-10 -2.660418694044342144e-12 -4.140729022086401725e-11
-6.076378043328657184e-12 1.175717288028106083e-11 4.114620976683847960e-13 7.819667959628610904e-12 1.175015753392128131e-11 2.979089397317893156e-12 2.817869787473713455e-12 1.411682661717696986e-11 9.084122109289867419e-12 1.018183254462740245e-11 1.417164165081097196e-11 9.546567097000408158e-12 1.106491475638700752e-11 7.278516541907177904e-12 4.629484499077846242e-12 5.117412761509244099e-12 8.576995382585953099e-12 2.206639438982358846e-11 6.312960779427044865e-11 1.479908987173164860e-10 2.941434133172144631e-10 4.718494961498345116e-10 5.354261408939060163e-10 3.359924204653790204e-10 4.682035473544598899e-11 -1.723271475397135541e-11
-3.238349948213974281e-12 2.343718207586622096e-11 7.961226281319160932e-12 9.806215036412886923e-12 1.819856497320913337e-11 7.380631137912772088e-12 8.649763051099878023e-13 1.148782081113534332e-11 1.095394761810719931e-11 1.294625296179940971e-11 1.410339604159650657e-11 7.229857164103323243e-12 9.396157166745101202e-12 1.089051379195330654e-11 1.501555509765620301e-11 2.050703602711999561e-11 1.896227878184226633e-11 1.978675362141652388e-11 3.117558586166201765e-11 5.129948781005214588e-11 9.417844871532326649e-11 1.836228480521212943e-10 3.359924204653790204e-10 4.414239040003946596e-10 2.462329390497915773e-10 5.374589206299949924e-11
-7.243302884492053522e-12 1.584906888310653984e-11 5.086725441457433865e-12 7.765467603428764065e-12 1.464991393886469451e-11 1.065456705123703389e-11 -1.823408069877143544e-12 5.549392901859464761e-13 2.105797244963313206e-12 9.751560789949821553e-12 1.281642450154122307e-11 1.307183194927642938e-11 1.592100707038458639e-11 1.640192724445907472e-11 2.142946259010825166e-11 3.142022619257863362e-11 3.258158299834178228e-11 2.916041496817991906e-11 3.215415410590416703e-11 3.933969646559473355e-11 2.117819142765194131e-11 -2.660418694044342144e-12 4.682035473544598899e-11 2.462329390497915773e-10 4.267596299678424631e-10 2.351305751375975875e-10
-7.721548737059684277e-12 -2.988812841149829123e-12 -7.892975336948351606e-12 -6.856859560982486756e-12 2.587107537156624385e-12 4.481880145307913263e-12 -3.742851481229097733e-12 -7.065188340793403007e-12 -4.261169052421263842e-12 3.072628289601942501e-12 4.436385370711448992e-13 8.533160587892234969e-12 1.102519050701772649e-11 7.083379790627343243e-12 6.197232589572911503e-12 1.033009271670213043e-11 6.947820490780847164e-12 -7.357823935142578568e-13 -7.156249530334048386e-12 -1.439496677066912804e-11 -2.901410030301282474e-11 -4.140729022086401725e-11 -1.723271475397135541e-11 5.374589206299949924e-11 2.351305751375975875e-10 3.922271839907854943e-10
