4.164411964528436881e-11 9.069967328025562174e-12 5.420305299949508931e-12 2.157398379590000932e-12 3.902810070561188941e-12 2.044506500389773460e-12 2.829631691729101534e-12 4.132915818926061368e-12 1.844046803737545495e-12 4.502550714006305227e-13 3.146859728522463846e-13 2.400243392105424810e-12 3.585466844691740749e-12 4.328276016166563622e-12 3.755463009270917470e-12 5.255793348149876142e-12 5.273173657303087886e-12 7.908450060480953834e-12 9.382044301947490058e-12 9.501384678030752529e-12 4.288469810595553656e-12 -7.773707686794273857e-12 -2.742622802084174249e-11 -2.532868789539772539e-11 -1.299334131726516900e-11 -8.302741562921469842e-12
9.069967328025562174e-12 3.011280266432094624e-11 8.177119709694234495e-12 4.486199174339448961e-12 4.088617472087196318e-12 1.101121217994414489e-12 2.215430812766954010e-12 4.243442141545645827e-12 4.293674369618687184e-12 3.632993520007289554e-12 2.102925198243927733e-12 1.950478250060775343e-12 4.518389243330971893e-12 7.830915865257127432e-12 9.639118294683876665e-12 1.146777371020863280e-11 1.446264400835959929e-11 1.752745111570513407e-11 1.413188891462345831e-11 9.173271203094025899e-12 -1.026793548632433097e-12 -1.330594701393811464e-11 -6.835038920975461489e-12 1.096699315391342753e-12 -5.903171559301679778e-12 -4.480292578382622999e-12
5.420305299949508931e-12 8.177119709694234495e-12 2.248022683084515912e-11 6.808006893709150093e-12 3.520851858482998649e-12 1.761003231516545943e-12 1.329790088670323829e-12 2.178541321999072427e-12 3.982312753119296670e-12 3.342936460206354045e-12 2.978780405526689107e-12 3.134127846528249931e-12 4.331936555235912161e-12 6.550844467313085432e-12 8.508139999319507161e-12 9.341965865302042479e-12 1.201951108525074422e-11 1.543399300684670304e-11 1.372547539184020532e-11 9.801827734119416188e-12 -2.846751560810880079e-12 -1.383081334754182120e-11 -1.443132541833927579e-11 -2.101227925299987407e-12 -8.508810607105167345e-13 -2.251117884911950375e-12
2.157398379590000932e-12 4.486199174339448961e-12 6.808006893709150093e-12 1.705783978534663180e-11 6.619181087735449909e-12 4.155090477971027268e-12 1.805721484450815316e-12 1.827997151497220190e-12 2.355233043858577747e-12 3.173865762597708754e-12 2.660541834364767921e-12 2.073285270728409875e-12 2.535344406351000346e-12 3.931694936025846417e-12 5.636182676821363105e-12 7.651752228275775840e-12 1.086536555450292935e-11 1.359287029927120480e-11 1.567638713525561340e-11 1.720494331145727208e-11 1.348218327362419435e-11 5.241735385848562989e-12 4.252808457206541934e-12 5.907563113647456728e-12 4.075480897764993560e-12 2.412959405653320970e-13
3.902810070561188941e-12 4.088617472087196318e-12 3.520851858482998649e-12 6.619181087735449909e-12 1.601092620247534419e-11 8.825283619550284321e-12 5.872280034990485601e-12 5.295933193921394871e-12 3.758664474686900646e-12 3.367642869474697677e-12 2.129206354417810381e-12 1.603190776015217790e-12 2.235399706823823813e-12 3.466268084353708719e-12 4.636765052399049769e-12 7.113070746487795694e-12 7.850889433814903062e-12 7.582847970152705241e-12 7.785157893511691724e-12 5.977556390650663262e-12 1.600074475679181749e-12 -2.316265091453751042e-12 -9.698746908793984763e-12 -1.164425286014633857e-11 3.081372826170480197e-14 -2.929455883281433371e-12
2.044506500389773460e-12 1.101121217994414489e-12 1.761003231516545943e-12 4.155090477971027268e-12 8.825283619550284321e-12 1.489757762058506713e-11 7.877078608260049291e-12 6.010268675204247815e-12 4.870993527160077200e-12 3.833587695117641065e-12 3.385301232204851001e-12 2.388334683157328504e-12 4.206213045677699229e-12 4.696030141616031556e-12 5.637280477408048636e-12 6.812109924974456050e-12 7.829573650809927571e-12 9.984941144739930939e-12 1.227600375734628022e-11 1.108167935081062299e-11 6.488744172097166012e-12 1.402193515742220960e-12 -8.340970373309998080e-12 -3.381466056339199065e-12 6.700150858399711318e-12 6.098536791675763784e-12
2.829631691729101534e-12 2.215430812766954010e-12 1.329790088670323829e-12 1.805721484450815316e-12 5.872280034990485601e-12 7.877078608260049291e-12 1.380616397931444814e-11 9.319078578191350343e-12 8.930882309251951056e-12 6.641026096957498235e-12 6.354257266066666347e-12 6.358098984846441310e-12 8.674847315460224555e-12 1.030477152300864991e-11 1.173765175153772833e-11 1.327391038042661758e-11 1.593570389499662709e-11 2.024493034235669003e-11 2.326802604824181176e-11 2.080321931922494960e-11 1.131032020017810549e-11 -3.096180053786646516e-12 -1.009762147282687414e-11 -5.492772967863466884e-12 -6.156165822911165817e-12 -5.768646582148407313e-12
4.132915818926061368e-12 4.243442141545645827e-12 2.178541321999072427e-12 1.827997151497220190e-12 5.295933193921394871e-12 6.010268675204247815e-12 9.319078578191350343e-12 1.436217804685878787e-11 1.257861097379857551e-11 9.554338756629769351e-12 8.204522910650856650e-12 7.811136880124656514e-12 9.279271262026064104e-12 1.082498705476786685e-11 1.290584546304222758e-11 1.568413997318753806e-11 1.870790828108188202e-11 2.185881150251933839e-11 2.486760003513864654e-11 2.456114741441082107e-11 1.468123982529255582e-11 -3.023168084145482155e-12 -9.291602389447115989e-12 -4.858478164683743754e-12 -4.852227880504452990e-12 1.028625130959486582e-12
1.844046803737545495e-12 4.293674369618687184e-12 3.982312753119296670e-12 2.355233043858577747e-12 3.758664474686900646e-12 4.870993527160077200e-12 8.930882309251951056e-12 1.257861097379857551e-11 1.898965502966283089e-11 1.607429192799873092e-11 1.429473463663488042e-11 1.334472843508743619e-11 1.440510781811786150e-11 1.727921407560105998e-11 1.993774004157151449e-11 2.237588984081336625e-11 2.569520348030557542e-11 3.006988437211058179e-11 3.387650738750180857e-11 3.343042144987118325e-11 2.119168371049755785e-11 -8.840863916521580473e-13 -5.386786031752586784e-12 -1.847516703439470605e-12 -9.994966760508066609e-12 -2.728530288714272918e-12
4.502550714006305227e-13 3.632993520007289554e-12 3.342936460206354045e-12 3.173865762597708754e-12 3.367642869474697677e-12 3.833587695117641065e-12 6.641026096957498235e-12 9.554338756629769351e-12 1.607429192799873092e-11 2.129626412515586006e-11 1.989020163214220167e-11 1.869286049052500057e-11 2.080519094943623912e-11 2.448681684856751731e-11 2.850277551075977282e-11 3.220659398592357942e-11 3.683246798156800562e-11 4.204126617170810153e-11 4.642128026376458955e-11 4.930021725530777379e-11 4.032966558341398064e-11 1.899816658642449644e-11 1.512500924029658330e-11 8.099131636063206440e-12 -6.268987208768576478e-12 -3.197961378886549531e-12
3.146859728522463846e-13 2.102925198243927733e-12 2.978780405526689107e-12 2.660541834364767921e-12 2.129206354417810381e-12 3.385301232204851001e-12 6.354257266066666347e-12 8.204522910650856650e-12 1.429473463663488042e-11 1.989020163214220167e-11 2.667172649611741927e-11 2.536796068199547782e-11 2.718474683151812450e-11 3.040975235594260354e-11 3.461125738440024546e-11 3.813324506394321417e-11 4.292589728247415030e-11 4.856161128761675187e-11 5.340904707494785494e-11 5.816314393904268411e-11 5.059612109251054368e-11 2.389436246153111804e-11 1.859411740253683294e-11 1.059957868275809223e-11 -5.868118724340606504e-12 -2.488520880190965555e-12
2.400243392105424810e-12 1.950478250060775343e-12 3.134127846528249931e-12 2.073285270728409875e-12 1.603190776015217790e-12 2.388334683157328504e-12 6.358098984846441310e-12 7.811136880124656514e-12 1.334472843508743619e-11 1.869286049052500057e-11 2.536796068199547782e-11 3.506184755099801430e-11 4.047438181075529927e-11 4.509396440052700165e-11 5.039307306399570372e-11 5.470743036735577020e-11 6.136047211639965027e-11 6.895086621383770498e-11 7.428263128605000413e-11 8.007134777640023707e-11 6.876096599280690736e-11 2.414635424084147487e-11 5.782219876455080473e-12 1.840727011722046191e-12 -4.602485873295503827e-13 1.663098473861085468e-13
3.585466844691740749e-12 4.518389243330971893e-12 4.331936555235912161e-12 2.535344406351000346e-12 2.235399706823823813e-12 4.206213045677699229e-12 8.674847315460224555e-12 9.279271262026064104e-12 1.440510781811786150e-11 2.080519094943623912e-11 2.718474683151812450e-11 4.047438181075529927e-11 5.716063854007797647e-11 6.508083935247353299e-11 7.257834116735996536e-11 7.895580661041905779e-11 8.862933840906061448e-11 9.934334715186138049e-11 1.049573194275022842e-10 1.092378182663684258e-10 8.702222632073676804e-11 2.109453495900569689e-11 -9.206378128388716959e-12 -7.030386156453586898e-12 5.621980170753125429e-12 3.501342661307543239e-12
4.328276016166563622e-12 7.830915865257127432e-12 6.550844467313085432e-12 3.931694936025846417e-12 3.466268084353708719e-12 4.696030141616031556e-12 1.030477152300864991e-11 1.082498705476786685e-11 1.727921407560105998e-11 2.448681684856751731e-11 3.040975235594260354e-11 4.509396440052700165e-11 6.508083935247353299e-11 8.610061684110697247e-11 9.967133484930735572e-11 1.092879556045488219e-10 1.224027583627243994e-10 1.370713891598334653e-10 1.459873379659819965e-10 1.532768124753939404e-10 1.234223100036455669e-10 3.653813550404205389e-11 -8.734200344309234758e-12 -1.498478187359203658e-11 -3.364630038561939957e-12 -2.756898659368561309e-12
3.755463009270917470e-12 9.639118294683876665e-12 8.508139999319507161e-12 5.636182676821363105e-12 4.636765052399049769e-12 5.637280477408048636e-12 1.173765175153772833e-11 1.290584546304222758e-11 1.993774004157151449e-11 2.850277551075977282e-11 3.461125738440024546e-11 5.039307306399570372e-11 7.257834116735996536e-11 9.967133484930735572e-11 1.309732574675617740e-10 1.510677493155354774e-10 1.722728923793179183e-10 1.932630835074144202e-10 2.078944735461494981e-10 2.230711747189168141e-10 1.876325710749052049e-10 6.969076751227410749e-11 4.073841329892964664e-13 -1.708951837905553077e-11 -7.024532531646845761e-12 -1.424296960914735935e-13
5.255793348149876142e-12 1.146777371020863280e-11 9.341965865302042479e-12 7.651752228275775840e-12 7.113070746487795694e-12 6.812109924974456050e-12 1.327391038042661758e-11 1.568413997318753806e-11 2.237588984081336625e-11 3.220659398592357942e-11 3.813324506394321417e-11 5.470743036735577020e-11 7.895580661041905779e-11 1.092879556045488219e-10 1.510677493155354774e-10 1.910752440622076740e-10 2.266768192425710944e-10 2.580946140595703667e-10 2.804656331895569883e-10 3.053201263816650835e-10 2.675523280078064355e-10 1.150130724597198183e-10 8.356794453263524908e-12 -2.389994150246959750e-11 -8.087959677154699287e-12 -6.548498022772283750e-12
5.273173657303087886e-12 1.446264400835959929e-11 1.201951108525074422e-11 1.086536555450292935e-11 7.850889433814903062e-12 7.829573650809927571e-12 1.593570389499662709e-11 1.870790828108188202e-11 2.569520348030557542e-11 3.683246798156800562e-11 4.292589728247415030e-11 6.136047211639965027e-11 8.862933840906061448e-11 1.224027583627243994e-10 1.722728923793179183e-10 2.266768192425710944e-10 2.973769238710792678e-10 3.570300048235618358e-10 3.936998981241287655e-10 4.300425126898410736e-10 3.867851901660339593e-10 1.952920116605603901e-10 4.074576015851469828e-11 -1.051804755808801067e-11 2.820681117383750561e-12 -1.373199353306615839e-11
7.908450060480953834e-12 1.752745111570513407e-11 1.543399300684670304e-11 1.359287029927120480e-11 7.582847970152705241e-12 9.984941144739930939e-12 2.024493034235669003e-11 2.185881150251933839e-11 3.006988437211058179e-11 4.204126617170810153e-11 4.856161128761675187e-11 6.895086621383770498e-11 9.934334715186138049e-11 1.370713891598334653e-10 1.932630835074144202e-10 2.580946140595703667e-10 3.570300048235618358e-10 4.674034698612336371e-10 5.373584158557313353e-10 5.989712880647238013e-10 5.631701878390613206e-10 3.314544525714937484e-10 1.003795758817686913e-10 8.149002315680048441e-12 6.317261012158869446e-12 -3.068765416236504878e-11
9.382044301947490058e-12 1.413188891462345831e-11 1.372547539184020532e-11 1.567638713525561340e-11 7.785157893511691724e-12 1.227600375734628022e-11 2.326802604824181176e-11 2.486760003513864654e-11 3.387650738750180857e-11 4.642128026376458955e-11 5.340904707494785494e-11 7.428263128605000413e-11 1.049573194275022842e-10 1.459873379659819965e-10 2.078944735461494981e-10 2.804656331895569883e-10 3.936998981241287655e-10 5.373584158557313353e-10 6.682873529793589393e-10 7.851684985515498025e-10 7.829020478987260015e-10 5.296073592137271087e-10 2.025987934940548414e-10 3.506235004398453333e-11 1.134179138868977680e-11 -5.272602142328848733e-11
9.501384678030752529e-12 9.173271203094025899e-12 9.801827734119416188e-12 1.720494331145727208e-11 5.977556390650663262e-12 1.108167935081062299e-11 2.080321931922494960e-11 2.456114741441082107e-11 3.343042144987118325e-11 4.930021725530777379e-11 5.816314393904268411e-11 8.007134777640023707e-11 1.092378182663684258e-10 1.532768124753939404e-10 2.230711747189168141e-10 3.053201263816650835e-10 4.300425126898410736e-10 5.989712880647238013e-10 7.851684985515498025e-10 1.006544128886639208e-09 1.083048959255752533e-09 8.230704382968047486e-10 3.779025892265397187e-10 7.269922473596702793e-11 1.800594948834215805e-11 -7.327977949210559170e-11
4.288469810595553656e-12 -1.026793548632433097e-12 -2.846751560810880079e-12 1.348218327362419435e-11 1.600074475679181749e-12 6.488744172097166012e-12 1.131032020017810549e-11 1.468123982529255582e-11 2.119168371049755785e-11 4.032966558341398064e-11 5.059612109251054368e-11 6.876096599280690736e-11 8.702222632073676804e-11 1.234223100036455669e-10 1.876325710749052049e-10 2.675523280078064355e-10 3.867851901660339593e-10 5.631701878390613206e-10 7.829020478987260015e-10 1.083048959255752533e-09 1.316865606318409872e-09 1.171568659145728132e-09 6.764963420786245625e-10 1.701887390147757575e-10 1.666779775044912276e-11 -1.023992626258596021e-10
-7.773707686794273857e-12 -1.330594701393811464e-11 -1.383081334754182120e-11 5.241735385848562989e-12 -2.316265091453751042e-12 1.402193515742220960e-12 -3.096180053786646516e-12 -3.023168084145482155e-12 -8.840863916521580473e-13 1.899816658642449644e-11 2.389436246153111804e-11 2.414635424084147487e-11 2.109453495900569689e-11 3.653813550404205389e-11 6.969076751227410749e-11 1.150130724597198183e-10 1.952920116605603901e-10 3.314544525714937484e-10 5.296073592137271087e-10 8.230704382968047486e-10 1.171568659145728132e-09 1.338262647620088370e-09 1.014277254944420918e-09 3.878492658066104330e-10 2.762671326955238821e-11 -1.308192558507252586e-10
-2.742622802084174249e-11 -6.835038920975461489e-12 -1.443132541833927579e-11 4.252808457206541934e-12 -9.698746908793984763e-12 -8.340970373309998080e-12 -1.009762147282687414e-11 -9.291602389447115989e-12 -5.386786031752586784e-12 1.512500924029658330e-11 1.859411740253683294e-11 5.782219876455080473e-12 -9.206378128388716959e-12 -8.734200344309234758e-12 4.073841329892964664e-13 8.356794453263524908e-12 4.074576015851469828e-11 1.003795758817686913e-10 2.025987934940548414e-10 3.779025892265397187e-10 6.764963420786245625e-10 1.014277254944420918e-09 1.141260210027509082e-09 7.217114639561565841e-10 1.229019418858491336e-10 -7.924127227516071312e-11
-2.532868789539772539e-11 1.096699315391342753e-12 -2.101227925299987407e-12 5.907563113647456728e-12 -1.164425286014633857e-11 -3.381466056339199065e-12 -5.492772967863466884e-12 -4.858478164683743754e-12 -1.847516703439470605e-12 8.099131636063206440e-12 1.059957868275809223e-11 1.840727011722046191e-12 -7.030386156453586898e-12 -1.498478187359203658e-11 -1.708951837905553077e-11 -2.389994150246959750e-11 -1.051804755808801067e-11 8.149002315680048441e-12 3.506235004398453333e-11 7.269922473596702793e-11 1.701887390147757575e-10 3.878492658066104330e-10 7.217114639561565841e-10 8.554682071818321855e-10 4.179053324657496027e-10 5.738389735886635104e-11
-1.299334131726516900e-11 -5.903171559301679778e-12 -8.508810607105167345e-13 4.075480897764993560e-12 3.081372826170480197e-14 6.700150858399711318e-12 -6.156165822911165817e-12 -4.852227880504452990e-12 -9.994966760508066609e-12 -6.268987208768576478e-12 -5.868118724340606504e-12 -4.602485873295503827e-13 5.621980170753125429e-12 -3.364630038561939957e-12 -7.024532531646845761e-12 -8.087959677154699287e-12 2.820681117383750561e-12 6.317261012158869446e-12 1.134179138868977680e-11 1.800594948834215805e-11 1.666779775044912276e-11 2.762671326955238821e-11 1.229019418858491336e-10 4.179053324657496027e-10 7.706363317134726134e-10 4.131354222086226421e-10
-8.302741562921469842e-12 -4.480292578382622999e-12 -2.251117884911950375e-12 2.412959405653320970e-13 -2.929455883281433371e-12 6.098536791675763784e-12 -5.768646582148407313e-12 1.028625130959486582e-12 -2.728530288714272918e-12 -3.197961378886549531e-12 -2.488520880190965555e-12 1.663098473861085468e-13 3.501342661307543239e-12 -2.756898659368561309e-12 -1.424296960914735935e-13 -6.548498022772283750e-12 -1.373199353306615839e-11 -3.068765416236504878e-11 -5.272602142328848733e-11 -7.327977949210559170e-11 -1.023992626258596021e-10 -1.308192558507252586e-10 -7.924127227516071312e-11 5.738389735886635104e-11 4.131354222086226421e-10 7.067833300471197854e-10
