3.979591277202117822e-11 1.203502464205026279e-11 6.874816780318249241e-12 3.037408036693182811e-12 9.800319402932589980e-13 1.535857956702131261e-12 1.979004778854867115e-12 4.499299099914112065e-12 1.704266939274845470e-12 3.364782836076986964e-12 8.312852024727596483e-13 2.198560229472634641e-12 3.981392052019570587e-12 3.146802877862356651e-12 2.383125205979091507e-12 1.834872849789385059e-12 2.157061457129625733e-12 4.575629458819587147e-12 4.300329543972920786e-12 6.870624908002843646e-13 -8.589657075044707640e-12 -9.492889756198499136e-12 -1.172063768970818400e-11 -6.391916323995223134e-12 2.157552016688514840e-12 -1.416496782839456701e-11
1.203502464205026279e-11 2.960247434538558756e-11 1.155698273034275054e-11 4.312556281525570321e-12 1.909703604642863288e-12 1.911756408133406315e-12 2.820391904485665305e-12 2.397461364757204381e-12 8.442989831712186216e-13 1.665952937222393526e-12 -4.029004806962983084e-13 7.171393050753236748e-13 1.201954166165619302e-12 2.789791183928575861e-13 -4.469816091885014679e-13 7.010071401740588581e-13 1.110907257883532864e-12 2.826490123962907642e-13 3.834608854345120888e-12 4.687846690353177132e-12 3.868618532139334157e-13 5.955602235619462702e-13 -4.479410545580088138e-12 1.079195397631600209e-12 7.839233380438541113e-12 -7.971006915818408112e-12
6.874816780318249241e-12 1.155698273034275054e-11 2.651506275149095820e-11 1.017676193641244597e-11 5.655007038155853312e-12 3.375276155318539433e-12 2.523537250809647046e-12 1.976248915839832159e-12 1.559329175226520169e-12 1.377977460739842759e-12 -3.447478368627145741e-13 1.649636148375541905e-12 2.522022295177621752e-12 1.302590470432776852e-12 -4.202452214147577673e-13 -2.424736982090897048e-12 -2.981695961642547121e-12 -4.176154824102939277e-12 -7.753754867277196577e-13 2.227834357251123710e-12 -1.948850043377489981e-12 -4.155255497684815608e-12 -1.340445809580906896e-12 7.268925281205632856e-12 4.013968108543341717e-12 -5.720075449572809476e-12
3.037408036693182811e-12 4.312556281525570321e-12 1.017676193641244597e-11 2.128829318945334560e-11 8.915238385479016580e-12 4.253028943187140448e-12 3.258100340948540020e-12 1.990571840221964144e-12 3.490353955370087156e-13 1.134480027587955279e-13 -2.323556725859975794e-12 -2.061262360110385670e-12 -2.586006579587517269e-12 -2.952522969739574909e-12 -3.410866439908362151e-12 -3.407318443051814100e-12 -3.263438513920626587e-12 -4.893951848724109065e-12 -4.566654235284016013e-12 -3.952923226360956795e-12 -5.115840013164758920e-12 -5.525907924272769949e-12 7.203772540302201714e-13 5.963818852468517448e-12 -4.090981857115764533e-13 -1.212495577216046147e-12
9.800319402932589980e-13 1.909703604642863288e-12 5.655007038155853312e-12 8.915238385479016580e-12 1.731445543151802359e-11 6.577371059252701042e-12 3.827931983837895495e-12 1.918142060399630625e-12 1.296566798112639372e-12 1.774418347626178528e-12 7.697851741748113419e-13 1.520948174097421201e-12 1.110905603368520423e-12 1.188595685386499553e-12 7.616161041993504112e-13 2.150930904062364484e-12 3.816769220997462504e-12 4.262293338368793608e-12 7.758702388093053172e-12 1.033075803931845639e-11 8.260395106989334702e-12 3.801496104224256371e-12 3.562488130361418222e-12 5.095749222703203710e-12 2.009406465644572885e-13 -2.558568693722356017e-12
1.535857956702131261e-12 1.911756408133406315e-12 3.375276155318539433e-12 4.253028943187140448e-12 6.577371059252701042e-12 1.324973601804066917e-11 8.552896886710258456e-12 6.333137372845077285e-12 4.394815034051901667e-12 4.984652796519517384e-12 3.707564313257487487e-12 3.531798126929339491e-12 3.376909668898695416e-12 1.661036952583100891e-12 2.357161931741253730e-12 4.111039369285664937e-12 5.156015175846717219e-12 5.463998225974799967e-12 8.571978741187688777e-12 1.103717596247244386e-11 1.437992654550078141e-11 1.361996022333335485e-11 7.168760417162048170e-12 -1.406408873416606084e-12 1.351921035994433948e-13 -5.050543121053671337e-12
1.979004778854867115e-12 2.820391904485665305e-12 2.523537250809647046e-12 3.258100340948540020e-12 3.827931983837895495e-12 8.552896886710258456e-12 1.529769779183459692e-11 1.185776169433194713e-11 8.585145116553858330e-12 7.640965207314257689e-12 6.454926641126540266e-12 5.567980727490344247e-12 5.428392942070269956e-12 5.269689882892123221e-12 6.573379681560985604e-12 8.620066588209451256e-12 1.097635060237952773e-11 1.246936744516881766e-11 1.443005764270656423e-11 1.431273998200812401e-11 1.127145611300865014e-11 5.173899722712310685e-12 1.773622376621525252e-12 -1.604088821909723724e-12 5.511609568225315593e-12 5.545840435098760492e-12
4.499299099914112065e-12 2.397461364757204381e-12 1.976248915839832159e-12 1.990571840221964144e-12 1.918142060399630625e-12 6.333137372845077285e-12 1.185776169433194713e-11 1.902072765872168023e-11 1.379987873015405459e-11 1.094260582352840608e-11 9.230350164176544687e-12 7.274152695456509347e-12 7.201402865013669431e-12 7.831093865460992881e-12 8.740933815954161819e-12 1.001703161736426457e-11 1.290981996600834883e-11 1.524640535184318136e-11 1.765151533971964348e-11 1.796593404986043012e-11 1.459900992804486109e-11 4.542960985848210815e-12 -1.189495994805511785e-12 -3.409408959055265627e-12 9.327203896967024255e-12 6.603494063915140924e-12
1.704266939274845470e-12 8.442989831712186216e-13 1.559329175226520169e-12 3.490353955370087156e-13 1.296566798112639372e-12 4.394815034051901667e-12 8.585145116553858330e-12 1.379987873015405459e-11 1.939288100521900826e-11 1.653107798148716993e-11 1.402989952597698427e-11 1.329341849530541970e-11 1.376513022310265978e-11 1.537231221149121691e-11 1.716418525399599915e-11 1.869856580010378851e-11 2.154761410321689738e-11 2.482720172398348798e-11 3.002134897063223850e-11 3.401139940681565231e-11 3.613628515442970094e-11 2.431232000618635087e-11 1.561904811865188872e-11 6.038424851936435070e-12 5.483218084663583384e-12 5.168995412194077736e-12
3.364782836076986964e-12 1.665952937222393526e-12 1.377977460739842759e-12 1.134480027587955279e-13 1.774418347626178528e-12 4.984652796519517384e-12 7.640965207314257689e-12 1.094260582352840608e-11 1.653107798148716993e-11 2.205952465168408919e-11 1.939961717442386716e-11 1.785604721320624830e-11 1.834831441394022234e-11 1.989430332703387926e-11 2.179912237942153874e-11 2.358595623921484078e-11 2.656328083275093392e-11 2.949638076849236052e-11 3.316618627451835140e-11 3.692640475640747287e-11 3.828659900472456393e-11 2.844119970123969357e-11 2.300747067340895151e-11 1.644022464218652207e-11 1.025336180854550483e-11 -1.161213527936172775e-12
8.312852024727596483e-13 -4.029004806962983084e-13 -3.447478368627145741e-13 -2.323556725859975794e-12 7.697851741748113419e-13 3.707564313257487487e-12 6.454926641126540266e-12 9.230350164176544687e-12 1.402989952597698427e-11 1.939961717442386716e-11 2.500423254217558209e-11 2.458451574777927038e-11 2.424108615466858502e-11 2.665106287738179244e-11 2.830350629609255380e-11 2.963341439539425064e-11 3.306713865504489340e-11 3.653026654153238717e-11 3.928698618271337864e-11 4.296285402711717034e-11 4.186494579511536605e-11 2.789804460905743461e-11 1.972298704380054108e-11 1.363910588087508188e-11 1.212811448754999462e-11 -5.717431916421080963e-12
2.198560229472634641e-12 7.171393050753236748e-13 1.649636148375541905e-12 -2.061262360110385670e-12 1.520948174097421201e-12 3.531798126929339491e-12 5.567980727490344247e-12 7.274152695456509347e-12 1.329341849530541970e-11 1.785604721320624830e-11 2.458451574777927038e-11 3.487329120147439594e-11 3.682737215087469872e-11 3.909399349774694006e-11 4.120138387242944143e-11 4.295522995594108954e-11 4.714594167374947488e-11 5.124244013179052717e-11 5.514021667598498428e-11 5.986095110964624137e-11 5.663943030681896848e-11 3.523015638257053926e-11 2.742929406873322119e-11 1.719015338106370215e-11 3.415647313453456877e-12 -1.182932767857259298e-11
3.981392052019570587e-12 1.201954166165619302e-12 2.522022295177621752e-12 -2.586006579587517269e-12 1.110905603368520423e-12 3.376909668898695416e-12 5.428392942070269956e-12 7.201402865013669431e-12 1.376513022310265978e-11 1.834831441394022234e-11 2.424108615466858502e-11 3.682737215087469872e-11 4.916380094434855336e-11 5.431047067471709666e-11 5.723456489051397758e-11 5.999709355241293472e-11 6.491076750767483281e-11 7.048535443726053211e-11 7.641547820752933400e-11 8.360134707771541154e-11 7.735829096483278514e-11 4.230580078226365772e-11 2.755805931731264527e-11 1.728487012822177489e-11 9.555411821231546698e-12 -7.507029584575562657e-12
3.146802877862356651e-12 2.789791183928575861e-13 1.302590470432776852e-12 -2.952522969739574909e-12 1.188595685386499553e-12 1.661036952583100891e-12 5.269689882892123221e-12 7.831093865460992881e-12 1.537231221149121691e-11 1.989430332703387926e-11 2.665106287738179244e-11 3.909399349774694006e-11 5.431047067471709666e-11 7.379679424164516790e-11 8.128292307017459435e-11 8.702199570019841885e-11 9.417047228253382370e-11 1.044244737384328604e-10 1.135277174690174964e-10 1.205794039605122107e-10 1.059290441547904181e-10 4.750014020134915834e-11 1.335271878664331612e-11 1.525292312895960998e-12 7.346472469053090921e-12 -3.036898792025688320e-12
2.383125205979091507e-12 -4.469816091885014679e-13 -4.202452214147577673e-13 -3.410866439908362151e-12 7.616161041993504112e-13 2.357161931741253730e-12 6.573379681560985604e-12 8.740933815954161819e-12 1.716418525399599915e-11 2.179912237942153874e-11 2.830350629609255380e-11 4.120138387242944143e-11 5.723456489051397758e-11 8.128292307017459435e-11 1.064140259653952303e-10 1.215250348559854797e-10 1.353720674322224763e-10 1.503763689846148215e-10 1.631089391001610330e-10 1.729542803351114391e-10 1.591677263152665753e-10 8.278352248604352282e-11 2.993880647187469084e-11 6.134097363111911618e-15 -2.382173255871805792e-12 -5.425211457316091513e-13
1.834872849789385059e-12 7.010071401740588581e-13 -2.424736982090897048e-12 -3.407318443051814100e-12 2.150930904062364484e-12 4.111039369285664937e-12 8.620066588209451256e-12 1.001703161736426457e-11 1.869856580010378851e-11 2.358595623921484078e-11 2.963341439539425064e-11 4.295522995594108954e-11 5.999709355241293472e-11 8.702199570019841885e-11 1.215250348559854797e-10 1.558767368541035435e-10 1.840700674004026277e-10 2.079643367836651420e-10 2.253005881479612505e-10 2.382324683657383899e-10 2.246373224290258368e-10 1.209040425018344100e-10 4.128415197373596651e-11 -2.493521314724869483e-12 -7.362514462512565682e-12 -8.094575676132940530e-12
2.157061457129625733e-12 1.110907257883532864e-12 -2.981695961642547121e-12 -3.263438513920626587e-12 3.816769220997462504e-12 5.156015175846717219e-12 1.097635060237952773e-11 1.290981996600834883e-11 2.154761410321689738e-11 2.656328083275093392e-11 3.306713865504489340e-11 4.714594167374947488e-11 6.491076750767483281e-11 9.417047228253382370e-11 1.353720674322224763e-10 1.840700674004026277e-10 2.415582364721851250e-10 2.867725925481604741e-10 3.162692006300186374e-10 3.386722502709490311e-10 3.231219683812413566e-10 1.798128904155347737e-10 5.857957211173128362e-11 -2.926051073967152572e-12 -1.327644784782767630e-11 -2.378717399382755868e-11
4.575629458819587147e-12 2.826490123962907642e-13 -4.176154824102939277e-12 -4.893951848724109065e-12 4.262293338368793608e-12 5.463998225974799967e-12 1.246936744516881766e-11 1.524640535184318136e-11 2.482720172398348798e-11 2.949638076849236052e-11 3.653026654153238717e-11 5.124244013179052717e-11 7.048535443726053211e-11 1.044244737384328604e-10 1.503763689846148215e-10 2.079643367836651420e-10 2.867725925481604741e-10 3.763254431209853691e-10 4.378073663984006881e-10 4.815085367996239771e-10 4.697312940959474970e-10 2.926509768145335509e-10 1.129993271977013395e-10 1.073883256192710559e-11 -2.716218929215181072e-11 -5.278831042058717471e-11
4.300329543972920786e-12 3.834608854345120888e-12 -7.753754867277196577e-13 -4.566654235284016013e-12 7.758702388093053172e-12 8.571978741187688777e-12 1.443005764270656423e-11 1.765151533971964348e-11 3.002134897063223850e-11 3.316618627451835140e-11 3.928698618271337864e-11 5.514021667598498428e-11 7.641547820752933400e-11 1.135277174690174964e-10 1.631089391001610330e-10 2.253005881479612505e-10 3.162692006300186374e-10 4.378073663984006881e-10 5.620525181165301092e-10 6.598690335264920548e-10 6.754850963357027969e-10 4.799528885810026092e-10 2.184970296872890478e-10 3.673677039107648280e-11 -3.221399585470814633e-11 -6.947445552582093096e-11
6.870624908002843646e-13 4.687846690353177132e-12 2.227834357251123710e-12 -3.952923226360956795e-12 1.033075803931845639e-11 1.103717596247244386e-11 1.431273998200812401e-11 1.796593404986043012e-11 3.401139940681565231e-11 3.692640475640747287e-11 4.296285402711717034e-11 5.986095110964624137e-11 8.360134707771541154e-11 1.205794039605122107e-10 1.729542803351114391e-10 2.382324683657383899e-10 3.386722502709490311e-10 4.815085367996239771e-10 6.598690335264920548e-10 8.527356500380800380e-10 9.405144045579476186e-10 7.548962319414598026e-10 4.035219618644416942e-10 8.527922139046526821e-11 -3.678328519215504909e-11 -9.682236406944717871e-11
-8.589657075044707640e-12 3.868618532139334157e-13 -1.948850043377489981e-12 -5.115840013164758920e-12 8.260395106989334702e-12 1.437992654550078141e-11 1.127145611300865014e-11 1.459900992804486109e-11 3.613628515442970094e-11 3.828659900472456393e-11 4.186494579511536605e-11 5.663943030681896848e-11 7.735829096483278514e-11 1.059290441547904181e-10 1.591677263152665753e-10 2.246373224290258368e-10 3.231219683812413566e-10 4.697312940959474970e-10 6.754850963357027969e-10 9.405144045579476186e-10 1.150121812988248644e-09 1.047982021069071216e-09 6.505095653737228750e-10 1.560047238433561264e-10 -6.011064642383858076e-11 -1.366598105656695588e-10
-9.492889756198499136e-12 5.955602235619462702e-13 -4.155255497684815608e-12 -5.525907924272769949e-12 3.801496104224256371e-12 1.361996022333335485e-11 5.173899722712310685e-12 4.542960985848210815e-12 2.431232000618635087e-11 2.844119970123969357e-11 2.789804460905743461e-11 3.523015638257053926e-11 4.230580078226365772e-11 4.750014020134915834e-11 8.278352248604352282e-11 1.209040425018344100e-10 1.798128904155347737e-10 2.926509768145335509e-10 4.799528885810026092e-10 7.548962319414598026e-10 1.047982021069071216e-09 1.186811116011683520e-09 9.258369329199387254e-10 3.355932995213586011e-10 -5.579544704351231020e-11 -1.540398885420589052e-10
-1.172063768970818400e-11 -4.479410545580088138e-12 -1.340445809580906896e-12 7.203772540302201714e-13 3.562488130361418222e-12 7.168760417162048170e-12 1.773622376621525252e-12 -1.189495994805511785e-12 1.561904811865188872e-11 2.300747067340895151e-11 1.972298704380054108e-11 2.742929406873322119e-11 2.755805931731264527e-11 1.335271878664331612e-11 2.993880647187469084e-11 4.128415197373596651e-11 5.857957211173128362e-11 1.129993271977013395e-10 2.184970296872890478e-10 4.035219618644416942e-10 6.505095653737228750e-10 9.258369329199387254e-10 1.028904885702364000e-09 6.409217989582140471e-10 4.816068717358816266e-11 -1.214915300976542837e-10
-6.391916323995223134e-12 1.079195397631600209e-12 7.268925281205632856e-12 5.963818852468517448e-12 5.095749222703203710e-12 -1.406408873416606084e-12 -1.604088821909723724e-12 -3.409408959055265627e-12 6.038424851936435070e-12 1.644022464218652207e-11 1.363910588087508188e-11 1.719015338106370215e-11 1.728487012822177489e-11 1.525292312895960998e-12 6.134097363111911618e-15 -2.493521314724869483e-12 -2.926051073967152572e-12 1.073883256192710559e-11 3.673677039107648280e-11 8.527922139046526821e-11 1.560047238433561264e-10 3.355932995213586011e-10 6.409217989582140471e-10 7.593547942091667657e-10 3.240708112402574345e-10 -1.724135747774839413e-11
2.157552016688514840e-12 7.839233380438541113e-12 4.013968108543341717e-12 -4.090981857115764533e-13 2.009406465644572885e-13 1.351921035994433948e-13 5.511609568225315593e-12 9.327203896967024255e-12 5.483218084663583384e-12 1.025336180854550483e-11 1.212811448754999462e-11 3.415647313453456877e-12 9.555411821231546698e-12 7.346472469053090921e-12 -2.382173255871805792e-12 -7.362514462512565682e-12 -1.327644784782767630e-11 -2.716218929215181072e-11 -3.221399585470814633e-11 -3.678328519215504909e-11 -6.011064642383858076e-11 -5.579544704351231020e-11 4.816068717358816266e-11 3.240708112402574345e-10 6.382241442377382304e-10 3.370061260332149796e-10
-1.416496782839456701e-11 -7.971006915818408112e-12 -5.720075449572809476e-12 -1.212495577216046147e-12 -2.558568693722356017e-12 -5.050543121053671337e-12 5.545840435098760492e-12 6.603494063915140924e-12 5.168995412194077736e-12 -1.161213527936172775e-12 -5.717431916421080963e-12 -1.182932767857259298e-11 -7.507029584575562657e-12 -3.036898792025688320e-12 -5.425211457316091513e-13 -8.094575676132940530e-12 -2.378717399382755868e-11 -5.278831042058717471e-11 -6.947445552582093096e-11 -9.682236406944717871e-11 -1.366598105656695588e-10 -1.540398885420589052e-10 -1.214915300976542837e-10 -1.724135747774839413e-11 3.370061260332149796e-10 6.659393442811138277e-10
