4.992856526248616822e-11 9.245664690941526021e-12 2.750289484062466883e-12 1.731829713741718802e-12 4.055904202155274436e-13 1.323721144311548999e-12 -2.405134117025695188e-13 -6.822711586717793924e-13 1.116391935557685924e-13 -3.426369893064732672e-13 -1.582004086838719851e-12 7.279433912724522636e-13 8.786834680019089724e-13 1.988392355308305884e-12 4.271226906039352275e-12 6.715909037683222582e-12 6.011653087910993554e-12 8.116507421216291140e-12 8.259811165604090150e-12 1.330164520623437468e-11 1.854909595328157723e-11 1.105388857714763214e-11 -1.730274823782788154e-11 -4.213090260510400652e-11 -3.096483556537979196e-11 -1.750070384146064794e-11
9.245664690941526021e-12 3.366534809638454040e-11 6.511380808739740063e-12 5.920123857960126473e-12 2.977667454526179150e-12 4.357469624345965694e-12 1.235839386248065134e-12 2.311081589060775100e-12 1.838030904081375088e-12 2.224165654059548513e-12 1.522163879970196968e-12 2.506762391642855619e-12 3.879511591407820129e-12 5.933251069675963667e-12 8.063217481351163228e-12 7.201697393673649987e-12 8.410804785444121352e-12 6.947998479738620268e-12 9.036577150305838948e-12 8.283119699553773802e-12 2.983331331156831647e-12 -4.024931337239517130e-12 -8.611033535547258345e-12 -9.169073032080512114e-12 4.625741820415323466e-12 1.423799489197419933e-11
2.750289484062466883e-12 6.511380808739740063e-12 2.364815558939973413e-11 7.276492900376327884e-12 4.358931059623132568e-12 2.612312128803744223e-12 -2.918106517621464003e-13 1.237509956044000897e-13 3.585946415080497415e-14 3.161522670408917452e-13 -7.918726764513366167e-13 -7.657489038199111979e-13 1.548463302808069501e-12 1.675333698556059514e-12 1.488575978290947764e-12 8.840331248186930634e-13 3.198814636724414101e-13 1.498979257850937712e-12 1.382782622131808369e-12 -8.279122610206996030e-13 -8.854001751404107018e-12 -1.283083592913362463e-11 -1.064585221453620967e-11 -5.243025230527575672e-12 -3.842837429358251816e-12 -9.322041949762394837e-12
1.731829713741718802e-12 5.920123857960126473e-12 7.276492900376327884e-12 2.097908542513666838e-11 6.939541460109504343e-12 4.055879391048035263e-12 1.602095538061640346e-12 3.521771473880643171e-12 3.345683275767282528e-12 4.079046513067836547e-12 3.429519357716505543e-12 2.884967648190379873e-12 3.028768403664694975e-12 3.881563020802712302e-12 5.293666161686858644e-12 5.975539504523396301e-12 5.823616694263198209e-12 4.014258929160404742e-12 2.201333759281704004e-12 -2.150405866159870422e-13 -1.019438525321103015e-11 -1.306397281730814900e-11 -9.329364271248308384e-12 -2.718904873440106237e-12 9.125182984201109414e-13 1.364617505555168962e-12
4.055904202155274436e-13 2.977667454526179150e-12 4.358931059623132568e-12 6.939541460109504343e-12 1.731457717699436104e-11 8.835335580520070329e-12 4.861795924247161653e-12 5.609104331693298001e-12 4.641987037444398762e-12 4.741941505940883805e-12 3.537103076582435792e-12 2.379429758299279131e-12 3.937086254742623477e-12 4.827053856992862029e-12 6.584022487082259929e-12 7.913342143004506411e-12 9.371801509786344917e-12 1.109432159716408644e-11 1.281280448761914092e-11 1.142201826945531349e-11 4.822242722736075948e-12 -1.894443477002374991e-12 -9.646404565860410314e-12 -6.707260078696756067e-12 5.011991034557961026e-12 7.175004358923553674e-13
1.323721144311548999e-12 4.357469624345965694e-12 2.612312128803744223e-12 4.055879391048035263e-12 8.835335580520070329e-12 1.798178623550400320e-11 9.108870554054423000e-12 7.248597278592135686e-12 4.991785805252968149e-12 4.240948380755125560e-12 3.173070138474321026e-12 2.789084992728393090e-12 4.782195110090253608e-12 5.746739626348770892e-12 7.781972502406162620e-12 1.001883525179240450e-11 1.247154260048310122e-11 1.589238972286785972e-11 1.985542403965388313e-11 1.921559288407491667e-11 1.273929590571810581e-11 -1.395222289551786566e-13 -1.715606487323405612e-11 -1.365661034796238526e-11 7.259260398713920684e-13 5.175123678774740545e-12
-2.405134117025695188e-13 1.235839386248065134e-12 -2.918106517621464003e-13 1.602095538061640346e-12 4.861795924247161653e-12 9.108870554054423000e-12 1.429457526426019910e-11 1.024274594265657187e-11 7.480835855770735764e-12 5.446115616204884725e-12 4.461946644473127377e-12 4.703518638288799671e-12 7.307591465031071298e-12 8.600198844376313843e-12 9.366484798617709136e-12 1.047238362923507984e-11 1.247010584158474558e-11 1.783534945294539510e-11 2.211250622772901757e-11 2.009645180449094519e-11 1.286656267632977885e-11 6.536515460416808945e-13 -9.480215730936029147e-12 -6.619361417817977870e-12 -6.776477982987811618e-12 -6.644640166189572420e-12
-6.822711586717793924e-13 2.311081589060775100e-12 1.237509956044000897e-13 3.521771473880643171e-12 5.609104331693298001e-12 7.248597278592135686e-12 1.024274594265657187e-11 1.716960271133105346e-11 1.335718803863689880e-11 1.061735256164537627e-11 8.580221606759918361e-12 8.463839153771388160e-12 1.040182941390845915e-11 1.220531534733329984e-11 1.440980215499464809e-11 1.682696604463168172e-11 1.987621247929221313e-11 2.289451076224422064e-11 2.737781039272749538e-11 2.745414602138702153e-11 1.769166368096507149e-11 9.194903425594439015e-13 -5.568791851559466888e-12 -1.290010104343670729e-12 -3.578758658881521458e-12 4.652211283392505382e-13
1.116391935557685924e-13 1.838030904081375088e-12 3.585946415080497415e-14 3.345683275767282528e-12 4.641987037444398762e-12 4.991785805252968149e-12 7.480835855770735764e-12 1.335718803863689880e-11 1.854851201188532892e-11 1.592911642605114606e-11 1.372660019212729500e-11 1.322058797200833163e-11 1.463699138123014646e-11 1.711237932882760930e-11 2.031387047289666189e-11 2.269664110117787565e-11 2.587956809607092266e-11 2.959737611460032651e-11 3.205485077055616736e-11 3.071519063721254310e-11 1.755961824388712846e-11 -3.709326688237331768e-12 -4.995871537997631408e-12 4.343440097685082424e-13 -6.098460225299671194e-12 1.136291694586727891e-12
-3.426369893064732672e-13 2.224165654059548513e-12 3.161522670408917452e-13 4.079046513067836547e-12 4.741941505940883805e-12 4.240948380755125560e-12 5.446115616204884725e-12 1.061735256164537627e-11 1.592911642605114606e-11 2.194644191989624012e-11 2.009642709540126290e-11 1.848698024568186739e-11 2.049152977136929134e-11 2.404699278113164461e-11 2.800814795690182781e-11 3.177740570543739173e-11 3.725197527597321461e-11 4.279457655484021709e-11 4.697750065151949088e-11 5.001031548868135965e-11 4.162948628357604464e-11 1.948248580413650458e-11 1.388370820711888901e-11 7.179426077209660728e-12 -6.064973193459586683e-12 -3.866679001742888198e-12
-1.582004086838719851e-12 1.522163879970196968e-12 -7.918726764513366167e-13 3.429519357716505543e-12 3.537103076582435792e-12 3.173070138474321026e-12 4.461946644473127377e-12 8.580221606759918361e-12 1.372660019212729500e-11 2.009642709540126290e-11 2.657678756596835871e-11 2.516678471223650927e-11 2.726157298896225200e-11 3.050468000465508656e-11 3.483121962314413596e-11 3.810196424555036706e-11 4.309549451667754962e-11 4.843123070061026281e-11 5.361622526994467694e-11 5.965095999317527579e-11 5.261127478715902809e-11 2.577148986046059468e-11 2.078331472766756511e-11 1.186332302938058506e-11 -4.711350238837308156e-12 -2.097730706123423587e-12
7.279433912724522636e-13 2.506762391642855619e-12 -7.657489038199111979e-13 2.884967648190379873e-12 2.379429758299279131e-12 2.789084992728393090e-12 4.703518638288799671e-12 8.463839153771388160e-12 1.322058797200833163e-11 1.848698024568186739e-11 2.516678471223650927e-11 3.450499043742494247e-11 4.016745849338691569e-11 4.492865498428148675e-11 5.005128778905889943e-11 5.439776612051122336e-11 6.083238954065498155e-11 6.841112355002319685e-11 7.377407151937166093e-11 7.982657864322766366e-11 6.859909487990582349e-11 2.426053970643829261e-11 6.339095298863614218e-12 1.630403443575026833e-12 -8.405654608655358692e-13 2.404161122068031631e-12
8.786834680019089724e-13 3.879511591407820129e-12 1.548463302808069501e-12 3.028768403664694975e-12 3.937086254742623477e-12 4.782195110090253608e-12 7.307591465031071298e-12 1.040182941390845915e-11 1.463699138123014646e-11 2.049152977136929134e-11 2.726157298896225200e-11 4.016745849338691569e-11 5.712015447047877140e-11 6.547659293169974278e-11 7.280333995684661980e-11 7.933653459322291291e-11 8.888871192891263690e-11 9.954538932865973279e-11 1.047048291263281735e-10 1.092748837596133553e-10 8.615562018493242824e-11 1.904501271867931968e-11 -1.077039446196041153e-11 -7.165993551543472446e-12 5.899643777510338719e-12 4.458454507665727925e-12
1.988392355308305884e-12 5.933251069675963667e-12 1.675333698556059514e-12 3.881563020802712302e-12 4.827053856992862029e-12 5.746739626348770892e-12 8.600198844376313843e-12 1.220531534733329984e-11 1.711237932882760930e-11 2.404699278113164461e-11 3.050468000465508656e-11 4.492865498428148675e-11 6.547659293169974278e-11 8.663638470849877141e-11 9.992224168596608030e-11 1.095518656797398266e-10 1.228726806091080221e-10 1.381963544855350384e-10 1.467017712785781608e-10 1.543695671749070510e-10 1.243282696560826208e-10 3.700358466013556157e-11 -9.321274138730830907e-12 -1.617233079797720299e-11 -5.275058171323775601e-12 -4.078666176631486370e-12
4.271226906039352275e-12 8.063217481351163228e-12 1.488575978290947764e-12 5.293666161686858644e-12 6.584022487082259929e-12 7.781972502406162620e-12 9.366484798617709136e-12 1.440980215499464809e-11 2.031387047289666189e-11 2.800814795690182781e-11 3.483121962314413596e-11 5.005128778905889943e-11 7.280333995684661980e-11 9.992224168596608030e-11 1.307096758152915262e-10 1.506690646159262686e-10 1.719834346566835295e-10 1.932454257813371454e-10 2.075304036356229660e-10 2.236718831260154826e-10 1.883363117846483965e-10 7.048196936065977280e-11 1.705206892929604839e-13 -1.895818017454165026e-11 -1.013730491949514134e-11 -1.535310308935002442e-12
6.715909037683222582e-12 7.201697393673649987e-12 8.840331248186930634e-13 5.975539504523396301e-12 7.913342143004506411e-12 1.001883525179240450e-11 1.047238362923507984e-11 1.682696604463168172e-11 2.269664110117787565e-11 3.177740570543739173e-11 3.810196424555036706e-11 5.439776612051122336e-11 7.933653459322291291e-11 1.095518656797398266e-10 1.506690646159262686e-10 1.903842945467144307e-10 2.263305439040108462e-10 2.582349569015732958e-10 2.801836756568108656e-10 3.059050736252372608e-10 2.683640392385015061e-10 1.160994793162703567e-10 9.547987942321124469e-12 -2.253760139967822877e-11 -7.069008331231727338e-12 -5.886121438718494382e-12
6.011653087910993554e-12 8.410804785444121352e-12 3.198814636724414101e-13 5.823616694263198209e-12 9.371801509786344917e-12 1.247154260048310122e-11 1.247010584158474558e-11 1.987621247929221313e-11 2.587956809607092266e-11 3.725197527597321461e-11 4.309549451667754962e-11 6.083238954065498155e-11 8.888871192891263690e-11 1.228726806091080221e-10 1.719834346566835295e-10 2.263305439040108462e-10 2.969075281747789531e-10 3.571525984672665372e-10 3.927045150339373081e-10 4.295564096508911590e-10 3.863063365305790675e-10 1.949768736132304565e-10 4.105364876713935450e-11 -1.032282062959378650e-11 2.080687027516869873e-12 -1.342314991228902629e-11
8.116507421216291140e-12 6.947998479738620268e-12 1.498979257850937712e-12 4.014258929160404742e-12 1.109432159716408644e-11 1.589238972286785972e-11 1.783534945294539510e-11 2.289451076224422064e-11 2.959737611460032651e-11 4.279457655484021709e-11 4.843123070061026281e-11 6.841112355002319685e-11 9.954538932865973279e-11 1.381963544855350384e-10 1.932454257813371454e-10 2.582349569015732958e-10 3.571525984672665372e-10 4.686278324954503781e-10 5.373472696071867633e-10 5.999242832843393081e-10 5.639447160878847105e-10 3.316807267176248873e-10 1.007306658926335404e-10 8.614915533337371146e-12 6.395633396973076160e-12 -3.101187229111747258e-11
8.259811165604090150e-12 9.036577150305838948e-12 1.382782622131808369e-12 2.201333759281704004e-12 1.281280448761914092e-11 1.985542403965388313e-11 2.211250622772901757e-11 2.737781039272749538e-11 3.205485077055616736e-11 4.697750065151949088e-11 5.361622526994467694e-11 7.377407151937166093e-11 1.047048291263281735e-10 1.467017712785781608e-10 2.075304036356229660e-10 2.801836756568108656e-10 3.927045150339373081e-10 5.373472696071867633e-10 6.668452188961700043e-10 7.845694151816058392e-10 7.824617802975567947e-10 5.293412627694193878e-10 2.028917176952673665e-10 3.565809380932764498e-11 1.172364686574324658e-11 -5.273918557411694212e-11
1.330164520623437468e-11 8.283119699553773802e-12 -8.279122610206996030e-13 -2.150405866159870422e-13 1.142201826945531349e-11 1.921559288407491667e-11 2.009645180449094519e-11 2.745414602138702153e-11 3.071519063721254310e-11 5.001031548868135965e-11 5.965095999317527579e-11 7.982657864322766366e-11 1.092748837596133553e-10 1.543695671749070510e-10 2.236718831260154826e-10 3.059050736252372608e-10 4.295564096508911590e-10 5.999242832843393081e-10 7.845694151816058392e-10 1.007074181436250165e-09 1.083727891869311189e-09 8.233339894701350650e-10 3.782792654848255952e-10 7.356335638340565955e-11 1.877207169348516162e-11 -7.252122948095498153e-11
1.854909595328157723e-11 2.983331331156831647e-12 -8.854001751404107018e-12 -1.019438525321103015e-11 4.822242722736075948e-12 1.273929590571810581e-11 1.286656267632977885e-11 1.769166368096507149e-11 1.755961824388712846e-11 4.162948628357604464e-11 5.261127478715902809e-11 6.859909487990582349e-11 8.615562018493242824e-11 1.243282696560826208e-10 1.883363117846483965e-10 2.683640392385015061e-10 3.863063365305790675e-10 5.639447160878847105e-10 7.824617802975567947e-10 1.083727891869311189e-09 1.318265415243106919e-09 1.172425902623328855e-09 6.768861007150268370e-10 1.705714917292465381e-10 1.673535922679623628e-11 -1.020682304755004603e-10
1.105388857714763214e-11 -4.024931337239517130e-12 -1.283083592913362463e-11 -1.306397281730814900e-11 -1.894443477002374991e-12 -1.395222289551786566e-13 6.536515460416808945e-13 9.194903425594439015e-13 -3.709326688237331768e-12 1.948248580413650458e-11 2.577148986046059468e-11 2.426053970643829261e-11 1.904501271867931968e-11 3.700358466013556157e-11 7.048196936065977280e-11 1.160994793162703567e-10 1.949768736132304565e-10 3.316807267176248873e-10 5.293412627694193878e-10 8.233339894701350650e-10 1.172425902623328855e-09 1.338665968457932604e-09 1.014742380046154410e-09 3.881770489595402634e-10 2.748111285275498910e-11 -1.312510437259528085e-10
-1.730274823782788154e-11 -8.611033535547258345e-12 -1.064585221453620967e-11 -9.329364271248308384e-12 -9.646404565860410314e-12 -1.715606487323405612e-11 -9.480215730936029147e-12 -5.568791851559466888e-12 -4.995871537997631408e-12 1.388370820711888901e-11 2.078331472766756511e-11 6.339095298863614218e-12 -1.077039446196041153e-11 -9.321274138730830907e-12 1.705206892929604839e-13 9.547987942321124469e-12 4.105364876713935450e-11 1.007306658926335404e-10 2.028917176952673665e-10 3.782792654848255952e-10 6.768861007150268370e-10 1.014742380046154410e-09 1.141661756444106209e-09 7.217149863041902975e-10 1.230381372108294419e-10 -7.849156089378641123e-11
-4.213090260510400652e-11 -9.169073032080512114e-12 -5.243025230527575672e-12 -2.718904873440106237e-12 -6.707260078696756067e-12 -1.365661034796238526e-11 -6.619361417817977870e-12 -1.290010104343670729e-12 4.343440097685082424e-13 7.179426077209660728e-12 1.186332302938058506e-11 1.630403443575026833e-12 -7.165993551543472446e-12 -1.617233079797720299e-11 -1.895818017454165026e-11 -2.253760139967822877e-11 -1.032282062959378650e-11 8.614915533337371146e-12 3.565809380932764498e-11 7.356335638340565955e-11 1.705714917292465381e-10 3.881770489595402634e-10 7.217149863041902975e-10 8.546463506555880074e-10 4.173206011818654200e-10 5.795164256256716511e-11
-3.096483556537979196e-11 4.625741820415323466e-12 -3.842837429358251816e-12 9.125182984201109414e-13 5.011991034557961026e-12 7.259260398713920684e-13 -6.776477982987811618e-12 -3.578758658881521458e-12 -6.098460225299671194e-12 -6.064973193459586683e-12 -4.711350238837308156e-12 -8.405654608655358692e-13 5.899643777510338719e-12 -5.275058171323775601e-12 -1.013730491949514134e-11 -7.069008331231727338e-12 2.080687027516869873e-12 6.395633396973076160e-12 1.172364686574324658e-11 1.877207169348516162e-11 1.673535922679623628e-11 2.748111285275498910e-11 1.230381372108294419e-10 4.173206011818654200e-10 7.694386507336554015e-10 4.131234743070394069e-10
-1.750070384146064794e-11 1.423799489197419933e-11 -9.322041949762394837e-12 1.364617505555168962e-12 7.175004358923553674e-13 5.175123678774740545e-12 -6.644640166189572420e-12 4.652211283392505382e-13 1.136291694586727891e-12 -3.866679001742888198e-12 -2.097730706123423587e-12 2.404161122068031631e-12 4.458454507665727925e-12 -4.078666176631486370e-12 -1.535310308935002442e-12 -5.886121438718494382e-12 -1.342314991228902629e-11 -3.101187229111747258e-11 -5.273918557411694212e-11 -7.252122948095498153e-11 -1.020682304755004603e-10 -1.312510437259528085e-10 -7.849156089378641123e-11 5.795164256256716511e-11 4.131234743070394069e-10 7.071257565419587832e-10
