4.829556635779564603e-11 7.193312122146756584e-12 5.155851501827448915e-12 -2.128114405680787279e-12 -3.021898517824441068e-12 -7.385093600582643977e-13 -2.861615855580566435e-12 -1.746321174702524815e-12 -2.241719789814746343e-12 -1.542276294844106555e-12 -1.340889619628915486e-12 -1.707274702616771672e-12 -1.006311323383185765e-12 3.470067712491379598e-13 8.010108026032941947e-13 1.256779408638184007e-12 1.974405550983775153e-12 -6.879800697563686149e-13 -6.979935218778799163e-12 -1.016325646094305467e-11 -1.881021710925734350e-11 -2.303465676808140085e-11 -1.611594411309620743e-11 -3.649399172386441781e-12 -3.090312126643834868e-12 -1.174106711446428226e-11
7.193312122146756584e-12 3.825256120177400092e-11 8.963766078460533558e-12 4.235927336502982995e-12 2.742394322504253580e-12 1.843043864215367410e-12 1.078436198722068784e-12 1.640307539931034441e-12 1.731392111317781356e-12 1.448898602426188001e-12 2.715420871640899661e-13 1.591121141456481449e-12 2.198976396365330350e-12 1.878750091158701332e-12 1.555205051326102358e-12 1.371641930003096417e-12 1.424555148720126185e-12 1.140562865030489054e-12 3.675729301026072848e-12 5.376679505284424139e-12 2.219178928308134000e-12 1.431518190574344486e-12 -2.616531634356418924e-12 -3.667773460362026308e-12 -5.821208612603040934e-13 -1.051363874904356525e-12
5.155851501827448915e-12 8.963766078460533558e-12 2.730685996442885292e-11 7.399419595843767358e-12 4.353273413053131434e-12 4.089838821186568530e-12 4.070457796686709020e-12 4.476952952373818435e-12 3.662759822680206238e-12 5.020175415310618255e-12 4.077758390846444049e-12 4.420931756717595980e-12 5.643212947725547584e-12 5.781996471237259382e-12 5.070898146671361272e-12 3.783313223734313704e-12 3.569334015554144281e-12 1.703109532413563557e-12 2.272276793930619061e-12 3.983701213894553985e-13 -5.836932656903627748e-12 -7.717014350634704952e-12 -8.982596677500691607e-13 1.394693362277428224e-11 1.602330556673734717e-11 9.104674827101238459e-12
-2.128114405680787279e-12 4.235927336502982995e-12 7.399419595843767358e-12 2.323224597244089563e-11 7.724116538244265883e-12 5.242947154678119511e-12 3.262524038359007300e-12 2.422152025912392425e-12 1.883030153976356554e-12 2.257251769918075466e-12 8.530238977232680254e-13 7.792901818713082707e-13 4.585235355994356867e-13 5.710715696189485947e-13 8.183862555556765584e-13 4.777154502756824828e-13 2.222828141410841946e-12 -2.125683420673007961e-14 1.524300726702043959e-12 1.799041125476060637e-12 -3.846566098037723222e-12 -6.993332011069767159e-12 -3.497692558061780274e-12 1.480231733162902861e-12 2.360753405436241443e-12 1.246776526532915680e-11
-3.021898517824441068e-12 2.742394322504253580e-12 4.353273413053131434e-12 7.724116538244265883e-12 1.552056064199249487e-11 6.452066088666681865e-12 3.495630574169647231e-12 2.168051914068794610e-12 6.706190325007738975e-13 1.057796485216293459e-12 -6.746688281964090398e-15 1.382426541956680330e-12 1.258650052242136989e-12 -1.930514776209410959e-13 8.340201207194318742e-14 8.452599501235506594e-13 3.584979960755442480e-12 5.329849965284266043e-12 8.887978665367000223e-12 1.382088076351083047e-11 1.686875212062390922e-11 1.436157915547778206e-11 6.594736887484306640e-12 -1.848248400492244167e-12 1.840040996357849925e-12 -2.526849802891952434e-12
-7.385093600582643977e-13 1.843043864215367410e-12 4.089838821186568530e-12 5.242947154678119511e-12 6.452066088666681865e-12 1.663319083594943925e-11 1.021839559368062370e-11 7.189495701042351325e-12 4.879812549045365155e-12 5.009457675258508697e-12 4.108722606588715896e-12 4.316120691590709823e-12 4.608588917750877131e-12 2.887443643016169573e-12 4.264077477192656176e-12 6.869150646879405845e-12 9.956971821792611592e-12 1.195927653994168321e-11 1.581760413824949060e-11 2.041540551483220744e-11 2.357794713693899593e-11 1.978451502207291775e-11 9.742189030094918367e-12 -3.996328330740411953e-13 3.175971841706280560e-12 1.215676231237922246e-12
-2.861615855580566435e-12 1.078436198722068784e-12 4.070457796686709020e-12 3.262524038359007300e-12 3.495630574169647231e-12 1.021839559368062370e-11 1.782227763879042086e-11 1.237350432705809908e-11 9.965536519510062029e-12 9.300177213967697566e-12 8.147714604635094904e-12 6.944957340678267831e-12 6.625110666090454400e-12 6.753509739478416316e-12 7.744167633580491463e-12 9.537367816605272067e-12 1.128805553774894069e-11 1.250480105255652567e-11 1.401846056956019004e-11 1.305967004787789546e-11 1.055581276984404190e-11 2.756865000388489017e-12 -1.293031784422408107e-12 -2.623376166497796497e-12 5.904513290247050790e-12 6.551237131419182692e-12
-1.746321174702524815e-12 1.640307539931034441e-12 4.476952952373818435e-12 2.422152025912392425e-12 2.168051914068794610e-12 7.189495701042351325e-12 1.237350432705809908e-11 1.834478721740533960e-11 1.369950647030977490e-11 1.143289069470159411e-11 9.491674274799735584e-12 8.213483833539788857e-12 8.001342281580813091e-12 8.841254923233311981e-12 9.708973580941490536e-12 1.167404562177243841e-11 1.475646793628064818e-11 1.772922833771678981e-11 1.886173575639565259e-11 1.798494011725325967e-11 1.324857297134992707e-11 1.767118160452654471e-12 -4.954291288194927663e-12 -5.329292732824376298e-12 7.059279660608964139e-12 2.602826837767900212e-12
-2.241719789814746343e-12 1.731392111317781356e-12 3.662759822680206238e-12 1.883030153976356554e-12 6.706190325007738975e-13 4.879812549045365155e-12 9.965536519510062029e-12 1.369950647030977490e-11 1.953882922927538621e-11 1.674237157666152310e-11 1.422673757948031578e-11 1.352901755544212853e-11 1.387480863680957273e-11 1.537939818763148279e-11 1.690511329129571365e-11 1.830541559883019461e-11 2.162330642969911636e-11 2.500312478230919016e-11 3.045469327116931167e-11 3.473340014711408225e-11 3.711779977984036115e-11 2.717407813796981334e-11 1.702813150091337110e-11 6.221383671202190446e-12 6.860833944407037894e-12 4.901761424869010943e-12
-1.542276294844106555e-12 1.448898602426188001e-12 5.020175415310618255e-12 2.257251769918075466e-12 1.057796485216293459e-12 5.009457675258508697e-12 9.300177213967697566e-12 1.143289069470159411e-11 1.674237157666152310e-11 2.161859516345474578e-11 1.935366985579750876e-11 1.791232247793624881e-11 1.833742604281006563e-11 1.987863840480951817e-11 2.144656347317058207e-11 2.299249047536268010e-11 2.572633602209708572e-11 2.876149977121153223e-11 3.290545875231659999e-11 3.671421493125575143e-11 3.826927633413566923e-11 2.972104555466647432e-11 2.487447857202506919e-11 1.604306885176180056e-11 7.956571822311420809e-12 -1.874709872771951987e-12
-1.340889619628915486e-12 2.715420871640899661e-13 4.077758390846444049e-12 8.530238977232680254e-13 -6.746688281964090398e-15 4.108722606588715896e-12 8.147714604635094904e-12 9.491674274799735584e-12 1.422673757948031578e-11 1.935366985579750876e-11 2.521915816858705037e-11 2.444745861192598323e-11 2.448487571866103237e-11 2.679972615054489791e-11 2.853609872351609455e-11 2.969331085932759849e-11 3.305066553764232517e-11 3.631585749346166079e-11 3.922559362873757839e-11 4.247670762944656765e-11 4.142942714622227894e-11 2.757814088663959157e-11 1.932089099216506626e-11 1.286421587754493377e-11 1.238027084498942432e-11 -4.827930007413506889e-12
-1.707274702616771672e-12 1.591121141456481449e-12 4.420931756717595980e-12 7.792901818713082707e-13 1.382426541956680330e-12 4.316120691590709823e-12 6.944957340678267831e-12 8.213483833539788857e-12 1.352901755544212853e-11 1.791232247793624881e-11 2.444745861192598323e-11 3.509416420782608339e-11 3.713606388927519605e-11 3.936266261198293831e-11 4.167227320334122517e-11 4.383190223673690523e-11 4.845941274079140393e-11 5.258693692812684402e-11 5.662241374946416771e-11 6.080139455540065403e-11 5.724492049276196394e-11 3.456254046478463785e-11 2.520171513590817431e-11 1.458786130578421669e-11 2.553806039401127756e-12 -1.037304134889915182e-11
-1.006311323383185765e-12 2.198976396365330350e-12 5.643212947725547584e-12 4.585235355994356867e-13 1.258650052242136989e-12 4.608588917750877131e-12 6.625110666090454400e-12 8.001342281580813091e-12 1.387480863680957273e-11 1.833742604281006563e-11 2.448487571866103237e-11 3.713606388927519605e-11 4.889707043084994894e-11 5.393398716370647086e-11 5.716828282340022103e-11 5.994450598468372215e-11 6.489487875230766784e-11 6.986070122901039626e-11 7.578156200093661968e-11 8.258962684168928281e-11 7.647820003468988553e-11 4.158795348780326702e-11 2.685053885332930397e-11 1.685981674610869328e-11 9.721309862191797093e-12 -6.107581131018431191e-12
3.470067712491379598e-13 1.878750091158701332e-12 5.781996471237259382e-12 5.710715696189485947e-13 -1.930514776209410959e-13 2.887443643016169573e-12 6.753509739478416316e-12 8.841254923233311981e-12 1.537939818763148279e-11 1.987863840480951817e-11 2.679972615054489791e-11 3.936266261198293831e-11 5.393398716370647086e-11 7.300593876810282661e-11 8.112019283683417971e-11 8.667295733255656949e-11 9.408248472825782368e-11 1.035472441234387080e-10 1.128927990793626588e-10 1.198257838600297545e-10 1.058092393187378037e-10 4.823171307456934145e-11 1.469253117016281708e-11 2.845004917088454164e-12 7.513648831882138381e-12 -2.693089060204777013e-12
8.010108026032941947e-13 1.555205051326102358e-12 5.070898146671361272e-12 8.183862555556765584e-13 8.340201207194318742e-14 4.264077477192656176e-12 7.744167633580491463e-12 9.708973580941490536e-12 1.690511329129571365e-11 2.144656347317058207e-11 2.853609872351609455e-11 4.167227320334122517e-11 5.716828282340022103e-11 8.112019283683417971e-11 1.063976726109702596e-10 1.213407802965845511e-10 1.360007009884668595e-10 1.508447683573069524e-10 1.639983233968447816e-10 1.735158898990055169e-10 1.601063114360483374e-10 8.351687429627706181e-11 3.103096166687054189e-11 1.759946423250257484e-12 -1.009740290572790043e-12 3.519459339681298144e-15
1.256779408638184007e-12 1.371641930003096417e-12 3.783313223734313704e-12 4.777154502756824828e-13 8.452599501235506594e-13 6.869150646879405845e-12 9.537367816605272067e-12 1.167404562177243841e-11 1.830541559883019461e-11 2.299249047536268010e-11 2.969331085932759849e-11 4.383190223673690523e-11 5.994450598468372215e-11 8.667295733255656949e-11 1.213407802965845511e-10 1.555843767664145418e-10 1.842827970804137055e-10 2.078471794640378982e-10 2.253297495960128826e-10 2.374376119763169410e-10 2.242204839698385623e-10 1.206486370576583401e-10 4.088368502945146177e-11 -2.632128605052420003e-12 -7.867159658537070562e-12 -8.961520555787715983e-12
1.974405550983775153e-12 1.424555148720126185e-12 3.569334015554144281e-12 2.222828141410841946e-12 3.584979960755442480e-12 9.956971821792611592e-12 1.128805553774894069e-11 1.475646793628064818e-11 2.162330642969911636e-11 2.572633602209708572e-11 3.305066553764232517e-11 4.845941274079140393e-11 6.489487875230766784e-11 9.408248472825782368e-11 1.360007009884668595e-10 1.842827970804137055e-10 2.419827680028456266e-10 2.869421463165052337e-10 3.164280379017499987e-10 3.380946956610194097e-10 3.229763249924234623e-10 1.799056618844099547e-10 5.838701595409046895e-11 -2.951941240550526129e-12 -1.275866507851109956e-11 -2.381608141551404182e-11
-6.879800697563686149e-13 1.140562865030489054e-12 1.703109532413563557e-12 -2.125683420673007961e-14 5.329849965284266043e-12 1.195927653994168321e-11 1.250480105255652567e-11 1.772922833771678981e-11 2.500312478230919016e-11 2.876149977121153223e-11 3.631585749346166079e-11 5.258693692812684402e-11 6.986070122901039626e-11 1.035472441234387080e-10 1.508447683573069524e-10 2.078471794640378982e-10 2.869421463165052337e-10 3.760329601752032599e-10 4.375805688744529710e-10 4.809446750421657768e-10 4.698113871185079015e-10 2.934533341886896469e-10 1.135273422557346462e-10 1.109736138356065722e-11 -2.696016577115519929e-11 -5.213494187605593711e-11
-6.979935218778799163e-12 3.675729301026072848e-12 2.272276793930619061e-12 1.524300726702043959e-12 8.887978665367000223e-12 1.581760413824949060e-11 1.401846056956019004e-11 1.886173575639565259e-11 3.045469327116931167e-11 3.290545875231659999e-11 3.922559362873757839e-11 5.662241374946416771e-11 7.578156200093661968e-11 1.128927990793626588e-10 1.639983233968447816e-10 2.253297495960128826e-10 3.164280379017499987e-10 4.375805688744529710e-10 5.614506813918519314e-10 6.592023742312624798e-10 6.751551663347928607e-10 4.798973087465556174e-10 2.182671033163036050e-10 3.651494477523323326e-11 -3.155888338434456694e-11 -6.854588417508098446e-11
-1.016325646094305467e-11 5.376679505284424139e-12 3.983701213894553985e-13 1.799041125476060637e-12 1.382088076351083047e-11 2.041540551483220744e-11 1.305967004787789546e-11 1.798494011725325967e-11 3.473340014711408225e-11 3.671421493125575143e-11 4.247670762944656765e-11 6.080139455540065403e-11 8.258962684168928281e-11 1.198257838600297545e-10 1.735158898990055169e-10 2.374376119763169410e-10 3.380946956610194097e-10 4.809446750421657768e-10 6.592023742312624798e-10 8.520043133768089513e-10 9.400519796917439130e-10 7.547465403180683138e-10 4.033952064268778862e-10 8.551520121509236391e-11 -3.582994538636675305e-11 -9.564179694646271450e-11
-1.881021710925734350e-11 2.219178928308134000e-12 -5.836932656903627748e-12 -3.846566098037723222e-12 1.686875212062390922e-11 2.357794713693899593e-11 1.055581276984404190e-11 1.324857297134992707e-11 3.711779977984036115e-11 3.826927633413566923e-11 4.142942714622227894e-11 5.724492049276196394e-11 7.647820003468988553e-11 1.058092393187378037e-10 1.601063114360483374e-10 2.242204839698385623e-10 3.229763249924234623e-10 4.698113871185079015e-10 6.751551663347928607e-10 9.400519796917439130e-10 1.149920164580180100e-09 1.047777204741323596e-09 6.504407931654697434e-10 1.558755652246366388e-10 -6.018205030615783317e-11 -1.358479690487428957e-10
-2.303465676808140085e-11 1.431518190574344486e-12 -7.717014350634704952e-12 -6.993332011069767159e-12 1.436157915547778206e-11 1.978451502207291775e-11 2.756865000388489017e-12 1.767118160452654471e-12 2.717407813796981334e-11 2.972104555466647432e-11 2.757814088663959157e-11 3.456254046478463785e-11 4.158795348780326702e-11 4.823171307456934145e-11 8.351687429627706181e-11 1.206486370576583401e-10 1.799056618844099547e-10 2.934533341886896469e-10 4.798973087465556174e-10 7.547465403180683138e-10 1.047777204741323596e-09 1.185583907668913217e-09 9.251370788366346701e-10 3.353324795100385414e-10 -5.564863514502639429e-11 -1.534203654078086975e-10
-1.611594411309620743e-11 -2.616531634356418924e-12 -8.982596677500691607e-13 -3.497692558061780274e-12 6.594736887484306640e-12 9.742189030094918367e-12 -1.293031784422408107e-12 -4.954291288194927663e-12 1.702813150091337110e-11 2.487447857202506919e-11 1.932089099216506626e-11 2.520171513590817431e-11 2.685053885332930397e-11 1.469253117016281708e-11 3.103096166687054189e-11 4.088368502945146177e-11 5.838701595409046895e-11 1.135273422557346462e-10 2.182671033163036050e-10 4.033952064268778862e-10 6.504407931654697434e-10 9.251370788366346701e-10 1.029073590320374817e-09 6.410744029103569165e-10 4.889606362464855046e-11 -1.212056288125746164e-10
-3.649399172386441781e-12 -3.667773460362026308e-12 1.394693362277428224e-11 1.480231733162902861e-12 -1.848248400492244167e-12 -3.996328330740411953e-13 -2.623376166497796497e-12 -5.329292732824376298e-12 6.221383671202190446e-12 1.604306885176180056e-11 1.286421587754493377e-11 1.458786130578421669e-11 1.685981674610869328e-11 2.845004917088454164e-12 1.759946423250257484e-12 -2.632128605052420003e-12 -2.951941240550526129e-12 1.109736138356065722e-11 3.651494477523323326e-11 8.551520121509236391e-11 1.558755652246366388e-10 3.353324795100385414e-10 6.410744029103569165e-10 7.590923173286107065e-10 3.245332200602128941e-10 -1.673621640452525501e-11
-3.090312126643834868e-12 -5.821208612603040934e-13 1.602330556673734717e-11 2.360753405436241443e-12 1.840040996357849925e-12 3.175971841706280560e-12 5.904513290247050790e-12 7.059279660608964139e-12 6.860833944407037894e-12 7.956571822311420809e-12 1.238027084498942432e-11 2.553806039401127756e-12 9.721309862191797093e-12 7.513648831882138381e-12 -1.009740290572790043e-12 -7.867159658537070562e-12 -1.275866507851109956e-11 -2.696016577115519929e-11 -3.155888338434456694e-11 -3.582994538636675305e-11 -6.018205030615783317e-11 -5.564863514502639429e-11 4.889606362464855046e-11 3.245332200602128941e-10 6.377089281643084320e-10 3.372561387042525397e-10
-1.174106711446428226e-11 -1.051363874904356525e-12 9.104674827101238459e-12 1.246776526532915680e-11 -2.526849802891952434e-12 1.215676231237922246e-12 6.551237131419182692e-12 2.602826837767900212e-12 4.901761424869010943e-12 -1.874709872771951987e-12 -4.827930007413506889e-12 -1.037304134889915182e-11 -6.107581131018431191e-12 -2.693089060204777013e-12 3.519459339681298144e-15 -8.961520555787715983e-12 -2.381608141551404182e-11 -5.213494187605593711e-11 -6.854588417508098446e-11 -9.564179694646271450e-11 -1.358479690487428957e-10 -1.534203654078086975e-10 -1.212056288125746164e-10 -1.673621640452525501e-11 3.372561387042525397e-10 6.663233363846688079e-10
