6.527609537497979735e-11 1.719755233717959565e-11 9.134837736096253282e-12 3.361647365392115046e-12 4.755986007267451672e-12 1.312291591963054573e-12 8.871467338060942597e-13 -6.877090950065287366e-13 -1.559704333753805016e-12 -3.308710325340368394e-12 -3.689917251204521708e-12 -3.969102837612343631e-12 -5.977756299833470580e-12 -7.007627884147333268e-12 -5.502083874657236764e-12 -4.826594870281254413e-12 -9.078838323416517772e-13 -8.917116846587926799e-14 -2.346400519276030602e-12 -6.307866632353802991e-13 2.771669946933249704e-12 2.554414265667314404e-12 1.905949712828108185e-12 7.939032842844628782e-12 7.838443305745131404e-12 -2.997776908905701532e-12
1.719755233717959565e-11 3.836176652310193234e-11 1.085370350354163729e-11 7.245724868353463156e-12 4.625868319356264417e-12 3.711225816657391721e-12 3.761584914557277570e-12 3.216436249964334532e-12 1.492919707064049823e-12 2.396036452852714931e-13 -1.541310292197652794e-12 -2.622970016980192847e-12 -3.059153421997879540e-12 -3.747193764975799295e-12 -2.296615839485724995e-12 3.244046274809894635e-13 3.813596200623301649e-12 7.086338442978998587e-12 9.307210999452686388e-12 8.033502011787078960e-12 7.689107757042556012e-12 4.352211350556600527e-12 7.561527700950143633e-12 1.163330056195011032e-11 -7.574588628441098362e-12 -1.885823376783404940e-11
9.134837736096253282e-12 1.085370350354163729e-11 3.723339226881977624e-11 1.155436945926482217e-11 4.230297083009541996e-12 4.880735195692119825e-12 4.275291770738261144e-12 2.358157927346450616e-12 1.258748628307621303e-12 -1.524080119913026907e-14 -4.431508500582488540e-13 -2.250115287156033234e-12 -2.436689519768597512e-12 2.006763874112464525e-13 2.397770583888624893e-12 3.688754948303249847e-12 7.329850343215525719e-12 1.155912862430094702e-11 1.778474771462319897e-11 1.991657187685683962e-11 1.875932004237740313e-11 9.867915464792326320e-12 -2.384339043880315449e-13 -1.510924286508471806e-12 -4.606713505825868868e-12 -2.542955580867728471e-11
3.361647365392115046e-12 7.245724868353463156e-12 1.155436945926482217e-11 2.892638633220639204e-11 1.230645595935248219e-11 7.256427142003275029e-12 6.131374385601511910e-12 2.892866633235788672e-12 9.224146179364274224e-13 6.602104333342658489e-13 6.768201149331082542e-13 -5.464661919792844085e-14 -1.266830925382863953e-12 -1.457948196686734654e-13 2.709083362044628516e-12 3.539394698371585320e-12 5.878399141830708520e-12 7.577892420720754293e-12 8.697666749863651088e-12 1.121560926023665541e-11 1.172878026747452141e-11 7.170909133131372916e-12 7.005849281572767521e-12 1.425850031834361184e-11 1.585012501443490913e-11 -8.460767011236761512e-12
4.755986007267451672e-12 4.625868319356264417e-12 4.230297083009541996e-12 1.230645595935248219e-11 2.329555457610809552e-11 1.084180858076554198e-11 8.010171577339369854e-12 4.441551326163403025e-12 3.627741650020560560e-12 3.137513702386924717e-12 2.692571513193481661e-12 3.040306528611922526e-12 1.809272141983686715e-12 1.497011354216787909e-12 3.889930762011505219e-12 4.501250419272093612e-12 6.432331853905337145e-12 8.994251461861115266e-12 1.136071395317711695e-11 1.512061028369470170e-11 1.919165679541400123e-11 1.736227668454568881e-11 1.349202966749113675e-11 1.043801766754915474e-11 2.384751686699937902e-12 -7.693431467495760037e-12
1.312291591963054573e-12 3.711225816657391721e-12 4.880735195692119825e-12 7.256427142003275029e-12 1.084180858076554198e-11 1.936219611846154622e-11 9.106676884341237506e-12 4.033677860834545560e-12 2.847140797385775222e-12 2.374286850557363195e-12 7.317984289414105768e-13 1.190415229953990909e-12 3.177185846181187763e-13 2.052944849068738425e-13 1.070060681630407334e-12 2.695131057962502219e-12 4.165092315267989979e-12 7.021241354117931727e-12 9.917502319090786320e-12 1.212717888115488311e-11 1.000489694358669803e-11 6.081995879117564711e-12 2.051428271242045865e-12 4.511400155222972301e-12 1.921574505175236552e-12 -5.973025757170428888e-12
8.871467338060942597e-13 3.761584914557277570e-12 4.275291770738261144e-12 6.131374385601511910e-12 8.010171577339369854e-12 9.106676884341237506e-12 1.509384277215548644e-11 7.345903221163546290e-12 4.796135868731349295e-12 4.088965912490308251e-12 3.503347530734572370e-12 3.257042448335467265e-12 2.481584302109241972e-12 2.609786976881128469e-12 3.835374276306594874e-12 4.834429285795685651e-12 6.387075559645888165e-12 8.472862659795368429e-12 1.178322663127513686e-11 1.249892287574797147e-11 1.114415774955631692e-11 3.464846982695775393e-12 -1.364553830389464043e-12 -3.333534951484609732e-12 -3.093726788396598907e-12 -4.952572305231009298e-12
-6.877090950065287366e-13 3.216436249964334532e-12 2.358157927346450616e-12 2.892866633235788672e-12 4.441551326163403025e-12 4.033677860834545560e-12 7.345903221163546290e-12 1.459187080559761417e-11 1.078301430307000387e-11 7.820843303696732268e-12 6.410093439129824261e-12 5.159136927900662308e-12 4.889955487720900963e-12 4.653975261156267731e-12 5.006423167795027252e-12 4.411592711930377639e-12 5.762096183941449693e-12 6.393510603688247930e-12 7.935286297274278415e-12 8.050336866356963071e-12 7.785128962449204502e-12 7.361874004358990099e-12 1.160770829785114254e-11 1.135637132589284611e-11 1.065637527262742343e-12 -4.679657581206199304e-12
-1.559704333753805016e-12 1.492919707064049823e-12 1.258748628307621303e-12 9.224146179364274224e-13 3.627741650020560560e-12 2.847140797385775222e-12 4.796135868731349295e-12 1.078301430307000387e-11 1.658778395200410644e-11 1.217422535493092022e-11 1.076560437455118847e-11 8.747738789211852853e-12 8.866775931749244478e-12 8.630132624865492681e-12 8.328141300724865517e-12 7.509317392482106266e-12 9.153939270415665338e-12 1.037283648932704492e-11 1.251011023856763171e-11 1.303291423501977494e-11 1.305390365164973179e-11 9.680493102047844999e-12 1.402584105086430735e-11 1.463351449399945583e-11 5.095651796598484920e-12 -3.399727959822784438e-12
-3.308710325340368394e-12 2.396036452852714931e-13 -1.524080119913026907e-14 6.602104333342658489e-13 3.137513702386924717e-12 2.374286850557363195e-12 4.088965912490308251e-12 7.820843303696732268e-12 1.217422535493092022e-11 1.875921627901829072e-11 1.567148476425579395e-11 1.197695802570311277e-11 1.226996958992510840e-11 1.201254794380288379e-11 1.107930632078942599e-11 1.119965500520670483e-11 1.273961112246220536e-11 1.450597210862050136e-11 1.498407990821493347e-11 1.576426198244484649e-11 1.474201746289677202e-11 7.130924059631350959e-12 1.124020923864390495e-11 1.359521495776069799e-11 8.057611321117045368e-12 -2.844768838229722457e-15
-3.689917251204521708e-12 -1.541310292197652794e-12 -4.431508500582488540e-13 6.768201149331082542e-13 2.692571513193481661e-12 7.317984289414105768e-13 3.503347530734572370e-12 6.410093439129824261e-12 1.076560437455118847e-11 1.567148476425579395e-11 2.122696879105784687e-11 1.817330872575932586e-11 1.811733805912567716e-11 1.624463241284493452e-11 1.514620574302453404e-11 1.517502092276791474e-11 1.607891084495093223e-11 1.775395390124227798e-11 1.965152460411467353e-11 2.249287341322922475e-11 2.300999584789290514e-11 1.506194899951577126e-11 1.493185446723847282e-11 1.430534280889816614e-11 1.148344594013367318e-11 -7.921540260396311418e-13
-3.969102837612343631e-12 -2.622970016980192847e-12 -2.250115287156033234e-12 -5.464661919792844085e-14 3.040306528611922526e-12 1.190415229953990909e-12 3.257042448335467265e-12 5.159136927900662308e-12 8.747738789211852853e-12 1.197695802570311277e-11 1.817330872575932586e-11 2.344961286568744953e-11 2.414824623263425027e-11 2.191310742154406025e-11 1.982896129126794127e-11 1.977869086355551003e-11 2.030360889136863156e-11 2.297337594856237755e-11 2.475601079252608521e-11 2.790066943538931071e-11 2.626216065559770571e-11 1.265406993740561133e-11 9.902640701853178912e-12 8.208176126281210330e-12 1.318898934009787900e-11 9.053095126690830964e-12
-5.977756299833470580e-12 -3.059153421997879540e-12 -2.436689519768597512e-12 -1.266830925382863953e-12 1.809272141983686715e-12 3.177185846181187763e-13 2.481584302109241972e-12 4.889955487720900963e-12 8.866775931749244478e-12 1.226996958992510840e-11 1.811733805912567716e-11 2.414824623263425027e-11 3.420122830484574388e-11 3.349536143627413003e-11 3.156707578715559683e-11 3.359433566760539947e-11 3.495627291171747069e-11 3.958941692665567408e-11 4.341872575717162349e-11 4.634199397121966504e-11 4.259010588209773533e-11 1.992609933257191974e-11 1.172249600941194444e-11 8.969568814225041788e-12 1.398098273313144798e-11 9.381227157769473207e-12
-7.007627884147333268e-12 -3.747193764975799295e-12 2.006763874112464525e-13 -1.457948196686734654e-13 1.497011354216787909e-12 2.052944849068738425e-13 2.609786976881128469e-12 4.653975261156267731e-12 8.630132624865492681e-12 1.201254794380288379e-11 1.624463241284493452e-11 2.191310742154406025e-11 3.349536143627413003e-11 4.204231316126557008e-11 4.406411816125362583e-11 4.826248173837439286e-11 5.205351681738770311e-11 5.974754153248587040e-11 6.666394412032845906e-11 7.111598939429511690e-11 6.105548187901582348e-11 2.173983836526942074e-11 6.527459647739672770e-12 1.087651514721484109e-11 1.596891657796693188e-11 6.043723887146794527e-12
-5.502083874657236764e-12 -2.296615839485724995e-12 2.397770583888624893e-12 2.709083362044628516e-12 3.889930762011505219e-12 1.070060681630407334e-12 3.835374276306594874e-12 5.006423167795027252e-12 8.328141300724865517e-12 1.107930632078942599e-11 1.514620574302453404e-11 1.982896129126794127e-11 3.156707578715559683e-11 4.406411816125362583e-11 5.996040281637727670e-11 7.100662013400024395e-11 8.059134837335689313e-11 9.219643299461893615e-11 1.025465424162936534e-10 1.086832597914299769e-10 9.072930050934115661e-11 3.153111693093548385e-11 3.838827441710466697e-12 1.544707476679497686e-11 2.292831790517725579e-11 6.624222178642745760e-12
-4.826594870281254413e-12 3.244046274809894635e-13 3.688754948303249847e-12 3.539394698371585320e-12 4.501250419272093612e-12 2.695131057962502219e-12 4.834429285795685651e-12 4.411592711930377639e-12 7.509317392482106266e-12 1.119965500520670483e-11 1.517502092276791474e-11 1.977869086355551003e-11 3.359433566760539947e-11 4.826248173837439286e-11 7.100662013400024395e-11 1.002286772654039931e-10 1.221307826476452432e-10 1.426383158054585406e-10 1.582920625901914460e-10 1.681672003343196610e-10 1.439105392708637343e-10 5.668989520526593302e-11 5.523610698021824352e-12 2.071950362931726321e-11 3.132936293285575667e-11 1.044375108313659564e-11
-9.078838323416517772e-13 3.813596200623301649e-12 7.329850343215525719e-12 5.878399141830708520e-12 6.432331853905337145e-12 4.165092315267989979e-12 6.387075559645888165e-12 5.762096183941449693e-12 9.153939270415665338e-12 1.273961112246220536e-11 1.607891084495093223e-11 2.030360889136863156e-11 3.495627291171747069e-11 5.205351681738770311e-11 8.059134837335689313e-11 1.221307826476452432e-10 1.709593345606002700e-10 2.083155756772148572e-10 2.338675375621694791e-10 2.490090172051379964e-10 2.195165774873575139e-10 1.005716901779895976e-10 9.045699734377811592e-12 1.921788254937777596e-11 3.206167441074289911e-11 6.229627157817738448e-12
-8.917116846587926799e-14 7.086338442978998587e-12 1.155912862430094702e-11 7.577892420720754293e-12 8.994251461861115266e-12 7.021241354117931727e-12 8.472862659795368429e-12 6.393510603688247930e-12 1.037283648932704492e-11 1.450597210862050136e-11 1.775395390124227798e-11 2.297337594856237755e-11 3.958941692665567408e-11 5.974754153248587040e-11 9.219643299461893615e-11 1.426383158054585406e-10 2.083155756772148572e-10 2.772868511425326330e-10 3.222047136334303654e-10 3.435466509501734618e-10 3.103761886650189509e-10 1.631015962034341646e-10 2.197917260999179757e-11 1.974050167920202329e-11 2.885247956207530618e-11 -1.293084704861927995e-12
-2.346400519276030602e-12 9.307210999452686388e-12 1.778474771462319897e-11 8.697666749863651088e-12 1.136071395317711695e-11 9.917502319090786320e-12 1.178322663127513686e-11 7.935286297274278415e-12 1.251011023856763171e-11 1.498407990821493347e-11 1.965152460411467353e-11 2.475601079252608521e-11 4.341872575717162349e-11 6.666394412032845906e-11 1.025465424162936534e-10 1.582920625901914460e-10 2.338675375621694791e-10 3.222047136334303654e-10 4.055130606362556040e-10 4.512984255091989922e-10 4.233787714821728694e-10 2.586897193606446077e-10 6.313544676084635861e-11 3.118566988366302365e-11 3.177247184977141470e-11 -7.878745318257922099e-12
-6.307866632353802991e-13 8.033502011787078960e-12 1.991657187685683962e-11 1.121560926023665541e-11 1.512061028369470170e-11 1.212717888115488311e-11 1.249892287574797147e-11 8.050336866356963071e-12 1.303291423501977494e-11 1.576426198244484649e-11 2.249287341322922475e-11 2.790066943538931071e-11 4.634199397121966504e-11 7.111598939429511690e-11 1.086832597914299769e-10 1.681672003343196610e-10 2.490090172051379964e-10 3.435466509501734618e-10 4.512984255091989922e-10 5.562235281389572315e-10 5.634199893677562460e-10 4.002327445657991431e-10 1.483329184350018353e-10 5.182228446836888375e-11 3.907086847382672693e-11 -1.485830766315820251e-11
2.771669946933249704e-12 7.689107757042556012e-12 1.875932004237740313e-11 1.172878026747452141e-11 1.919165679541400123e-11 1.000489694358669803e-11 1.114415774955631692e-11 7.785128962449204502e-12 1.305390365164973179e-11 1.474201746289677202e-11 2.300999584789290514e-11 2.626216065559770571e-11 4.259010588209773533e-11 6.105548187901582348e-11 9.072930050934115661e-11 1.439105392708637343e-10 2.195165774873575139e-10 3.103761886650189509e-10 4.233787714821728694e-10 5.634199893677562460e-10 6.500662930839755403e-10 5.569867488251709423e-10 2.940981114907568993e-10 9.409983563606292812e-11 2.109860856368698911e-11 -2.887520139344908860e-11
2.554414265667314404e-12 4.352211350556600527e-12 9.867915464792326320e-12 7.170909133131372916e-12 1.736227668454568881e-11 6.081995879117564711e-12 3.464846982695775393e-12 7.361874004358990099e-12 9.680493102047844999e-12 7.130924059631350959e-12 1.506194899951577126e-11 1.265406993740561133e-11 1.992609933257191974e-11 2.173983836526942074e-11 3.153111693093548385e-11 5.668989520526593302e-11 1.005716901779895976e-10 1.631015962034341646e-10 2.586897193606446077e-10 4.002327445657991431e-10 5.569867488251709423e-10 6.438652731053172821e-10 4.722659534229275707e-10 1.838792376021317367e-10 -2.632826750750966847e-12 -4.144860831036855151e-11
1.905949712828108185e-12 7.561527700950143633e-12 -2.384339043880315449e-13 7.005849281572767521e-12 1.349202966749113675e-11 2.051428271242045865e-12 -1.364553830389464043e-12 1.160770829785114254e-11 1.402584105086430735e-11 1.124020923864390495e-11 1.493185446723847282e-11 9.902640701853178912e-12 1.172249600941194444e-11 6.527459647739672770e-12 3.838827441710466697e-12 5.523610698021824352e-12 9.045699734377811592e-12 2.197917260999179757e-11 6.313544676084635861e-11 1.483329184350018353e-10 2.940981114907568993e-10 4.722659534229275707e-10 5.357130143871450826e-10 3.361974058135738091e-10 4.710943184167773524e-11 -1.677838425771280517e-11
7.939032842844628782e-12 1.163330056195011032e-11 -1.510924286508471806e-12 1.425850031834361184e-11 1.043801766754915474e-11 4.511400155222972301e-12 -3.333534951484609732e-12 1.135637132589284611e-11 1.463351449399945583e-11 1.359521495776069799e-11 1.430534280889816614e-11 8.208176126281210330e-12 8.969568814225041788e-12 1.087651514721484109e-11 1.544707476679497686e-11 2.071950362931726321e-11 1.921788254937777596e-11 1.974050167920202329e-11 3.118566988366302365e-11 5.182228446836888375e-11 9.409983563606292812e-11 1.838792376021317367e-10 3.361974058135738091e-10 4.415792922980350555e-10 2.464164805922658141e-10 5.386031375063232514e-11
7.838443305745131404e-12 -7.574588628441098362e-12 -4.606713505825868868e-12 1.585012501443490913e-11 2.384751686699937902e-12 1.921574505175236552e-12 -3.093726788396598907e-12 1.065637527262742343e-12 5.095651796598484920e-12 8.057611321117045368e-12 1.148344594013367318e-11 1.318898934009787900e-11 1.398098273313144798e-11 1.596891657796693188e-11 2.292831790517725579e-11 3.132936293285575667e-11 3.206167441074289911e-11 2.885247956207530618e-11 3.177247184977141470e-11 3.907086847382672693e-11 2.109860856368698911e-11 -2.632826750750966847e-12 4.710943184167773524e-11 2.464164805922658141e-10 4.266390917740859165e-10 2.350890578762020541e-10
-2.997776908905701532e-12 -1.885823376783404940e-11 -2.542955580867728471e-11 -8.460767011236761512e-12 -7.693431467495760037e-12 -5.973025757170428888e-12 -4.952572305231009298e-12 -4.679657581206199304e-12 -3.399727959822784438e-12 -2.844768838229722457e-15 -7.921540260396311418e-13 9.053095126690830964e-12 9.381227157769473207e-12 6.043723887146794527e-12 6.624222178642745760e-12 1.044375108313659564e-11 6.229627157817738448e-12 -1.293084704861927995e-12 -7.878745318257922099e-12 -1.485830766315820251e-11 -2.887520139344908860e-11 -4.144860831036855151e-11 -1.677838425771280517e-11 5.386031375063232514e-11 2.350890578762020541e-10 3.918673880685570693e-10
