5.069934363184218115e-11 8.441106123645908519e-12 2.592720535369996786e-12 -1.774440351088014742e-14 5.937602022663297792e-14 2.300879054889072057e-12 2.588706202137784084e-12 1.972146686561750134e-12 -5.898300293965092190e-13 -2.683006148572407628e-13 1.602056766515734370e-13 -3.672260781312993148e-12 -6.826876234684126073e-12 -6.788461810675817314e-12 -6.055491719124224165e-12 -3.308073656624308062e-12 -4.831715508291095592e-13 -1.315282362165803459e-13 -1.509840499824128843e-12 -2.711409965577403122e-12 -4.369867943240021103e-13 5.085589152818245803e-12 5.474367587683668476e-12 1.015443898970226248e-11 1.251849007209207962e-11 -4.677971589029385277e-13
8.441106123645908519e-12 4.092940510194634000e-11 1.126388796162207866e-11 5.050496937912784317e-12 3.078022861063341445e-12 3.136284253333943453e-12 2.801251383115367198e-12 8.253441471141316000e-13 -1.718759024260919860e-13 -5.245966264315003471e-13 -1.391978315627441181e-12 -7.699757143866275893e-13 -1.113127699462994194e-12 -1.473766630153813380e-15 9.006629647423769977e-13 2.106679322686501519e-12 4.845390654657789191e-12 2.285398173844052750e-12 2.262258206051353535e-12 4.550191705040328727e-12 4.182135827596878404e-12 5.862351223682545901e-12 8.007382463594069915e-12 8.725131464013518012e-12 7.675439144816875147e-12 3.020552181741143270e-12
2.592720535369996786e-12 1.126388796162207866e-11 3.057972306329237827e-11 9.306304401238882856e-12 3.631252638102612193e-12 4.206597123401036677e-12 3.916299564672601525e-12 9.882122974131959980e-13 4.556771066187175541e-13 1.724709233396226919e-12 2.132702140720477882e-12 1.609178765857554690e-12 1.143959119492647642e-12 1.324099969744630731e-12 1.121928371131696648e-12 1.783142714243833818e-12 2.746998202510137406e-12 4.600958184884284035e-13 -5.922790216526564539e-13 1.705036001419297474e-13 2.192303891954478348e-12 2.590571614192185411e-12 6.289894285356459207e-12 6.264172533772560789e-12 5.480358562399551540e-12 2.947539579729436592e-12
-1.774440351088014742e-14 5.050496937912784317e-12 9.306304401238882856e-12 2.347188030318738592e-11 9.484026639241201464e-12 6.248565750960255990e-12 4.406796753103076692e-12 2.290574767760942130e-12 1.797897375124050780e-12 7.501304820219203943e-13 1.711337662140141214e-12 8.771252533387571279e-13 4.829711021771798021e-13 1.159555693184493104e-12 2.262107824397787773e-12 2.232146337614820426e-12 2.501213574360841061e-12 1.943682084448179378e-12 3.891638222632627213e-12 6.110476523784943618e-12 6.745062376320895656e-12 8.889440285983913545e-12 7.002546940376828081e-12 2.953129771952836493e-12 3.325757186494333511e-12 6.746511957609660578e-12
5.937602022663297792e-14 3.078022861063341445e-12 3.631252638102612193e-12 9.484026639241201464e-12 1.824665562484192048e-11 9.921346943415686131e-12 7.035931358251459685e-12 4.278407506147863507e-12 3.608885943288284852e-12 3.015548416430412801e-12 2.370865068286421161e-12 1.613298976747118561e-12 6.544103221226015716e-13 3.691203703059566783e-13 3.252469710639435744e-13 6.441244626955835207e-13 1.995519350426641414e-12 1.284075620308783305e-12 1.470034646110827391e-12 4.049482276968302852e-12 6.119960921333544387e-12 6.881397233563344634e-12 4.668789815292204535e-12 -3.045553195784296538e-12 -2.766517208695323012e-13 6.671070718406768492e-12
2.300879054889072057e-12 3.136284253333943453e-12 4.206597123401036677e-12 6.248565750960255990e-12 9.921346943415686131e-12 1.711223742764666244e-11 9.670443126883524511e-12 6.548211017897214761e-12 5.448670689569688327e-12 3.377803503385763749e-12 2.278790387514421587e-12 1.435715699652930087e-12 1.510294559597336219e-12 3.918678479408987016e-13 1.358418460464170887e-12 2.162604688562494891e-12 2.212305289489711471e-12 1.148037136616137358e-13 -8.520606612182674700e-13 8.830791857238735326e-13 2.172028635962404534e-12 2.893278637360725471e-12 7.155721466702567200e-13 -4.405301928846373410e-12 2.660310698027842689e-12 6.825098685548330068e-12
2.588706202137784084e-12 2.801251383115367198e-12 3.916299564672601525e-12 4.406796753103076692e-12 7.035931358251459685e-12 9.670443126883524511e-12 1.560042298671902234e-11 1.019119262557466941e-11 7.692375954173560449e-12 5.291706282844374021e-12 3.389567712143508943e-12 2.403452429184798009e-12 1.310669829401190960e-12 1.179242369364457553e-12 2.127540884216911412e-12 4.593643219343524953e-12 6.001532499375490355e-12 4.877364820137113512e-12 5.347286256165260827e-12 7.105438534782905586e-12 7.870296278141257118e-12 6.185534903847809343e-12 3.535160298966373429e-12 -8.688709282298946635e-13 1.923213982995649085e-12 9.471592423762765016e-13
1.972146686561750134e-12 8.253441471141316000e-13 9.882122974131959980e-13 2.290574767760942130e-12 4.278407506147863507e-12 6.548211017897214761e-12 1.019119262557466941e-11 1.589562353575019847e-11 1.130362559752357781e-11 8.246963066495309805e-12 6.151992349001173014e-12 5.355956030432637776e-12 3.592534897247885124e-12 2.839575899726178538e-12 2.812437676014449730e-12 5.238973682374964568e-12 7.493796978284824794e-12 6.613260991912255905e-12 7.838733244968161299e-12 8.711662973243970846e-12 7.721815228892668724e-12 3.649884375957062807e-12 -1.109175658835937082e-12 -5.519587692266043224e-12 -4.048959339157699601e-12 -7.856652562354689565e-12
-5.898300293965092190e-13 -1.718759024260919860e-13 4.556771066187175541e-13 1.797897375124050780e-12 3.608885943288284852e-12 5.448670689569688327e-12 7.692375954173560449e-12 1.130362559752357781e-11 1.698538994461017893e-11 1.202644488730953620e-11 8.925777439616027461e-12 8.003312472940166762e-12 5.862654434382588110e-12 5.479295702705546861e-12 4.430702055024647304e-12 5.091227355932984035e-12 7.399099195755187168e-12 6.052841160765730371e-12 6.321412429007017991e-12 6.046144755860359201e-12 3.711854721036292356e-12 1.403206945400275091e-12 9.864407169933920984e-13 -2.310965424743620439e-12 -4.276989246020165790e-12 -3.798209883730631011e-12
-2.683006148572407628e-13 -5.245966264315003471e-13 1.724709233396226919e-12 7.501304820219203943e-13 3.015548416430412801e-12 3.377803503385763749e-12 5.291706282844374021e-12 8.246963066495309805e-12 1.202644488730953620e-11 1.552316857864918115e-11 1.244760528981433565e-11 9.728019465562421421e-12 7.743697764554329439e-12 6.941322291357962561e-12 5.865076906498385533e-12 6.646607462845824744e-12 7.914678789786466218e-12 6.926351833704704021e-12 6.648339898544351817e-12 7.103473313009474309e-12 5.651285519538137812e-12 1.190461294752139710e-12 -1.438605244978691928e-12 -5.332813536750927568e-12 -3.830194798297535278e-12 -7.152987057806730805e-12
1.602056766515734370e-13 -1.391978315627441181e-12 2.132702140720477882e-12 1.711337662140141214e-12 2.370865068286421161e-12 2.278790387514421587e-12 3.389567712143508943e-12 6.151992349001173014e-12 8.925777439616027461e-12 1.244760528981433565e-11 1.688394300928209311e-11 1.419530409932135188e-11 1.111249351990751108e-11 9.933674313697709953e-12 9.012649043775327585e-12 9.294512047818630735e-12 9.531026374384923722e-12 9.298638980377893611e-12 9.203556036424313963e-12 9.518681222295095454e-12 6.773171723065177789e-12 -1.619408935700582533e-12 -5.559274866022858810e-12 -8.699036864108810417e-12 -5.901344841068250307e-12 -5.315822500261914635e-12
-3.672260781312993148e-12 -7.699757143866275893e-13 1.609178765857554690e-12 8.771252533387571279e-13 1.613298976747118561e-12 1.435715699652930087e-12 2.403452429184798009e-12 5.355956030432637776e-12 8.003312472940166762e-12 9.728019465562421421e-12 1.419530409932135188e-11 2.089026111792301722e-11 1.936092226786256380e-11 1.752649237252732625e-11 1.556588034246361167e-11 1.435020473640665130e-11 1.362082282942041092e-11 1.274517185843971184e-11 1.221714156292587834e-11 1.334460916409914727e-11 8.707717299380981766e-12 -1.940552917764263359e-12 -2.680399036376796991e-12 -5.263462817433901202e-12 -6.401949565739805491e-12 -2.818704837758700394e-12
-6.826876234684126073e-12 -1.113127699462994194e-12 1.143959119492647642e-12 4.829711021771798021e-13 6.544103221226015716e-13 1.510294559597336219e-12 1.310669829401190960e-12 3.592534897247885124e-12 5.862654434382588110e-12 7.743697764554329439e-12 1.111249351990751108e-11 1.936092226786256380e-11 2.702044329508439662e-11 2.589412290180921767e-11 2.355322367998665124e-11 2.203646642572435219e-11 2.103947047954039245e-11 2.128062815836489516e-11 2.122098162601521804e-11 2.196531868153419611e-11 1.371172173386860063e-11 -3.726273207638453422e-12 -4.113574548853116112e-12 -1.191970374536460822e-12 -6.530984561360642630e-12 -5.811489879674189471e-12
-6.788461810675817314e-12 -1.473766630153813380e-15 1.324099969744630731e-12 1.159555693184493104e-12 3.691203703059566783e-13 3.918678479408987016e-13 1.179242369364457553e-12 2.839575899726178538e-12 5.479295702705546861e-12 6.941322291357962561e-12 9.933674313697709953e-12 1.752649237252732625e-11 2.589412290180921767e-11 3.456117132155790578e-11 3.537488655397958023e-11 3.498648295637266473e-11 3.432472324879154268e-11 3.476580100376173886e-11 3.572775010919853837e-11 3.731473525069674768e-11 2.789123624064322499e-11 1.578311954856924335e-12 -3.297352168080294422e-12 -3.792735537182824099e-13 -4.996714617256819503e-12 -3.661778408982984410e-12
-6.055491719124224165e-12 9.006629647423769977e-13 1.121928371131696648e-12 2.262107824397787773e-12 3.252469710639435744e-13 1.358418460464170887e-12 2.127540884216911412e-12 2.812437676014449730e-12 4.430702055024647304e-12 5.865076906498385533e-12 9.012649043775327585e-12 1.556588034246361167e-11 2.355322367998665124e-11 3.537488655397958023e-11 4.742697989279467149e-11 5.055359339415356742e-11 5.045176139304618975e-11 5.123416574728185498e-11 5.256557785052870153e-11 5.659617503814147820e-11 4.702460111091650894e-11 1.028471220362924703e-11 -2.606344394235359828e-12 -2.688844960015191969e-12 -3.530084137260039877e-12 -2.362783178492879159e-12
-3.308073656624308062e-12 2.106679322686501519e-12 1.783142714243833818e-12 2.232146337614820426e-12 6.441244626955835207e-13 2.162604688562494891e-12 4.593643219343524953e-12 5.238973682374964568e-12 5.091227355932984035e-12 6.646607462845824744e-12 9.294512047818630735e-12 1.435020473640665130e-11 2.203646642572435219e-11 3.498648295637266473e-11 5.055359339415356742e-11 6.561442677995087680e-11 7.043626096763578101e-11 7.348417236522719392e-11 7.658719052913293365e-11 8.352594027678182255e-11 7.551557193313790970e-11 3.023684429089242590e-11 4.996508668278267056e-12 4.118468255132516780e-13 -4.586330274620601237e-12 -6.202885522223554823e-12
-4.831715508291095592e-13 4.845390654657789191e-12 2.746998202510137406e-12 2.501213574360841061e-12 1.995519350426641414e-12 2.212305289489711471e-12 6.001532499375490355e-12 7.493796978284824794e-12 7.399099195755187168e-12 7.914678789786466218e-12 9.531026374384923722e-12 1.362082282942041092e-11 2.103947047954039245e-11 3.432472324879154268e-11 5.045176139304618975e-11 7.043626096763578101e-11 8.789063551467269916e-11 9.513117916486805702e-11 1.002498323015226324e-10 1.103094359463923009e-10 1.028119212549424113e-10 5.000444633945641155e-11 1.095770067055856683e-11 2.473965599527823348e-12 -7.049199100743963111e-12 -1.039448427077700427e-11
-1.315282362165803459e-13 2.285398173844052750e-12 4.600958184884284035e-13 1.943682084448179378e-12 1.284075620308783305e-12 1.148037136616137358e-13 4.877364820137113512e-12 6.613260991912255905e-12 6.052841160765730371e-12 6.926351833704704021e-12 9.298638980377893611e-12 1.274517185843971184e-11 2.128062815836489516e-11 3.476580100376173886e-11 5.123416574728185498e-11 7.348417236522719392e-11 9.513117916486805702e-11 1.185830111100907915e-10 1.309031054564107170e-10 1.433591884710286226e-10 1.356190504649981598e-10 7.507344430582534848e-11 1.797807908392384976e-11 4.871555962975415177e-12 -1.054913433119244893e-11 -1.366495097843450763e-11
-1.509840499824128843e-12 2.262258206051353535e-12 -5.922790216526564539e-13 3.891638222632627213e-12 1.470034646110827391e-12 -8.520606612182674700e-13 5.347286256165260827e-12 7.838733244968161299e-12 6.321412429007017991e-12 6.648339898544351817e-12 9.203556036424313963e-12 1.221714156292587834e-11 2.122098162601521804e-11 3.572775010919853837e-11 5.256557785052870153e-11 7.658719052913293365e-11 1.002498323015226324e-10 1.309031054564107170e-10 1.628656990780183385e-10 1.856727006229601607e-10 1.811404749080076192e-10 1.157959141001338807e-10 3.751531107549352171e-11 1.227671707006520136e-11 -8.775728150447193257e-12 -1.488994937064421919e-11
-2.711409965577403122e-12 4.550191705040328727e-12 1.705036001419297474e-13 6.110476523784943618e-12 4.049482276968302852e-12 8.830791857238735326e-13 7.105438534782905586e-12 8.711662973243970846e-12 6.046144755860359201e-12 7.103473313009474309e-12 9.518681222295095454e-12 1.334460916409914727e-11 2.196531868153419611e-11 3.731473525069674768e-11 5.659617503814147820e-11 8.352594027678182255e-11 1.103094359463923009e-10 1.433591884710286226e-10 1.856727006229601607e-10 2.415971700873002599e-10 2.555577895303613035e-10 1.890370130491355900e-10 8.659982979976695686e-11 2.701439484002545343e-11 -3.138356595672412395e-12 -1.368539981470905542e-11
-4.369867943240021103e-13 4.182135827596878404e-12 2.192303891954478348e-12 6.745062376320895656e-12 6.119960921333544387e-12 2.172028635962404534e-12 7.870296278141257118e-12 7.721815228892668724e-12 3.711854721036292356e-12 5.651285519538137812e-12 6.773171723065177789e-12 8.707717299380981766e-12 1.371172173386860063e-11 2.789123624064322499e-11 4.702460111091650894e-11 7.551557193313790970e-11 1.028119212549424113e-10 1.356190504649981598e-10 1.811404749080076192e-10 2.555577895303613035e-10 3.237690987290739868e-10 2.905122855902508119e-10 1.759599303875015506e-10 5.155694221164944941e-11 -4.745214296187269083e-12 -1.482939454050162062e-11
5.085589152818245803e-12 5.862351223682545901e-12 2.590571614192185411e-12 8.889440285983913545e-12 6.881397233563344634e-12 2.893278637360725471e-12 6.185534903847809343e-12 3.649884375957062807e-12 1.403206945400275091e-12 1.190461294752139710e-12 -1.619408935700582533e-12 -1.940552917764263359e-12 -3.726273207638453422e-12 1.578311954856924335e-12 1.028471220362924703e-11 3.023684429089242590e-11 5.000444633945641155e-11 7.507344430582534848e-11 1.157959141001338807e-10 1.890370130491355900e-10 2.905122855902508119e-10 3.552921568082121194e-10 2.832637649223122647e-10 1.101739649626525502e-10 2.786709573782002099e-12 -9.949283619773104944e-12
5.474367587683668476e-12 8.007382463594069915e-12 6.289894285356459207e-12 7.002546940376828081e-12 4.668789815292204535e-12 7.155721466702567200e-13 3.535160298966373429e-12 -1.109175658835937082e-12 9.864407169933920984e-13 -1.438605244978691928e-12 -5.559274866022858810e-12 -2.680399036376796991e-12 -4.113574548853116112e-12 -3.297352168080294422e-12 -2.606344394235359828e-12 4.996508668278267056e-12 1.095770067055856683e-11 1.797807908392384976e-11 3.751531107549352171e-11 8.659982979976695686e-11 1.759599303875015506e-10 2.832637649223122647e-10 3.284366385488932116e-10 2.023552823021731523e-10 4.280350943331332279e-11 7.087866689522190707e-12
1.015443898970226248e-11 8.725131464013518012e-12 6.264172533772560789e-12 2.953129771952836493e-12 -3.045553195784296538e-12 -4.405301928846373410e-12 -8.688709282298946635e-13 -5.519587692266043224e-12 -2.310965424743620439e-12 -5.332813536750927568e-12 -8.699036864108810417e-12 -5.263462817433901202e-12 -1.191970374536460822e-12 -3.792735537182824099e-13 -2.688844960015191969e-12 4.118468255132516780e-13 2.473965599527823348e-12 4.871555962975415177e-12 1.227671707006520136e-11 2.701439484002545343e-11 5.155694221164944941e-11 1.101739649626525502e-10 2.023552823021731523e-10 2.545862335995755984e-10 1.419872052249337517e-10 2.861333159364508410e-11
1.251849007209207962e-11 7.675439144816875147e-12 5.480358562399551540e-12 3.325757186494333511e-12 -2.766517208695323012e-13 2.660310698027842689e-12 1.923213982995649085e-12 -4.048959339157699601e-12 -4.276989246020165790e-12 -3.830194798297535278e-12 -5.901344841068250307e-12 -6.401949565739805491e-12 -6.530984561360642630e-12 -4.996714617256819503e-12 -3.530084137260039877e-12 -4.586330274620601237e-12 -7.049199100743963111e-12 -1.054913433119244893e-11 -8.775728150447193257e-12 -3.138356595672412395e-12 -4.745214296187269083e-12 2.786709573782002099e-12 4.280350943331332279e-11 1.419872052249337517e-10 2.201386282906727260e-10 1.168195395518033872e-10
-4.677971589029385277e-13 3.020552181741143270e-12 2.947539579729436592e-12 6.746511957609660578e-12 6.671070718406768492e-12 6.825098685548330068e-12 9.471592423762765016e-13 -7.856652562354689565e-12 -3.798209883730631011e-12 -7.152987057806730805e-12 -5.315822500261914635e-12 -2.818704837758700394e-12 -5.811489879674189471e-12 -3.661778408982984410e-12 -2.362783178492879159e-12 -6.202885522223554823e-12 -1.039448427077700427e-11 -1.366495097843450763e-11 -1.488994937064421919e-11 -1.368539981470905542e-11 -1.482939454050162062e-11 -9.949283619773104944e-12 7.087866689522190707e-12 2.861333159364508410e-11 1.168195395518033872e-10 2.464241628993625891e-10
