4.328286176894560643e-11 8.348798182044031682e-12 3.376909196480257575e-12 3.714289558129296458e-12 8.808669569744124301e-13 4.489176882435957232e-14 2.507823476722758417e-12 2.629941043967886559e-12 2.425206551663883850e-12 1.063377328404645644e-12 1.162730864095830853e-12 2.055659902262025642e-12 3.837522396208826237e-12 6.159528668414201777e-12 7.441433012920952790e-12 6.751611209737143284e-12 9.784876593153362921e-12 1.442754014468034718e-11 1.128027778081529620e-11 9.111319189743067374e-12 -5.561107125677250568e-13 -1.613399230955510991e-11 -2.317876880154984032e-11 -1.195452247008771407e-11 6.922484642692414305e-12 -6.854944517798197695e-12
8.348798182044031682e-12 4.250576133695542757e-11 9.509900830131689348e-12 5.703759917709566406e-12 2.976377575651994522e-12 2.318651441351212823e-12 1.242327433786115311e-12 2.275612388349140884e-12 1.397982211426420672e-12 1.189565180628308736e-12 1.440011338364668701e-12 2.356905950550013297e-12 7.148483620583671726e-12 8.981512920465883222e-12 1.003578362097535914e-11 1.133493820669011596e-11 1.619356866831447151e-11 2.044499502210730071e-11 1.970005219693087065e-11 1.517205571855890071e-11 5.461066176859215742e-12 -3.313029963496738551e-12 -4.644256386115318818e-12 4.468183189067964748e-12 -4.448977383813313765e-12 -1.331415432182835713e-11
3.376909196480257575e-12 9.509900830131689348e-12 3.287437566838955892e-11 8.208683275689076981e-12 2.460766039783764043e-12 3.093986823105880405e-12 7.015311606315575310e-13 2.093624682600403243e-12 1.742153216292993320e-12 1.929723368038662747e-12 1.833641409009254050e-12 1.483300368886503341e-12 2.423885992272802842e-12 3.288918965962872376e-12 3.822241439917736345e-12 5.219913479429872174e-12 9.339970796733283918e-12 1.230596763879187332e-11 1.345856303240621138e-11 9.019841309903670712e-12 2.034461112667255155e-13 -1.230214894523506510e-11 -1.647553890017559258e-11 -1.114299049752299054e-11 -1.144581431941412662e-11 -5.643014097176932885e-12
3.714289558129296458e-12 5.703759917709566406e-12 8.208683275689076981e-12 1.981167790180350239e-11 7.237009222346630408e-12 5.046291489983707480e-12 2.448472650756560756e-12 2.432367223870812917e-12 1.836305716967342204e-12 1.836073343293555016e-12 3.576673696356490799e-12 3.830352909754966600e-12 4.789526948075861922e-12 5.908733305112937756e-12 6.451860620201734377e-12 6.956649118815090334e-12 7.065664146450118836e-12 7.193467521925539126e-12 8.289658625847010788e-12 9.971872595262976430e-12 6.647066348643773350e-12 1.588891521056908154e-12 -3.269792495367529848e-12 -1.734672814977486640e-12 2.573355817318268360e-12 7.357379951769009013e-13
8.808669569744124301e-13 2.976377575651994522e-12 2.460766039783764043e-12 7.237009222346630408e-12 1.627439680082917503e-11 8.984271849343706404e-12 4.956209957937717563e-12 5.043857142634820023e-12 3.037489779874274938e-12 2.879121495471890150e-12 1.310618864970416776e-12 1.934609463082062991e-12 2.947323472503322931e-12 4.168015400800088848e-12 6.249472562241498679e-12 7.701924723926567016e-12 6.520284412107567709e-12 6.404639733716016558e-12 7.385781619549750754e-12 6.437564517006589904e-12 3.308254475429796183e-12 -8.009596959652993151e-13 -4.713256946287035342e-12 -7.282230627205711554e-12 -1.228570532467141733e-12 -2.756253838122105542e-12
4.489176882435957232e-14 2.318651441351212823e-12 3.093986823105880405e-12 5.046291489983707480e-12 8.984271849343706404e-12 1.637678915552680287e-11 7.824281411096246496e-12 7.132192183565120987e-12 4.564686322651445126e-12 3.381374887903806466e-12 2.250610285974774678e-12 2.673514098198008370e-12 4.224427531908573893e-12 5.272505293393905640e-12 7.427497609055359660e-12 9.750062289657567610e-12 1.199720346575389729e-11 1.524792681179519912e-11 1.882606731115583841e-11 1.927395195645001857e-11 1.620497049984950771e-11 6.478656575738893445e-12 -9.204697530427530576e-12 -9.240540819346393174e-12 3.090498424367982826e-12 1.039827467112770517e-11
2.507823476722758417e-12 1.242327433786115311e-12 7.015311606315575310e-13 2.448472650756560756e-12 4.956209957937717563e-12 7.824281411096246496e-12 1.417188421260218064e-11 1.043277157500514512e-11 9.074248685721727767e-12 6.245317331822147828e-12 5.798581468948261578e-12 5.807618083460141929e-12 8.566214821975046611e-12 9.786869385327038868e-12 1.085587266042109660e-11 1.193308582395748869e-11 1.415683373928635561e-11 1.801204784704816292e-11 2.182562209100045270e-11 2.074096625355607660e-11 1.333921016913999058e-11 1.601056261465347009e-12 -6.702617693536487287e-12 -5.264157700875695829e-12 -3.863184033311367416e-12 2.673988178449960062e-12
2.629941043967886559e-12 2.275612388349140884e-12 2.093624682600403243e-12 2.432367223870812917e-12 5.043857142634820023e-12 7.132192183565120987e-12 1.043277157500514512e-11 1.695653904283477031e-11 1.350937087109248918e-11 1.026204496162885704e-11 8.778945676093156940e-12 8.319963122925630356e-12 1.030105976514180323e-11 1.193450875161944141e-11 1.442778053092009251e-11 1.698617287702286307e-11 1.929679182707746659e-11 2.062971316475169181e-11 2.321170350204345049e-11 2.139838209275626138e-11 1.029399016101750487e-11 -8.307733837855786999e-12 -1.465398997600953136e-11 -7.681590008964601986e-12 -1.625722630711565771e-12 3.271558884905889312e-12
2.425206551663883850e-12 1.397982211426420672e-12 1.742153216292993320e-12 1.836305716967342204e-12 3.037489779874274938e-12 4.564686322651445126e-12 9.074248685721727767e-12 1.350937087109248918e-11 1.996162889101340138e-11 1.641720115783839723e-11 1.468539848681358382e-11 1.326661419131673630e-11 1.450530442635254989e-11 1.734620713142855107e-11 2.078092038932433562e-11 2.368042380245294429e-11 2.727849810966941244e-11 3.157395327290804958e-11 3.518161418950346857e-11 3.521869892999187986e-11 2.227594388215837085e-11 6.146108578858897458e-13 -3.569848380391150098e-12 -4.095311903715245301e-13 -8.140709908917919706e-12 -2.942038601340154016e-12
1.063377328404645644e-12 1.189565180628308736e-12 1.929723368038662747e-12 1.836073343293555016e-12 2.879121495471890150e-12 3.381374887903806466e-12 6.245317331822147828e-12 1.026204496162885704e-11 1.641720115783839723e-11 2.146005005413928050e-11 2.016702096386436210e-11 1.859110196175553072e-11 2.046243103116530009e-11 2.369679050878421698e-11 2.722816760079797536e-11 3.074291812655405806e-11 3.562506970189958596e-11 4.074441043105194609e-11 4.478824865008422051e-11 4.777353347831413657e-11 3.855712551049413543e-11 1.777209118605951781e-11 1.467325200845336848e-11 1.059420703430315520e-11 -2.752568470706235678e-12 -1.249435508582750914e-12
1.162730864095830853e-12 1.440011338364668701e-12 1.833641409009254050e-12 3.576673696356490799e-12 1.310618864970416776e-12 2.250610285974774678e-12 5.798581468948261578e-12 8.778945676093156940e-12 1.468539848681358382e-11 2.016702096386436210e-11 2.724102257756975052e-11 2.548992215110211409e-11 2.731830864243216029e-11 3.060976998440389844e-11 3.507243923889244982e-11 3.865622974097137069e-11 4.326694728361436146e-11 4.842330926771345400e-11 5.320560200586273038e-11 5.939320306347163183e-11 5.301347012049927026e-11 2.514032980788843665e-11 1.873627431870762594e-11 9.805902353502684382e-12 -7.268999805457856943e-12 -3.047610570824292208e-12
2.055659902262025642e-12 2.356905950550013297e-12 1.483300368886503341e-12 3.830352909754966600e-12 1.934609463082062991e-12 2.673514098198008370e-12 5.807618083460141929e-12 8.319963122925630356e-12 1.326661419131673630e-11 1.859110196175553072e-11 2.548992215110211409e-11 3.548324835012735930e-11 4.071509459404479857e-11 4.528988838137688768e-11 5.055677130053602435e-11 5.551558178946136502e-11 6.221127165011437052e-11 6.954324259317721148e-11 7.429118459867375961e-11 8.012741461341666193e-11 6.882896863892261102e-11 2.398618108901258427e-11 6.258245752809156136e-12 1.952499568626129667e-12 -1.884645377769107318e-13 3.482684471457901967e-12
3.837522396208826237e-12 7.148483620583671726e-12 2.423885992272802842e-12 4.789526948075861922e-12 2.947323472503322931e-12 4.224427531908573893e-12 8.566214821975046611e-12 1.030105976514180323e-11 1.450530442635254989e-11 2.046243103116530009e-11 2.731830864243216029e-11 4.071509459404479857e-11 5.747350473738493841e-11 6.544667869154550614e-11 7.262104125954985392e-11 7.973204219658715787e-11 8.904852092641301557e-11 9.908772662628171552e-11 1.046554459753767961e-10 1.093355396531666633e-10 8.736751604527851470e-11 2.091652117523495452e-11 -8.507404729934827239e-12 -6.159811009530045938e-12 5.649530791508931354e-12 4.693692462848724254e-12
6.159528668414201777e-12 8.981512920465883222e-12 3.288918965962872376e-12 5.908733305112937756e-12 4.168015400800088848e-12 5.272505293393905640e-12 9.786869385327038868e-12 1.193450875161944141e-11 1.734620713142855107e-11 2.369679050878421698e-11 3.060976998440389844e-11 4.528988838137688768e-11 6.544667869154550614e-11 8.672154435878505246e-11 9.954968108449693713e-11 1.094777894665319621e-10 1.221575118257750638e-10 1.365217155156019663e-10 1.453811343085998270e-10 1.530457963635054578e-10 1.234063844379469982e-10 3.611383089050311670e-11 -8.755502949310104802e-12 -1.436063128286914638e-11 -4.422506998453907942e-12 -3.699407882485568400e-12
7.441433012920952790e-12 1.003578362097535914e-11 3.822241439917736345e-12 6.451860620201734377e-12 6.249472562241498679e-12 7.427497609055359660e-12 1.085587266042109660e-11 1.442778053092009251e-11 2.078092038932433562e-11 2.722816760079797536e-11 3.507243923889244982e-11 5.055677130053602435e-11 7.262104125954985392e-11 9.954968108449693713e-11 1.299457147598928515e-10 1.503890420031255406e-10 1.713018803752987379e-10 1.917209911349040540e-10 2.061076367848816771e-10 2.211917099971433116e-10 1.860978194702611450e-10 6.856946842301881331e-11 -7.616186470868930035e-13 -1.843754867499650142e-11 -8.632508986355786019e-12 -1.131126904597354002e-12
6.751611209737143284e-12 1.133493820669011596e-11 5.219913479429872174e-12 6.956649118815090334e-12 7.701924723926567016e-12 9.750062289657567610e-12 1.193308582395748869e-11 1.698617287702286307e-11 2.368042380245294429e-11 3.074291812655405806e-11 3.865622974097137069e-11 5.551558178946136502e-11 7.973204219658715787e-11 1.094777894665319621e-10 1.503890420031255406e-10 1.910117118975846755e-10 2.264323590262334242e-10 2.577796034157369668e-10 2.802045567840893032e-10 3.053527055749024569e-10 2.687889289222592966e-10 1.161575903982545530e-10 8.911182404297896948e-12 -2.437082018415450947e-11 -8.777626387032330706e-12 -6.940710861288290576e-12
9.784876593153362921e-12 1.619356866831447151e-11 9.339970796733283918e-12 7.065664146450118836e-12 6.520284412107567709e-12 1.199720346575389729e-11 1.415683373928635561e-11 1.929679182707746659e-11 2.727849810966941244e-11 3.562506970189958596e-11 4.326694728361436146e-11 6.221127165011437052e-11 8.904852092641301557e-11 1.221575118257750638e-10 1.713018803752987379e-10 2.264323590262334242e-10 2.966584181393920736e-10 3.562622165543334387e-10 3.930500131538645154e-10 4.295063846790612367e-10 3.870420431846998264e-10 1.951176877725969381e-10 4.034107073167876279e-11 -1.087459535628721916e-11 1.835831703688700098e-12 -1.450950137151616316e-11
1.442754014468034718e-11 2.044499502210730071e-11 1.230596763879187332e-11 7.193467521925539126e-12 6.404639733716016558e-12 1.524792681179519912e-11 1.801204784704816292e-11 2.062971316475169181e-11 3.157395327290804958e-11 4.074441043105194609e-11 4.842330926771345400e-11 6.954324259317721148e-11 9.908772662628171552e-11 1.365217155156019663e-10 1.917209911349040540e-10 2.577796034157369668e-10 3.562622165543334387e-10 4.663207487304391942e-10 5.364046296456571006e-10 5.983788500831708403e-10 5.635145497591544261e-10 3.312582441424320191e-10 1.001601948663100055e-10 8.128770111754279684e-12 5.664096238153552976e-12 -3.160128069092942702e-11
1.128027778081529620e-11 1.970005219693087065e-11 1.345856303240621138e-11 8.289658625847010788e-12 7.385781619549750754e-12 1.882606731115583841e-11 2.182562209100045270e-11 2.321170350204345049e-11 3.518161418950346857e-11 4.478824865008422051e-11 5.320560200586273038e-11 7.429118459867375961e-11 1.046554459753767961e-10 1.453811343085998270e-10 2.061076367848816771e-10 2.802045567840893032e-10 3.930500131538645154e-10 5.364046296456571006e-10 6.675673471289970087e-10 7.846640372454831452e-10 7.833981287547252348e-10 5.293782082512650917e-10 2.019800037211858878e-10 3.507997000489072356e-11 1.183140122523169595e-11 -5.291951754200052135e-11
9.111319189743067374e-12 1.517205571855890071e-11 9.019841309903670712e-12 9.971872595262976430e-12 6.437564517006589904e-12 1.927395195645001857e-11 2.074096625355607660e-11 2.139838209275626138e-11 3.521869892999187986e-11 4.777353347831413657e-11 5.939320306347163183e-11 8.012741461341666193e-11 1.093355396531666633e-10 1.530457963635054578e-10 2.211917099971433116e-10 3.053527055749024569e-10 4.295063846790612367e-10 5.983788500831708403e-10 7.846640372454831452e-10 1.006543973134303585e-09 1.084385412196020225e-09 8.235423023163197902e-10 3.783103712412052958e-10 7.380048274414951526e-11 1.857916969625998779e-11 -7.358052131137834100e-11
-5.561107125677250568e-13 5.461066176859215742e-12 2.034461112667255155e-13 6.647066348643773350e-12 3.308254475429796183e-12 1.620497049984950771e-11 1.333921016913999058e-11 1.029399016101750487e-11 2.227594388215837085e-11 3.855712551049413543e-11 5.301347012049927026e-11 6.882896863892261102e-11 8.736751604527851470e-11 1.234063844379469982e-10 1.860978194702611450e-10 2.687889289222592966e-10 3.870420431846998264e-10 5.635145497591544261e-10 7.833981287547252348e-10 1.084385412196020225e-09 1.319842475649757017e-09 1.173366325851451042e-09 6.771788457484432094e-10 1.703066407102019487e-10 1.694784879506234167e-11 -1.023466496494424646e-10
-1.613399230955510991e-11 -3.313029963496738551e-12 -1.230214894523506510e-11 1.588891521056908154e-12 -8.009596959652993151e-13 6.478656575738893445e-12 1.601056261465347009e-12 -8.307733837855786999e-12 6.146108578858897458e-13 1.777209118605951781e-11 2.514032980788843665e-11 2.398618108901258427e-11 2.091652117523495452e-11 3.611383089050311670e-11 6.856946842301881331e-11 1.161575903982545530e-10 1.951176877725969381e-10 3.312582441424320191e-10 5.293782082512650917e-10 8.235423023163197902e-10 1.173366325851451042e-09 1.338837153940351385e-09 1.014709956420293111e-09 3.879470696035319354e-10 2.740197423055170854e-11 -1.310483927771589894e-10
-2.317876880154984032e-11 -4.644256386115318818e-12 -1.647553890017559258e-11 -3.269792495367529848e-12 -4.713256946287035342e-12 -9.204697530427530576e-12 -6.702617693536487287e-12 -1.465398997600953136e-11 -3.569848380391150098e-12 1.467325200845336848e-11 1.873627431870762594e-11 6.258245752809156136e-12 -8.507404729934827239e-12 -8.755502949310104802e-12 -7.616186470868930035e-13 8.911182404297896948e-12 4.034107073167876279e-11 1.001601948663100055e-10 2.019800037211858878e-10 3.783103712412052958e-10 6.771788457484432094e-10 1.014709956420293111e-09 1.141734032189587725e-09 7.219545731111984023e-10 1.230043323736951090e-10 -7.895995164445849166e-11
-1.195452247008771407e-11 4.468183189067964748e-12 -1.114299049752299054e-11 -1.734672814977486640e-12 -7.282230627205711554e-12 -9.240540819346393174e-12 -5.264157700875695829e-12 -7.681590008964601986e-12 -4.095311903715245301e-13 1.059420703430315520e-11 9.805902353502684382e-12 1.952499568626129667e-12 -6.159811009530045938e-12 -1.436063128286914638e-11 -1.843754867499650142e-11 -2.437082018415450947e-11 -1.087459535628721916e-11 8.128770111754279684e-12 3.507997000489072356e-11 7.380048274414951526e-11 1.703066407102019487e-10 3.879470696035319354e-10 7.219545731111984023e-10 8.552995988931478751e-10 4.182916502441241275e-10 5.831236947930031365e-11
6.922484642692414305e-12 -4.448977383813313765e-12 -1.144581431941412662e-11 2.573355817318268360e-12 -1.228570532467141733e-12 3.090498424367982826e-12 -3.863184033311367416e-12 -1.625722630711565771e-12 -8.140709908917919706e-12 -2.752568470706235678e-12 -7.268999805457856943e-12 -1.884645377769107318e-13 5.649530791508931354e-12 -4.422506998453907942e-12 -8.632508986355786019e-12 -8.777626387032330706e-12 1.835831703688700098e-12 5.664096238153552976e-12 1.183140122523169595e-11 1.857916969625998779e-11 1.694784879506234167e-11 2.740197423055170854e-11 1.230043323736951090e-10 4.182916502441241275e-10 7.706632046031099660e-10 4.133487259247014653e-10
-6.854944517798197695e-12 -1.331415432182835713e-11 -5.643014097176932885e-12 7.357379951769009013e-13 -2.756253838122105542e-12 1.039827467112770517e-11 2.673988178449960062e-12 3.271558884905889312e-12 -2.942038601340154016e-12 -1.249435508582750914e-12 -3.047610570824292208e-12 3.482684471457901967e-12 4.693692462848724254e-12 -3.699407882485568400e-12 -1.131126904597354002e-12 -6.940710861288290576e-12 -1.450950137151616316e-11 -3.160128069092942702e-11 -5.291951754200052135e-11 -7.358052131137834100e-11 -1.023466496494424646e-10 -1.310483927771589894e-10 -7.895995164445849166e-11 5.831236947930031365e-11 4.133487259247014653e-10 7.069123931494253406e-10
