4.767511002963448054e-11 1.279508480886295914e-11 1.057055742865479886e-11 5.963101224760491435e-12 4.670454832737336898e-12 4.560202032885542117e-12 1.741345425255577434e-12 1.021914803852725554e-12 -2.746949815609523804e-12 -2.142532529434763664e-12 -5.975861269058138985e-12 -5.600878283171191473e-12 -6.574108184611267104e-12 -7.578282986529378680e-12 -1.042056278279763349e-11 -1.209566264575105521e-11 -1.274166723921381906e-11 -1.390855020482977215e-11 -1.536273024801927084e-11 -1.594998322745038009e-11 -2.412031412016564570e-11 -1.939781160448399649e-11 -1.756631403504901458e-11 -4.885323448653973984e-12 4.363075132252258802e-12 1.702538146767672683e-12
1.279508480886295914e-11 3.577479893473837794e-11 1.349164640645484142e-11 5.282847744119724250e-12 3.358609910674472886e-12 1.614728229327743041e-12 -1.496410936689781607e-13 -1.402967420100683505e-12 -1.547621990084336557e-12 -3.965614802923208167e-13 -2.535354846163176112e-12 9.909288136478629663e-13 1.987530739436822942e-12 -3.009001818888895501e-13 -8.781095589246693536e-13 -1.584860093462943314e-12 -3.022523221731986885e-12 -5.460000796393108238e-12 -1.834301517719614713e-12 2.115460215058549279e-12 -3.190321092393624640e-12 -5.766886970061962921e-12 -3.235341019016295417e-12 4.836659736889771698e-12 3.119412124368307398e-12 -1.658131995744010010e-12
1.057055742865479886e-11 1.349164640645484142e-11 2.409986353720870831e-11 9.076058291063701503e-12 5.936285244405525109e-12 4.601056998222044007e-12 3.486442088081816779e-12 2.026541284602443569e-12 1.426079900984480296e-12 3.339587927165369339e-12 7.697882604052896011e-13 2.403222196733385799e-12 2.619660669348047493e-12 2.542797928794990391e-12 2.287484050150879863e-12 1.760458050074571502e-12 9.431659493112047183e-13 -1.123218304605929425e-12 2.113712383697273277e-14 1.662377576696692076e-12 -1.895763809782192450e-12 -2.119379475814983639e-12 5.953166380047903711e-12 2.349125611974198604e-11 1.277705016358004066e-11 -6.738246938847410716e-12
5.963101224760491435e-12 5.282847744119724250e-12 9.076058291063701503e-12 2.037337183693324063e-11 1.030247422997569196e-11 6.778549393711229426e-12 4.677218011688552581e-12 3.535985890497513325e-12 2.529100709150457524e-12 2.889483320983778646e-12 1.375241245538406102e-12 1.966658634321101329e-12 2.450149666980207120e-12 2.648545948071429354e-12 1.951946516066803189e-12 2.786319096792034521e-12 4.500148817087021525e-12 5.156100475333672142e-12 8.001584690975587357e-12 1.078478398283368827e-11 6.206615302870895687e-12 2.962096175104209291e-12 -5.490711066388423734e-13 1.904705394201085898e-12 4.403296411350654327e-12 1.704590799791172607e-12
4.670454832737336898e-12 3.358609910674472886e-12 5.936285244405525109e-12 1.030247422997569196e-11 1.696287270566411555e-11 7.873023682402461124e-12 5.094768216625778469e-12 2.292362425800045943e-12 2.408733220245479556e-12 3.091649462187854178e-12 2.704931361999370185e-12 3.511053940163105478e-12 3.205583227950215186e-12 3.037539931666307482e-12 3.442632826078368726e-12 4.298889837410754138e-12 6.764011316145578349e-12 8.316959696781436565e-12 1.322260515274129308e-11 1.773536956868807711e-11 1.803974289150063529e-11 1.248797053938489951e-11 5.501562075159357296e-12 4.723157742277828486e-12 9.911550712304170762e-12 8.814150132389832301e-13
4.560202032885542117e-12 1.614728229327743041e-12 4.601056998222044007e-12 6.778549393711229426e-12 7.873023682402461124e-12 1.456672106368241729e-11 9.568123788115876752e-12 6.365942700320892943e-12 4.279343601412266581e-12 4.119422252572906033e-12 3.212630950293938264e-12 3.056168246821095723e-12 3.456319863670931793e-12 2.142912789615904377e-12 3.038233434061645297e-12 4.557809918138997161e-12 5.583543578379226975e-12 6.543739110813478530e-12 9.896153757841756761e-12 1.232450625630542758e-11 1.267280186241335419e-11 1.060008996137945532e-11 5.896375118431311072e-12 8.846218959190028752e-13 1.926985583651836165e-12 -1.081423635166078125e-12
1.741345425255577434e-12 -1.496410936689781607e-13 3.486442088081816779e-12 4.677218011688552581e-12 5.094768216625778469e-12 9.568123788115876752e-12 1.632333363874792207e-11 1.149812913321184916e-11 8.556916316750044845e-12 7.320680334976251813e-12 6.447700677639720811e-12 4.640644640117094199e-12 3.931377472711063525e-12 3.861942823329980117e-12 5.461258854317631815e-12 7.492199083499678425e-12 9.834088620952471742e-12 1.227385396424718288e-11 1.470309325439288357e-11 1.562245002652847948e-11 1.241758085695253562e-11 4.341362512649812414e-12 1.824769353794397969e-13 -2.614704928559651578e-13 5.369920503547338298e-12 5.954617535666645976e-12
1.021914803852725554e-12 -1.402967420100683505e-12 2.026541284602443569e-12 3.535985890497513325e-12 2.292362425800045943e-12 6.365942700320892943e-12 1.149812913321184916e-11 1.776934452751715511e-11 1.366877724713108548e-11 1.083028583959643626e-11 9.257454463100732701e-12 8.202675757960114042e-12 8.351572503744236633e-12 9.155099480512652837e-12 9.548866971844460811e-12 1.100419216637064811e-11 1.388295250456749561e-11 1.597949318827643141e-11 1.763381922956090107e-11 1.694053573727616484e-11 1.273608901817864978e-11 2.935735486781425203e-12 -1.161885498251473307e-12 -1.708045311395371072e-12 7.118797248594794569e-12 5.007414702950326511e-12
-2.746949815609523804e-12 -1.547621990084336557e-12 1.426079900984480296e-12 2.529100709150457524e-12 2.408733220245479556e-12 4.279343601412266581e-12 8.556916316750044845e-12 1.366877724713108548e-11 2.076437496574482875e-11 1.709723057010634393e-11 1.497446294559130876e-11 1.411160420604383611e-11 1.410611975783838402e-11 1.580378764156676149e-11 1.714389008768570570e-11 1.827636997442568098e-11 2.108112242717713688e-11 2.431222468786094949e-11 2.916226851555911893e-11 3.252604915132332605e-11 3.402435991018863137e-11 2.377407834335784577e-11 1.625801816582544698e-11 7.245800680502134894e-12 6.570788687728000304e-12 5.907254353780575255e-12
-2.142532529434763664e-12 -3.965614802923208167e-13 3.339587927165369339e-12 2.889483320983778646e-12 3.091649462187854178e-12 4.119422252572906033e-12 7.320680334976251813e-12 1.083028583959643626e-11 1.709723057010634393e-11 2.161579298479416825e-11 1.933381080026548827e-11 1.810291091964336918e-11 1.821528402472768008e-11 2.003951853125127064e-11 2.177449456146705402e-11 2.306345717949664624e-11 2.631119354325739225e-11 2.919462542410697629e-11 3.275779369938413942e-11 3.604907863463743742e-11 3.658184442617291513e-11 2.649173307661632708e-11 2.206043661209326354e-11 1.488415117023036755e-11 8.442373549066065158e-12 -3.319851319155171067e-12
-5.975861269058138985e-12 -2.535354846163176112e-12 7.697882604052896011e-13 1.375241245538406102e-12 2.704931361999370185e-12 3.212630950293938264e-12 6.447700677639720811e-12 9.257454463100732701e-12 1.497446294559130876e-11 1.933381080026548827e-11 2.499190967687481505e-11 2.433730392938798994e-11 2.404605644935393014e-11 2.635542493384765753e-11 2.783964512088428091e-11 2.913996865387132352e-11 3.254272884511553883e-11 3.581794470233839904e-11 3.881610983699456538e-11 4.276019742232755031e-11 4.105129098576987483e-11 2.629333125269496667e-11 1.798375169235149038e-11 1.372114657904891581e-11 1.364941169642092587e-11 -3.467377703032045882e-12
-5.600878283171191473e-12 9.909288136478629663e-13 2.403222196733385799e-12 1.966658634321101329e-12 3.511053940163105478e-12 3.056168246821095723e-12 4.640644640117094199e-12 8.202675757960114042e-12 1.411160420604383611e-11 1.810291091964336918e-11 2.433730392938798994e-11 3.497503248842222124e-11 3.658906772832956717e-11 3.893695211303363127e-11 4.114028149118320840e-11 4.290938780266544001e-11 4.741555586353143525e-11 5.158165033881392251e-11 5.535946113042237724e-11 6.004891978062220085e-11 5.695525587333003729e-11 3.506700453468117659e-11 2.767469334631656453e-11 1.720333707583715283e-11 2.228019638618186049e-12 -1.248798065769757096e-11
-6.574108184611267104e-12 1.987530739436822942e-12 2.619660669348047493e-12 2.450149666980207120e-12 3.205583227950215186e-12 3.456319863670931793e-12 3.931377472711063525e-12 8.351572503744236633e-12 1.410611975783838402e-11 1.821528402472768008e-11 2.404605644935393014e-11 3.658906772832956717e-11 4.806972481089092290e-11 5.343602110982532136e-11 5.649224133976829280e-11 5.917233345192669967e-11 6.372540415116140746e-11 6.921510899500365637e-11 7.487234538642564213e-11 8.173706019542025920e-11 7.548884891402953285e-11 4.090432793973526504e-11 2.675253277747832409e-11 1.725897591011741136e-11 9.963442697798460967e-12 -5.731001588614199586e-12
-7.578282986529378680e-12 -3.009001818888895501e-13 2.542797928794990391e-12 2.648545948071429354e-12 3.037539931666307482e-12 2.142912789615904377e-12 3.861942823329980117e-12 9.155099480512652837e-12 1.580378764156676149e-11 2.003951853125127064e-11 2.635542493384765753e-11 3.893695211303363127e-11 5.343602110982532136e-11 7.318320087023232473e-11 8.099259047867962873e-11 8.676058835778791015e-11 9.392832363727294645e-11 1.042248225930477942e-10 1.131286565287910143e-10 1.200915524610494190e-10 1.055512864606375664e-10 4.717650732278672778e-11 1.336249920614786764e-11 1.498113004638247143e-12 6.669623320764793571e-12 -3.475567288709329121e-12
-1.042056278279763349e-11 -8.781095589246693536e-13 2.287484050150879863e-12 1.951946516066803189e-12 3.442632826078368726e-12 3.038233434061645297e-12 5.461258854317631815e-12 9.548866971844460811e-12 1.714389008768570570e-11 2.177449456146705402e-11 2.783964512088428091e-11 4.114028149118320840e-11 5.649224133976829280e-11 8.099259047867962873e-11 1.063948745863942070e-10 1.210948453234786889e-10 1.353464228121437024e-10 1.508527376075878618e-10 1.639893277096417112e-10 1.737650704522946773e-10 1.599815722199746760e-10 8.304895751708320153e-11 2.971397584141524112e-11 -5.937117954699288465e-13 -3.499141504408272908e-12 -1.269272533861202146e-12
-1.209566264575105521e-11 -1.584860093462943314e-12 1.760458050074571502e-12 2.786319096792034521e-12 4.298889837410754138e-12 4.557809918138997161e-12 7.492199083499678425e-12 1.100419216637064811e-11 1.827636997442568098e-11 2.306345717949664624e-11 2.913996865387132352e-11 4.290938780266544001e-11 5.917233345192669967e-11 8.676058835778791015e-11 1.210948453234786889e-10 1.552583809796566088e-10 1.836623192437091639e-10 2.077066907801031416e-10 2.251272480711324824e-10 2.375008083455304623e-10 2.238901472734170837e-10 1.198905722604056654e-10 4.062731700162026758e-11 -2.235598174938767675e-12 -7.329939036936741314e-12 -8.162804830504386419e-12
-1.274166723921381906e-11 -3.022523221731986885e-12 9.431659493112047183e-13 4.500148817087021525e-12 6.764011316145578349e-12 5.583543578379226975e-12 9.834088620952471742e-12 1.388295250456749561e-11 2.108112242717713688e-11 2.631119354325739225e-11 3.254272884511553883e-11 4.741555586353143525e-11 6.372540415116140746e-11 9.392832363727294645e-11 1.353464228121437024e-10 1.836623192437091639e-10 2.410801618894598603e-10 2.864808416888133454e-10 3.164161860747235544e-10 3.381262355285089361e-10 3.226740454981041874e-10 1.791003593372517602e-10 5.773289351260701810e-11 -2.988641671572553942e-12 -1.310697598093352532e-11 -2.409448941314276368e-11
-1.390855020482977215e-11 -5.460000796393108238e-12 -1.123218304605929425e-12 5.156100475333672142e-12 8.316959696781436565e-12 6.543739110813478530e-12 1.227385396424718288e-11 1.597949318827643141e-11 2.431222468786094949e-11 2.919462542410697629e-11 3.581794470233839904e-11 5.158165033881392251e-11 6.921510899500365637e-11 1.042248225930477942e-10 1.508527376075878618e-10 2.077066907801031416e-10 2.864808416888133454e-10 3.761883963681509489e-10 4.380321500170812785e-10 4.813879644847128645e-10 4.697607257995317517e-10 2.927713346865391467e-10 1.129384838973344947e-10 1.077290638331870371e-11 -2.721004929476214207e-11 -5.271779442142042337e-11
-1.536273024801927084e-11 -1.834301517719614713e-12 2.113712383697273277e-14 8.001584690975587357e-12 1.322260515274129308e-11 9.896153757841756761e-12 1.470309325439288357e-11 1.763381922956090107e-11 2.916226851555911893e-11 3.275779369938413942e-11 3.881610983699456538e-11 5.535946113042237724e-11 7.487234538642564213e-11 1.131286565287910143e-10 1.639893277096417112e-10 2.251272480711324824e-10 3.164161860747235544e-10 4.380321500170812785e-10 5.620253506018112618e-10 6.597998282667980235e-10 6.756353452488939938e-10 4.799630999836285662e-10 2.183176658885976274e-10 3.638649187963296900e-11 -3.212097252639089092e-11 -6.974080474823286168e-11
-1.594998322745038009e-11 2.115460215058549279e-12 1.662377576696692076e-12 1.078478398283368827e-11 1.773536956868807711e-11 1.232450625630542758e-11 1.562245002652847948e-11 1.694053573727616484e-11 3.252604915132332605e-11 3.604907863463743742e-11 4.276019742232755031e-11 6.004891978062220085e-11 8.173706019542025920e-11 1.200915524610494190e-10 1.737650704522946773e-10 2.375008083455304623e-10 3.381262355285089361e-10 4.813879644847128645e-10 6.597998282667980235e-10 8.528649097317165243e-10 9.406347682045083601e-10 7.550365623652255505e-10 4.039533243367096242e-10 8.568144451845001663e-11 -3.638045748518064294e-11 -9.688467854038643612e-11
-2.412031412016564570e-11 -3.190321092393624640e-12 -1.895763809782192450e-12 6.206615302870895687e-12 1.803974289150063529e-11 1.267280186241335419e-11 1.241758085695253562e-11 1.273608901817864978e-11 3.402435991018863137e-11 3.658184442617291513e-11 4.105129098576987483e-11 5.695525587333003729e-11 7.548884891402953285e-11 1.055512864606375664e-10 1.599815722199746760e-10 2.238901472734170837e-10 3.226740454981041874e-10 4.697607257995317517e-10 6.756353452488939938e-10 9.406347682045083601e-10 1.150249225228123586e-09 1.047992958933221942e-09 6.510902748809298916e-10 1.563171871951040871e-10 -6.006493544464040088e-11 -1.367457892811199017e-10
-1.939781160448399649e-11 -5.766886970061962921e-12 -2.119379475814983639e-12 2.962096175104209291e-12 1.248797053938489951e-11 1.060008996137945532e-11 4.341362512649812414e-12 2.935735486781425203e-12 2.377407834335784577e-11 2.649173307661632708e-11 2.629333125269496667e-11 3.506700453468117659e-11 4.090432793973526504e-11 4.717650732278672778e-11 8.304895751708320153e-11 1.198905722604056654e-10 1.791003593372517602e-10 2.927713346865391467e-10 4.799630999836285662e-10 7.550365623652255505e-10 1.047992958933221942e-09 1.186015433952778216e-09 9.260212585771393332e-10 3.358507605976385692e-10 -5.570143558031513108e-11 -1.541144543332389354e-10
-1.756631403504901458e-11 -3.235341019016295417e-12 5.953166380047903711e-12 -5.490711066388423734e-13 5.501562075159357296e-12 5.896375118431311072e-12 1.824769353794397969e-13 -1.161885498251473307e-12 1.625801816582544698e-11 2.206043661209326354e-11 1.798375169235149038e-11 2.767469334631656453e-11 2.675253277747832409e-11 1.336249920614786764e-11 2.971397584141524112e-11 4.062731700162026758e-11 5.773289351260701810e-11 1.129384838973344947e-10 2.183176658885976274e-10 4.039533243367096242e-10 6.510902748809298916e-10 9.260212585771393332e-10 1.029506692350739182e-09 6.409397717428015879e-10 4.820528504349461671e-11 -1.215211865061077796e-10
-4.885323448653973984e-12 4.836659736889771698e-12 2.349125611974198604e-11 1.904705394201085898e-12 4.723157742277828486e-12 8.846218959190028752e-13 -2.614704928559651578e-13 -1.708045311395371072e-12 7.245800680502134894e-12 1.488415117023036755e-11 1.372114657904891581e-11 1.720333707583715283e-11 1.725897591011741136e-11 1.498113004638247143e-12 -5.937117954699288465e-13 -2.235598174938767675e-12 -2.988641671572553942e-12 1.077290638331870371e-11 3.638649187963296900e-11 8.568144451845001663e-11 1.563171871951040871e-10 3.358507605976385692e-10 6.409397717428015879e-10 7.590159388261087424e-10 3.241213445956092948e-10 -1.680750725344104728e-11
4.363075132252258802e-12 3.119412124368307398e-12 1.277705016358004066e-11 4.403296411350654327e-12 9.911550712304170762e-12 1.926985583651836165e-12 5.369920503547338298e-12 7.118797248594794569e-12 6.570788687728000304e-12 8.442373549066065158e-12 1.364941169642092587e-11 2.228019638618186049e-12 9.963442697798460967e-12 6.669623320764793571e-12 -3.499141504408272908e-12 -7.329939036936741314e-12 -1.310697598093352532e-11 -2.721004929476214207e-11 -3.212097252639089092e-11 -3.638045748518064294e-11 -6.006493544464040088e-11 -5.570143558031513108e-11 4.820528504349461671e-11 3.241213445956092948e-10 6.379082684473833025e-10 3.370660954015791592e-10
1.702538146767672683e-12 -1.658131995744010010e-12 -6.738246938847410716e-12 1.704590799791172607e-12 8.814150132389832301e-13 -1.081423635166078125e-12 5.954617535666645976e-12 5.007414702950326511e-12 5.907254353780575255e-12 -3.319851319155171067e-12 -3.467377703032045882e-12 -1.248798065769757096e-11 -5.731001588614199586e-12 -3.475567288709329121e-12 -1.269272533861202146e-12 -8.162804830504386419e-12 -2.409448941314276368e-11 -5.271779442142042337e-11 -6.974080474823286168e-11 -9.688467854038643612e-11 -1.367457892811199017e-10 -1.541144543332389354e-10 -1.215211865061077796e-10 -1.680750725344104728e-11 3.370660954015791592e-10 6.663399071102651153e-10
