4.300142158588433740e-11 1.043063217703657885e-11 5.860074323955601034e-12 3.381589380724809962e-12 2.166216460851529216e-12 2.029656760978137323e-12 2.256075846352515830e-12 2.408448348574192008e-12 2.604844849583895849e-12 2.210476681924545181e-12 1.435249607951007005e-12 -5.387919922092023039e-14 -2.004870064013499550e-12 -1.679902480354082576e-12 -2.106772551661236130e-12 -3.379117143909446749e-12 -2.141009166588827987e-12 -3.777680083283497077e-12 -5.728176296372908150e-12 -6.446818135821155283e-12 -4.754491368902607201e-12 -1.273603634518037343e-12 7.247931636164202802e-13 -2.008449294446948725e-12 -1.282956251528603190e-12 3.323208909247964172e-12
1.043063217703657885e-11 3.434571633992713764e-11 1.092440473992895093e-11 6.594706712227923816e-12 5.185857560028892113e-12 4.606402513084233141e-12 2.554265653856080638e-12 6.256270735557428107e-13 1.170482685040369829e-13 -5.901172575038579270e-13 -6.930772897617359176e-13 -1.469137388059444498e-13 5.633631218626870242e-13 5.995299385858307967e-13 6.268904145364644484e-13 7.140718338704942992e-13 1.280828157386279238e-12 3.652522660409266259e-13 -8.403016488846054722e-15 -1.095278728398000426e-12 2.555927221469968375e-12 7.708934302453805850e-12 7.883132238346023442e-12 1.409031074403033001e-12 -8.059312225638916637e-12 -7.600705166503991451e-12
5.860074323955601034e-12 1.092440473992895093e-11 2.885579083357839958e-11 1.061417442056042747e-11 3.489056338651374813e-12 4.588970856944003598e-12 2.420606548660940950e-12 1.009366031204868271e-12 -4.847001347498207805e-13 3.087072773821911518e-13 -8.564186555380105550e-14 -1.636535543175589974e-12 -2.117018966871722650e-12 -1.574889645176452937e-12 -1.366917920559624001e-12 -1.081880137155636703e-12 -5.806887215875355438e-13 -9.173209766638371792e-13 -7.714349944110144774e-13 2.551164533061287845e-12 8.600122526423229025e-12 1.554161909442226908e-11 1.549859535042340657e-11 5.261719675116688743e-12 2.315156923148200541e-12 8.685079360767100663e-12
3.381589380724809962e-12 6.594706712227923816e-12 1.061417442056042747e-11 2.268521460008161124e-11 7.844905083472155820e-12 7.225194516915156504e-12 4.633232248048642288e-12 2.864898188986266052e-12 1.550263428659878854e-12 6.822044230314749228e-13 5.412307321213524057e-13 -8.865983357193079169e-14 8.019587735877259468e-14 1.131576988830869980e-12 1.664076094421393666e-12 4.691192240245673376e-13 8.362981167603338691e-13 -1.581546904734579362e-12 -1.643464337542015188e-12 -3.681383295052102033e-13 3.701136974955834281e-12 8.242668788957893069e-12 1.028027816234750235e-11 5.300971651484440155e-12 5.718278039391106762e-12 1.066159968705678947e-11
2.166216460851529216e-12 5.185857560028892113e-12 3.489056338651374813e-12 7.844905083472155820e-12 1.535523763838640174e-11 9.309762641212088123e-12 5.162887668709601126e-12 2.191368407501525348e-12 1.785840804382089713e-12 5.500162238206356850e-13 1.455357728259825766e-12 1.332880991350587786e-12 3.186529771772574097e-14 -4.238257405577567769e-13 4.731910049060694013e-13 5.011289460109843080e-13 6.211381357965956605e-13 -6.918488226577625201e-13 -1.112005099769001557e-12 8.293209286601028302e-13 1.015117600888599226e-12 2.858724465208595153e-12 3.212420082344046935e-12 1.672998845113487059e-12 6.238254968706923036e-12 8.941743771634928680e-12
2.029656760978137323e-12 4.606402513084233141e-12 4.588970856944003598e-12 7.225194516915156504e-12 9.309762641212088123e-12 1.863523321189172396e-11 9.640344354673714433e-12 6.730238866671410393e-12 5.611390605104001977e-12 3.194362783784595621e-12 2.342684819397760397e-12 2.641266557688804687e-12 2.482159640805768945e-12 1.194951699365484458e-12 9.720144462363293834e-13 1.555311607235190166e-12 2.223594690828764313e-12 7.170206676638372263e-13 1.083402250815791424e-12 4.475968215556941010e-12 6.956116956278150909e-12 7.154834399848931126e-12 4.721810984226162737e-12 -1.814105926700900335e-12 2.383002509433333377e-12 7.440885355836009188e-12
2.256075846352515830e-12 2.554265653856080638e-12 2.420606548660940950e-12 4.633232248048642288e-12 5.162887668709601126e-12 9.640344354673714433e-12 1.394233196308322448e-11 8.793071188947577878e-12 6.439782060933448995e-12 4.135166911139101569e-12 2.528093804940718453e-12 1.925002742780147438e-12 1.655115704200795201e-12 1.010466183088610306e-12 1.669019698133220287e-12 3.218034489784322609e-12 4.238030453429800330e-12 3.592961420932170998e-12 3.285178625108350115e-12 4.135181314559428205e-12 4.698269316645407905e-12 2.206468995256189683e-12 8.303375091085297536e-13 8.784506810363314803e-13 4.952519869291262594e-12 1.396280517439806979e-12
2.408448348574192008e-12 6.256270735557428107e-13 1.009366031204868271e-12 2.864898188986266052e-12 2.191368407501525348e-12 6.730238866671410393e-12 8.793071188947577878e-12 1.548110747015345328e-11 1.107954852738420507e-11 8.649360056806946244e-12 6.319675500850032906e-12 5.586868305393817210e-12 4.347901143910175908e-12 3.886054420800792696e-12 3.955580573448199399e-12 6.001321632454717932e-12 7.311861970650735872e-12 6.221830487080163262e-12 7.105978427528368297e-12 7.387999033125529923e-12 5.019586313134523374e-12 7.001486348240018000e-14 -4.271427847546560974e-12 -7.628198496140486023e-12 -5.233032634512956979e-12 -5.220708844431600677e-12
2.604844849583895849e-12 1.170482685040369829e-13 -4.847001347498207805e-13 1.550263428659878854e-12 1.785840804382089713e-12 5.611390605104001977e-12 6.439782060933448995e-12 1.107954852738420507e-11 1.618094301822181069e-11 1.203482942297836856e-11 8.837414915617447043e-12 7.710955313043318937e-12 6.108128916899725133e-12 5.413515269031012030e-12 4.499171180192032137e-12 5.310140552910179868e-12 7.720968290938706722e-12 7.127275444179820388e-12 7.182179868162842041e-12 7.149972587689877488e-12 4.096575027410100024e-12 -1.231605515506503172e-13 -1.285356981952051735e-12 -2.926259711781106063e-12 -3.323726849388435459e-12 -4.296388808476533475e-12
2.210476681924545181e-12 -5.901172575038579270e-13 3.087072773821911518e-13 6.822044230314749228e-13 5.500162238206356850e-13 3.194362783784595621e-12 4.135166911139101569e-12 8.649360056806946244e-12 1.203482942297836856e-11 1.566647966020952306e-11 1.279000118429609816e-11 9.845582887091061160e-12 7.874063698292246235e-12 7.160724957722892056e-12 5.813035278478513929e-12 6.677305695754346358e-12 7.739417210193098043e-12 6.762969111484223523e-12 6.580206454370012402e-12 6.564517063642757996e-12 5.349145921160409504e-12 5.473271562964249318e-13 -2.197849639842756201e-12 -5.443862278798302190e-12 -3.118575296043612436e-12 -7.292648533244639611e-12
1.435249607951007005e-12 -6.930772897617359176e-13 -8.564186555380105550e-14 5.412307321213524057e-13 1.455357728259825766e-12 2.342684819397760397e-12 2.528093804940718453e-12 6.319675500850032906e-12 8.837414915617447043e-12 1.279000118429609816e-11 1.691926249075132808e-11 1.456957394290386869e-11 1.170173053738120423e-11 1.034262732963735424e-11 9.173528275847655961e-12 9.072419727699651828e-12 9.325186187080383949e-12 8.740184347189655596e-12 8.537470137074899494e-12 8.573090728355224490e-12 5.680192775097242835e-12 -2.818286340124024108e-12 -6.425469542449051311e-12 -8.448617451062497890e-12 -4.787631548267681802e-12 -5.273077096175682228e-12
-5.387919922092023039e-14 -1.469137388059444498e-13 -1.636535543175589974e-12 -8.865983357193079169e-14 1.332880991350587786e-12 2.641266557688804687e-12 1.925002742780147438e-12 5.586868305393817210e-12 7.710955313043318937e-12 9.845582887091061160e-12 1.456957394290386869e-11 2.072212488159162473e-11 1.948621978057285959e-11 1.726487254443378249e-11 1.533837866647601119e-11 1.445407081179494777e-11 1.422142848232046627e-11 1.357178282891350353e-11 1.301291021829657139e-11 1.379663811488226177e-11 8.622127532648756080e-12 -2.384674438814284084e-12 -3.528355649575557023e-12 -5.595826793016221694e-12 -7.427846707211838606e-12 -3.524752420031279629e-12
-2.004870064013499550e-12 5.633631218626870242e-13 -2.117018966871722650e-12 8.019587735877259468e-14 3.186529771772574097e-14 2.482159640805768945e-12 1.655115704200795201e-12 4.347901143910175908e-12 6.108128916899725133e-12 7.874063698292246235e-12 1.170173053738120423e-11 1.948621978057285959e-11 2.753486209263543619e-11 2.647959596234266854e-11 2.389111312164846747e-11 2.264034253500442506e-11 2.179646937421268881e-11 2.209167765817636258e-11 2.221171225745483740e-11 2.286491705584831778e-11 1.470989321509629808e-11 -2.666835389126939599e-12 -3.599327349099148470e-12 -1.521375317513041917e-12 -6.826728557541088085e-12 -6.171131690544342061e-12
-1.679902480354082576e-12 5.995299385858307967e-13 -1.574889645176452937e-12 1.131576988830869980e-12 -4.238257405577567769e-13 1.194951699365484458e-12 1.010466183088610306e-12 3.886054420800792696e-12 5.413515269031012030e-12 7.160724957722892056e-12 1.034262732963735424e-11 1.726487254443378249e-11 2.647959596234266854e-11 3.503679234210869124e-11 3.533549606443695163e-11 3.486483429774863918e-11 3.437649720816175474e-11 3.466178169003904333e-11 3.555617328167826188e-11 3.694225215384740450e-11 2.711803158311121779e-11 6.507480706542195754e-13 -3.930525231430027791e-12 -7.923548684445297171e-14 -4.136350734494550984e-12 -2.602033451411258521e-12
-2.106772551661236130e-12 6.268904145364644484e-13 -1.366917920559624001e-12 1.664076094421393666e-12 4.731910049060694013e-13 9.720144462363293834e-13 1.669019698133220287e-12 3.955580573448199399e-12 4.499171180192032137e-12 5.813035278478513929e-12 9.173528275847655961e-12 1.533837866647601119e-11 2.389111312164846747e-11 3.533549606443695163e-11 4.739563600816661231e-11 5.044933592829650988e-11 5.042278133932656879e-11 5.120005805315646419e-11 5.257872735140676740e-11 5.676198413215306413e-11 4.749624864559727477e-11 1.108751549972039298e-11 -2.326996024424541805e-12 -3.364696227206839350e-12 -3.773487525426879009e-12 -2.269154871130503890e-12
-3.379117143909446749e-12 7.140718338704942992e-13 -1.081880137155636703e-12 4.691192240245673376e-13 5.011289460109843080e-13 1.555311607235190166e-12 3.218034489784322609e-12 6.001321632454717932e-12 5.310140552910179868e-12 6.677305695754346358e-12 9.072419727699651828e-12 1.445407081179494777e-11 2.264034253500442506e-11 3.486483429774863918e-11 5.044933592829650988e-11 6.533090958596541126e-11 7.013009402285276152e-11 7.312149957372336864e-11 7.633450857915647800e-11 8.329378268359143152e-11 7.536574002619336266e-11 3.039213791027901258e-11 4.938611912956831486e-12 3.846051558426628690e-13 -4.525855678061781361e-12 -6.433821877731048284e-12
-2.141009166588827987e-12 1.280828157386279238e-12 -5.806887215875355438e-13 8.362981167603338691e-13 6.211381357965956605e-13 2.223594690828764313e-12 4.238030453429800330e-12 7.311861970650735872e-12 7.720968290938706722e-12 7.739417210193098043e-12 9.325186187080383949e-12 1.422142848232046627e-11 2.179646937421268881e-11 3.437649720816175474e-11 5.042278133932656879e-11 7.013009402285276152e-11 8.774552929723182233e-11 9.509645672970842414e-11 1.003962598195279018e-10 1.100368990248160408e-10 1.021806610766628180e-10 4.952882021258896504e-11 1.052024175069664139e-11 2.440740195021596189e-12 -7.280683466438851123e-12 -1.047705763409400188e-11
-3.777680083283497077e-12 3.652522660409266259e-13 -9.173209766638371792e-13 -1.581546904734579362e-12 -6.918488226577625201e-13 7.170206676638372263e-13 3.592961420932170998e-12 6.221830487080163262e-12 7.127275444179820388e-12 6.762969111484223523e-12 8.740184347189655596e-12 1.357178282891350353e-11 2.209167765817636258e-11 3.466178169003904333e-11 5.120005805315646419e-11 7.312149957372336864e-11 9.509645672970842414e-11 1.185179891124755903e-10 1.311676705224068564e-10 1.436800325051515559e-10 1.362471521481120963e-10 7.591210624026798624e-11 1.859764474018358738e-11 5.192368627299777816e-12 -1.019665588972499300e-11 -1.319491513201954161e-11
-5.728176296372908150e-12 -8.403016488846054722e-15 -7.714349944110144774e-13 -1.643464337542015188e-12 -1.112005099769001557e-12 1.083402250815791424e-12 3.285178625108350115e-12 7.105978427528368297e-12 7.182179868162842041e-12 6.580206454370012402e-12 8.537470137074899494e-12 1.301291021829657139e-11 2.221171225745483740e-11 3.555617328167826188e-11 5.257872735140676740e-11 7.633450857915647800e-11 1.003962598195279018e-10 1.311676705224068564e-10 1.630680844369420458e-10 1.858893050261327520e-10 1.815945180234667784e-10 1.164977967807460849e-10 3.805289185900167113e-11 1.250459070384510802e-11 -8.824266400930019866e-12 -1.505062143581242186e-11
-6.446818135821155283e-12 -1.095278728398000426e-12 2.551164533061287845e-12 -3.681383295052102033e-13 8.293209286601028302e-13 4.475968215556941010e-12 4.135181314559428205e-12 7.387999033125529923e-12 7.149972587689877488e-12 6.564517063642757996e-12 8.573090728355224490e-12 1.379663811488226177e-11 2.286491705584831778e-11 3.694225215384740450e-11 5.676198413215306413e-11 8.329378268359143152e-11 1.100368990248160408e-10 1.436800325051515559e-10 1.858893050261327520e-10 2.418163049480745944e-10 2.556160289675488712e-10 1.893073848151935043e-10 8.666069397383441714e-11 2.722883909252592679e-11 -2.697608176790406597e-12 -1.340540711412269721e-11
-4.754491368902607201e-12 2.555927221469968375e-12 8.600122526423229025e-12 3.701136974955834281e-12 1.015117600888599226e-12 6.956116956278150909e-12 4.698269316645407905e-12 5.019586313134523374e-12 4.096575027410100024e-12 5.349145921160409504e-12 5.680192775097242835e-12 8.622127532648756080e-12 1.470989321509629808e-11 2.711803158311121779e-11 4.749624864559727477e-11 7.536574002619336266e-11 1.021806610766628180e-10 1.362471521481120963e-10 1.815945180234667784e-10 2.556160289675488712e-10 3.235864929313276487e-10 2.906810647919202473e-10 1.759291940084211060e-10 5.169753307994595673e-11 -4.737141697882091202e-12 -1.512660257275262263e-11
-1.273603634518037343e-12 7.708934302453805850e-12 1.554161909442226908e-11 8.242668788957893069e-12 2.858724465208595153e-12 7.154834399848931126e-12 2.206468995256189683e-12 7.001486348240018000e-14 -1.231605515506503172e-13 5.473271562964249318e-13 -2.818286340124024108e-12 -2.384674438814284084e-12 -2.666835389126939599e-12 6.507480706542195754e-13 1.108751549972039298e-11 3.039213791027901258e-11 4.952882021258896504e-11 7.591210624026798624e-11 1.164977967807460849e-10 1.893073848151935043e-10 2.906810647919202473e-10 3.555295616026384134e-10 2.832000537018608498e-10 1.102069093879104769e-10 2.811790497854326170e-12 -1.018046666037947709e-11
7.247931636164202802e-13 7.883132238346023442e-12 1.549859535042340657e-11 1.028027816234750235e-11 3.212420082344046935e-12 4.721810984226162737e-12 8.303375091085297536e-13 -4.271427847546560974e-12 -1.285356981952051735e-12 -2.197849639842756201e-12 -6.425469542449051311e-12 -3.528355649575557023e-12 -3.599327349099148470e-12 -3.930525231430027791e-12 -2.326996024424541805e-12 4.938611912956831486e-12 1.052024175069664139e-11 1.859764474018358738e-11 3.805289185900167113e-11 8.666069397383441714e-11 1.759291940084211060e-10 2.832000537018608498e-10 3.283368461586657806e-10 2.022051016111388999e-10 4.264236402896199921e-11 6.889374454616745314e-12
-2.008449294446948725e-12 1.409031074403033001e-12 5.261719675116688743e-12 5.300971651484440155e-12 1.672998845113487059e-12 -1.814105926700900335e-12 8.784506810363314803e-13 -7.628198496140486023e-12 -2.926259711781106063e-12 -5.443862278798302190e-12 -8.448617451062497890e-12 -5.595826793016221694e-12 -1.521375317513041917e-12 -7.923548684445297171e-14 -3.364696227206839350e-12 3.846051558426628690e-13 2.440740195021596189e-12 5.192368627299777816e-12 1.250459070384510802e-11 2.722883909252592679e-11 5.169753307994595673e-11 1.102069093879104769e-10 2.022051016111388999e-10 2.541479288947364939e-10 1.417380371207365141e-10 2.828808726509192573e-11
-1.282956251528603190e-12 -8.059312225638916637e-12 2.315156923148200541e-12 5.718278039391106762e-12 6.238254968706923036e-12 2.383002509433333377e-12 4.952519869291262594e-12 -5.233032634512956979e-12 -3.323726849388435459e-12 -3.118575296043612436e-12 -4.787631548267681802e-12 -7.427846707211838606e-12 -6.826728557541088085e-12 -4.136350734494550984e-12 -3.773487525426879009e-12 -4.525855678061781361e-12 -7.280683466438851123e-12 -1.019665588972499300e-11 -8.824266400930019866e-12 -2.697608176790406597e-12 -4.737141697882091202e-12 2.811790497854326170e-12 4.264236402896199921e-11 1.417380371207365141e-10 2.198724596207730357e-10 1.164748676450600353e-10
3.323208909247964172e-12 -7.600705166503991451e-12 8.685079360767100663e-12 1.066159968705678947e-11 8.941743771634928680e-12 7.440885355836009188e-12 1.396280517439806979e-12 -5.220708844431600677e-12 -4.296388808476533475e-12 -7.292648533244639611e-12 -5.273077096175682228e-12 -3.524752420031279629e-12 -6.171131690544342061e-12 -2.602033451411258521e-12 -2.269154871130503890e-12 -6.433821877731048284e-12 -1.047705763409400188e-11 -1.319491513201954161e-11 -1.505062143581242186e-11 -1.340540711412269721e-11 -1.512660257275262263e-11 -1.018046666037947709e-11 6.889374454616745314e-12 2.828808726509192573e-11 1.164748676450600353e-10 2.465821921555338031e-10
