4.911324445710072780e-11 1.022753167932087396e-11 3.647975955180139075e-12 1.704753954001129612e-12 -1.249087246612606645e-12 2.881441635745673134e-12 1.628850907412519743e-12 1.925800938204807429e-12 -5.167073378333839826e-13 4.875699590897925154e-13 -9.180627544522622866e-13 -1.763448520461837632e-12 -2.088157988379099837e-12 -4.213204491328567121e-12 -3.105825533641968790e-12 1.543234362667002407e-12 3.000976946176620816e-12 1.902369318230098317e-12 -1.930261356708302964e-12 -4.231603994743208793e-12 -9.906737447288652196e-12 -1.595543307037399905e-11 -1.911417118832677531e-11 -1.871430412006903248e-11 -9.270518041264883115e-12 -2.579520113058814992e-12
1.022753167932087396e-11 3.856149850081130542e-11 9.638726259149997208e-12 3.948934000827877035e-12 2.614467599999500475e-12 3.484113765859753532e-12 2.955131067660304817e-12 1.914030196094629294e-12 1.694339459484736150e-12 6.534296353515235329e-13 3.565459470854655280e-13 2.662382360423200667e-12 2.944919144334607522e-12 3.005181340867173069e-12 2.908330171680182190e-12 3.514072674279832364e-12 4.296236016691984534e-12 5.274028477288682561e-12 9.875232866302949694e-12 1.342959714908243942e-11 5.829547106626458541e-12 2.625820758487225123e-12 -2.735062114928855388e-12 -4.886233802149190567e-12 -5.851782085022929628e-12 -6.351157053766732602e-12
3.647975955180139075e-12 9.638726259149997208e-12 3.006688096457698081e-11 9.206928614607761452e-12 3.789990884700679238e-12 4.734608841003648988e-12 2.466985084898298631e-12 1.032978130738274729e-12 4.802009693265520232e-13 1.524861561238859072e-12 -6.906767356155204770e-13 1.545059353478427671e-12 3.392800833606471683e-12 2.528361553230499385e-12 2.253314628896330133e-12 9.582237922003115538e-13 1.460353199876182575e-12 3.006416745499323383e-13 1.713101804276421248e-12 5.864384138218832942e-12 6.616205248567887647e-12 1.130958369736444876e-11 2.038092219239815930e-11 2.245027754347762689e-11 9.953378509183181937e-12 2.163151274487438478e-12
1.704753954001129612e-12 3.948934000827877035e-12 9.206928614607761452e-12 2.400812125995522773e-11 9.114473325765629507e-12 7.413395173375193859e-12 3.546411553561274785e-12 1.977155406196026871e-12 4.853336632967159977e-13 9.645309883575446592e-13 4.430274743890510214e-13 1.304221396820060313e-12 8.092756374397997568e-13 2.799661675908055052e-13 7.655356866976685535e-13 1.410492473608430174e-12 2.806262540863514735e-12 1.987423514672100392e-12 3.907770899516008195e-12 6.618314668514635983e-12 8.635101998234520483e-12 1.171188108925609777e-11 1.406373768315431849e-11 1.020508604494826404e-11 1.343170926174048987e-13 -1.418865065707777101e-12
-1.249087246612606645e-12 2.614467599999500475e-12 3.789990884700679238e-12 9.114473325765629507e-12 1.837092085288259552e-11 8.682208595782771127e-12 4.221149981286562182e-12 2.475875828081628415e-12 1.692414618517711786e-12 2.179172754747403869e-12 1.160268760674490295e-12 2.162537645012261303e-12 8.506314895959985600e-13 6.635548039432034823e-13 1.561337101059432402e-12 2.270780932853980429e-12 4.709796032955433889e-12 7.173426133024436152e-12 1.014009514447158685e-11 1.175455206376498070e-11 1.204757389753029553e-11 6.626305405930920974e-12 1.478754306592152372e-13 2.350251374303705465e-13 -2.058480343794095205e-14 -4.210687666763756557e-12
2.881441635745673134e-12 3.484113765859753532e-12 4.734608841003648988e-12 7.413395173375193859e-12 8.682208595782771127e-12 1.643294424058157946e-11 1.035921784975751767e-11 7.687664008373812952e-12 3.869592078162715237e-12 4.589623292148121597e-12 4.019114508217620544e-12 3.606528949434476428e-12 2.823961244439132858e-12 1.882008199665267861e-12 2.641199329178363629e-12 4.975052251500528630e-12 7.835644224725635275e-12 9.122044512891759234e-12 1.143672482850995526e-11 1.364989838666749533e-11 1.521059613037800443e-11 1.189516137078765701e-11 5.511800232573772448e-12 2.293522581219846663e-13 6.305744165382333188e-12 -5.033070529233801564e-12
1.628850907412519743e-12 2.955131067660304817e-12 2.466985084898298631e-12 3.546411553561274785e-12 4.221149981286562182e-12 1.035921784975751767e-11 1.694347038791123531e-11 1.275621898705382347e-11 8.818598803498232962e-12 7.846717358333136233e-12 6.711313050389399867e-12 5.604974623488563650e-12 5.758890394672357209e-12 5.195047123959971557e-12 6.870288812246301446e-12 8.411610419557865440e-12 9.917445907318896049e-12 1.120985360646712784e-11 1.342863609058213694e-11 1.401759134698693587e-11 1.313378971056506840e-11 8.997718079361522890e-12 7.029700143572144564e-12 2.749441982417845919e-12 5.820960991181126627e-12 2.834962545943143301e-12
1.925800938204807429e-12 1.914030196094629294e-12 1.032978130738274729e-12 1.977155406196026871e-12 2.475875828081628415e-12 7.687664008373812952e-12 1.275621898705382347e-11 1.908232858964487199e-11 1.399704048239965582e-11 1.060684466677265275e-11 9.254403440159863674e-12 7.578230634987603352e-12 8.041619884214726742e-12 9.085370912649282484e-12 1.015294136400844274e-11 1.216378499849813945e-11 1.516501551420666159e-11 1.834983510383205161e-11 1.972301944818791929e-11 2.007726284145294473e-11 1.708484961193418264e-11 9.635913178752810699e-12 6.809887341359881873e-12 5.228501086314735412e-12 1.141917515179578957e-11 5.122410995193731626e-12
-5.167073378333839826e-13 1.694339459484736150e-12 4.802009693265520232e-13 4.853336632967159977e-13 1.692414618517711786e-12 3.869592078162715237e-12 8.818598803498232962e-12 1.399704048239965582e-11 2.047141995899285437e-11 1.690674254491142859e-11 1.443336235785762567e-11 1.293357167735877049e-11 1.364732724165975053e-11 1.536671255239148408e-11 1.695270218082532606e-11 1.797923522767565716e-11 2.038019898443295541e-11 2.395624702146005283e-11 2.862544886684036361e-11 3.239455610014428548e-11 3.429014133325291213e-11 2.477415110509870660e-11 1.654445984194795520e-11 7.470726289086327935e-12 5.636351489160591293e-12 5.706862666368025086e-12
4.875699590897925154e-13 6.534296353515235329e-13 1.524861561238859072e-12 9.645309883575446592e-13 2.179172754747403869e-12 4.589623292148121597e-12 7.846717358333136233e-12 1.060684466677265275e-11 1.690674254491142859e-11 2.226109790847528905e-11 1.950182645721427498e-11 1.783083420074532676e-11 1.862244766434891663e-11 2.018179992774954457e-11 2.227655205131811998e-11 2.402436692832479551e-11 2.692306228963791120e-11 2.952270176143365475e-11 3.290276576072530736e-11 3.623153210885261900e-11 3.682460680449175098e-11 2.697505444930091283e-11 2.316907852593471048e-11 1.607763557876420858e-11 6.510522066091661830e-12 -2.956785023532777404e-12
-9.180627544522622866e-13 3.565459470854655280e-13 -6.906767356155204770e-13 4.430274743890510214e-13 1.160268760674490295e-12 4.019114508217620544e-12 6.711313050389399867e-12 9.254403440159863674e-12 1.443336235785762567e-11 1.950182645721427498e-11 2.483341913139077653e-11 2.423754165427852334e-11 2.465173231647143602e-11 2.701174589510359034e-11 2.860870761614823507e-11 2.982513617639946973e-11 3.323206552865486565e-11 3.641952383677924022e-11 3.938655007829129882e-11 4.346124732641904742e-11 4.252262493221004350e-11 2.859579249839327386e-11 1.895304216830117377e-11 1.259333851607926028e-11 1.310602622680453155e-11 -4.390030281400955601e-12
-1.763448520461837632e-12 2.662382360423200667e-12 1.545059353478427671e-12 1.304221396820060313e-12 2.162537645012261303e-12 3.606528949434476428e-12 5.604974623488563650e-12 7.578230634987603352e-12 1.293357167735877049e-11 1.783083420074532676e-11 2.423754165427852334e-11 3.483732505248526225e-11 3.659410495605588557e-11 3.899814258442589023e-11 4.145358536542342857e-11 4.313894837586206795e-11 4.728154939999384771e-11 5.134820310490770360e-11 5.521583276877891052e-11 6.046409645014223143e-11 5.761218132118667167e-11 3.596431020823270687e-11 2.706468572620506424e-11 1.548539292388064872e-11 2.087574695123568388e-12 -1.150378417254062086e-11
-2.088157988379099837e-12 2.944919144334607522e-12 3.392800833606471683e-12 8.092756374397997568e-13 8.506314895959985600e-13 2.823961244439132858e-12 5.758890394672357209e-12 8.041619884214726742e-12 1.364732724165975053e-11 1.862244766434891663e-11 2.465173231647143602e-11 3.659410495605588557e-11 4.849265681587222034e-11 5.356018986624526351e-11 5.677381463172830875e-11 5.934613632394711429e-11 6.415045606540129139e-11 6.962531055890952868e-11 7.507492111918568487e-11 8.206794494134872336e-11 7.609047642135866560e-11 4.214792606569519097e-11 2.793405193489681820e-11 1.745923419270117569e-11 1.042999981875347986e-11 -4.395339206451035460e-12
-4.213204491328567121e-12 3.005181340867173069e-12 2.528361553230499385e-12 2.799661675908055052e-13 6.635548039432034823e-13 1.882008199665267861e-12 5.195047123959971557e-12 9.085370912649282484e-12 1.536671255239148408e-11 2.018179992774954457e-11 2.701174589510359034e-11 3.899814258442589023e-11 5.356018986624526351e-11 7.361064351316282639e-11 8.148710994405405944e-11 8.701239914814211580e-11 9.466898879011792425e-11 1.047059924025895725e-10 1.137534983025479503e-10 1.208209179424225192e-10 1.063662801125626616e-10 4.773709465292943708e-11 1.359148590278058210e-11 2.051262392321137029e-12 7.883038277982804924e-12 -3.648156510274482763e-12
-3.105825533641968790e-12 2.908330171680182190e-12 2.253314628896330133e-12 7.655356866976685535e-13 1.561337101059432402e-12 2.641199329178363629e-12 6.870288812246301446e-12 1.015294136400844274e-11 1.695270218082532606e-11 2.227655205131811998e-11 2.860870761614823507e-11 4.145358536542342857e-11 5.677381463172830875e-11 8.148710994405405944e-11 1.070299139827366952e-10 1.216967058375889308e-10 1.361624023022471965e-10 1.509323014480102411e-10 1.639047071411547596e-10 1.736442646987097313e-10 1.601184290829851919e-10 8.320313356482585735e-11 3.024488807282362529e-11 3.206655178228233022e-13 -2.091452829286777448e-12 -2.964145378529574123e-13
1.543234362667002407e-12 3.514072674279832364e-12 9.582237922003115538e-13 1.410492473608430174e-12 2.270780932853980429e-12 4.975052251500528630e-12 8.411610419557865440e-12 1.216378499849813945e-11 1.797923522767565716e-11 2.402436692832479551e-11 2.982513617639946973e-11 4.313894837586206795e-11 5.934613632394711429e-11 8.701239914814211580e-11 1.216967058375889308e-10 1.558409180712126526e-10 1.847007998448296695e-10 2.083780987212307016e-10 2.258886101690351534e-10 2.383869304321516854e-10 2.249152326857750411e-10 1.211643597507985358e-10 4.163649416001581790e-11 -2.412575749153280654e-12 -7.966975767619189402e-12 -8.418438084275668076e-12
3.000976946176620816e-12 4.296236016691984534e-12 1.460353199876182575e-12 2.806262540863514735e-12 4.709796032955433889e-12 7.835644224725635275e-12 9.917445907318896049e-12 1.516501551420666159e-11 2.038019898443295541e-11 2.692306228963791120e-11 3.323206552865486565e-11 4.728154939999384771e-11 6.415045606540129139e-11 9.466898879011792425e-11 1.361624023022471965e-10 1.847007998448296695e-10 2.425297206170653970e-10 2.872220881473657235e-10 3.166787398707966195e-10 3.384299330282487557e-10 3.230346562083709008e-10 1.795137580250379755e-10 5.848625137261622209e-11 -3.177904601025469143e-12 -1.450669397151827617e-11 -2.486945754735797456e-11
1.902369318230098317e-12 5.274028477288682561e-12 3.006416745499323383e-13 1.987423514672100392e-12 7.173426133024436152e-12 9.122044512891759234e-12 1.120985360646712784e-11 1.834983510383205161e-11 2.395624702146005283e-11 2.952270176143365475e-11 3.641952383677924022e-11 5.134820310490770360e-11 6.962531055890952868e-11 1.047059924025895725e-10 1.509323014480102411e-10 2.083780987212307016e-10 2.872220881473657235e-10 3.759654152282278079e-10 4.374137354899569477e-10 4.808724402055343513e-10 4.693996883755123166e-10 2.928876804171191762e-10 1.142065971587540727e-10 1.142262924403292438e-11 -2.788742149769036753e-11 -5.296937655043629521e-11
-1.930261356708302964e-12 9.875232866302949694e-12 1.713101804276421248e-12 3.907770899516008195e-12 1.014009514447158685e-11 1.143672482850995526e-11 1.342863609058213694e-11 1.972301944818791929e-11 2.862544886684036361e-11 3.290276576072530736e-11 3.938655007829129882e-11 5.521583276877891052e-11 7.507492111918568487e-11 1.137534983025479503e-10 1.639047071411547596e-10 2.258886101690351534e-10 3.166787398707966195e-10 4.374137354899569477e-10 5.613903244690082206e-10 6.588937912620379546e-10 6.744910828783263850e-10 4.794017043153529101e-10 2.186795313577367791e-10 3.684187387997478923e-11 -3.217612537410812713e-11 -6.963423707521702534e-11
-4.231603994743208793e-12 1.342959714908243942e-11 5.864384138218832942e-12 6.618314668514635983e-12 1.175455206376498070e-11 1.364989838666749533e-11 1.401759134698693587e-11 2.007726284145294473e-11 3.239455610014428548e-11 3.623153210885261900e-11 4.346124732641904742e-11 6.046409645014223143e-11 8.206794494134872336e-11 1.208209179424225192e-10 1.736442646987097313e-10 2.383869304321516854e-10 3.384299330282487557e-10 4.808724402055343513e-10 6.588937912620379546e-10 8.519311231268790959e-10 9.396059258302051660e-10 7.545348628726453603e-10 4.041698451194374290e-10 8.615216684924949822e-11 -3.658861799749443449e-11 -9.689952100083921113e-11
-9.906737447288652196e-12 5.829547106626458541e-12 6.616205248567887647e-12 8.635101998234520483e-12 1.204757389753029553e-11 1.521059613037800443e-11 1.313378971056506840e-11 1.708484961193418264e-11 3.429014133325291213e-11 3.682460680449175098e-11 4.252262493221004350e-11 5.761218132118667167e-11 7.609047642135866560e-11 1.063662801125626616e-10 1.601184290829851919e-10 2.249152326857750411e-10 3.230346562083709008e-10 4.693996883755123166e-10 6.744910828783263850e-10 9.396059258302051660e-10 1.149162135755396523e-09 1.047445060590893011e-09 6.506745469639206127e-10 1.563328893954761609e-10 -6.016622432548058037e-11 -1.363269698616223300e-10
-1.595543307037399905e-11 2.625820758487225123e-12 1.130958369736444876e-11 1.171188108925609777e-11 6.626305405930920974e-12 1.189516137078765701e-11 8.997718079361522890e-12 9.635913178752810699e-12 2.477415110509870660e-11 2.697505444930091283e-11 2.859579249839327386e-11 3.596431020823270687e-11 4.214792606569519097e-11 4.773709465292943708e-11 8.320313356482585735e-11 1.211643597507985358e-10 1.795137580250379755e-10 2.928876804171191762e-10 4.794017043153529101e-10 7.545348628726453603e-10 1.047445060590893011e-09 1.185680450119519040e-09 9.253827501525123677e-10 3.357337497268046229e-10 -5.560959486631936180e-11 -1.536309842127534543e-10
-1.911417118832677531e-11 -2.735062114928855388e-12 2.038092219239815930e-11 1.406373768315431849e-11 1.478754306592152372e-13 5.511800232573772448e-12 7.029700143572144564e-12 6.809887341359881873e-12 1.654445984194795520e-11 2.316907852593471048e-11 1.895304216830117377e-11 2.706468572620506424e-11 2.793405193489681820e-11 1.359148590278058210e-11 3.024488807282362529e-11 4.163649416001581790e-11 5.848625137261622209e-11 1.142065971587540727e-10 2.186795313577367791e-10 4.041698451194374290e-10 6.506745469639206127e-10 9.253827501525123677e-10 1.028527732977247588e-09 6.405947044341386967e-10 4.817177121570089122e-11 -1.206950424063138583e-10
-1.871430412006903248e-11 -4.886233802149190567e-12 2.245027754347762689e-11 1.020508604494826404e-11 2.350251374303705465e-13 2.293522581219846663e-13 2.749441982417845919e-12 5.228501086314735412e-12 7.470726289086327935e-12 1.607763557876420858e-11 1.259333851607926028e-11 1.548539292388064872e-11 1.745923419270117569e-11 2.051262392321137029e-12 3.206655178228233022e-13 -2.412575749153280654e-12 -3.177904601025469143e-12 1.142262924403292438e-11 3.684187387997478923e-11 8.615216684924949822e-11 1.563328893954761609e-10 3.357337497268046229e-10 6.405947044341386967e-10 7.583825322985451062e-10 3.236827134206328407e-10 -1.620964823446470183e-11
-9.270518041264883115e-12 -5.851782085022929628e-12 9.953378509183181937e-12 1.343170926174048987e-13 -2.058480343794095205e-14 6.305744165382333188e-12 5.820960991181126627e-12 1.141917515179578957e-11 5.636351489160591293e-12 6.510522066091661830e-12 1.310602622680453155e-11 2.087574695123568388e-12 1.042999981875347986e-11 7.883038277982804924e-12 -2.091452829286777448e-12 -7.966975767619189402e-12 -1.450669397151827617e-11 -2.788742149769036753e-11 -3.217612537410812713e-11 -3.658861799749443449e-11 -6.016622432548058037e-11 -5.560959486631936180e-11 4.817177121570089122e-11 3.236827134206328407e-10 6.375845417289413225e-10 3.371646662103739443e-10
-2.579520113058814992e-12 -6.351157053766732602e-12 2.163151274487438478e-12 -1.418865065707777101e-12 -4.210687666763756557e-12 -5.033070529233801564e-12 2.834962545943143301e-12 5.122410995193731626e-12 5.706862666368025086e-12 -2.956785023532777404e-12 -4.390030281400955601e-12 -1.150378417254062086e-11 -4.395339206451035460e-12 -3.648156510274482763e-12 -2.964145378529574123e-13 -8.418438084275668076e-12 -2.486945754735797456e-11 -5.296937655043629521e-11 -6.963423707521702534e-11 -9.689952100083921113e-11 -1.363269698616223300e-10 -1.536309842127534543e-10 -1.206950424063138583e-10 -1.620964823446470183e-11 3.371646662103739443e-10 6.663244867055908504e-10
