9.799123637545604215e-09 2.711531909356037783e-11 3.678290497969921632e-10 -3.679367021770608478e-10 4.302841571657548730e-10 -3.297454553620649080e-10 2.284227458564832525e-10 2.012091168472771749e-10 -4.689482554729292328e-11 5.790940965393242019e-11 2.063813194203726069e-11 1.564874974039714657e-11 7.865094903012448937e-11 -3.381307157191565426e-11 -1.010850923502189467e-10 -7.256847792968300609e-11 8.005915633311228247e-12 -1.721871418137919571e-11 1.244359108636817147e-11 -5.827867722445101000e-12
2.711531909356037783e-11 8.360147918509685816e-09 5.557846601317035880e-10 -1.382725083425176601e-10 -2.023122002961735182e-10 1.857856109559379421e-10 2.321186371341261380e-11 1.329757077156749334e-10 3.571009673548903993e-11 7.641514034833687631e-11 1.086041586353141191e-10 -7.970971879723635834e-11 -3.297681274963460820e-11 -5.603173709765349262e-11 -5.167153339794417910e-11 5.208154027495500514e-14 -4.662782035662467155e-11 -2.638435777558797315e-11 -4.747019504021948085e-11 -3.469996452877161249e-11
3.678290497969921632e-10 5.557846601317035880e-10 5.929996338563489845e-09 -1.173051775843002297e-10 1.693066205380504557e-10 3.149851028063692581e-10 1.852220940962266847e-10 1.128764208159650550e-10 4.909012419567183162e-11 7.684347454718639091e-11 6.054891035460070075e-11 4.202303637759587993e-11 -9.710170737905092999e-11 3.817474149635524454e-11 -3.391305195115640646e-11 3.705180032769757360e-12 3.622435281933884056e-12 3.485220232547615088e-11 2.310799555949922537e-11 9.246096215295032169e-12
-3.679367021770608478e-10 -1.382725083425176601e-10 -1.173051775843002297e-10 3.114381262854352947e-09 1.571542831884196642e-10 -9.339516268104574878e-11 5.577087076542176658e-11 7.478494769989221672e-11 2.023407484222768415e-11 -1.590131257855386245e-11 -5.330265687293515282e-11 1.139906636877772212e-10 5.401603122758305595e-11 3.214806498957490168e-11 -7.249922002791862414e-12 1.460186487178221060e-11 1.179177874584526379e-11 -2.429757504536949455e-13 5.218400110376055978e-13 2.840293292463942932e-11
4.302841571657548730e-10 -2.023122002961735182e-10 1.693066205380504557e-10 1.571542831884196642e-10 2.392731058542317545e-09 3.642912765376842807e-10 1.731066712902806907e-10 -1.133634241799533676e-11 7.335777279671710064e-11 -1.333771939159405924e-10 -2.066317484805616299e-11 -9.713847802679899785e-12 3.704736468450466920e-11 2.278958656208218298e-11 -2.424961470406488912e-11 -3.002000136124290246e-11 -3.583666220306224338e-11 -1.197066364874103302e-11 2.075418647214471472e-11 1.651698363929457384e-11
-3.297454553620649080e-10 1.857856109559379421e-10 3.149851028063692581e-10 -9.339516268104574878e-11 3.642912765376842807e-10 1.283546925345704038e-09 9.537490968126997147e-11 3.099947877554609107e-11 1.936406952566651131e-11 4.728628607356888849e-11 3.558873921458298662e-11 -3.574622771888698537e-11 2.124930041431223537e-11 3.108349195931453714e-11 -1.212447368311268133e-11 -1.084641953822163257e-11 -9.774604387291983140e-12 2.331530262655224009e-12 1.389625415840675719e-11 6.295493942137742915e-12
2.284227458564832525e-10 2.321186371341261380e-11 1.852220940962266847e-10 5.577087076542176658e-11 1.731066712902806907e-10 9.537490968126997147e-11 6.881297992740314692e-10 1.038610665084245589e-10 2.428416082104283850e-11 3.405274282269647383e-11 4.462402809836770018e-11 -2.035218452541809094e-11 -2.950688083079332911e-11 6.148959693357544107e-12 5.916730651027618778e-12 2.110599972720294573e-12 -4.631619565954610129e-12 -1.425981883289194670e-11 -6.129816177083987486e-12 6.241182836505341053e-12
2.012091168472771749e-10 1.329757077156749334e-10 1.128764208159650550e-10 7.478494769989221672e-11 -1.133634241799533676e-11 3.099947877554609107e-11 1.038610665084245589e-10 5.847517324781175430e-10 4.227117879843368357e-11 3.346264931654062765e-11 8.420281990631074185e-12 -7.016132389234445151e-12 -2.062593590130687157e-11 -2.652046273799750898e-11 -1.684900968763703828e-11 2.622552277727847455e-12 -2.368547413289954093e-11 2.253190659510822099e-12 6.241282285685595428e-12 1.648004007713671392e-12
-4.689482554729292328e-11 3.571009673548903993e-11 4.909012419567183162e-11 2.023407484222768415e-11 7.335777279671710064e-11 1.936406952566651131e-11 2.428416082104283850e-11 4.227117879843368357e-11 2.865103613094574400e-10 -1.070668756958802312e-11 9.023703313758571361e-12 -2.197727724360909420e-11 5.326556132311192616e-12 -5.954220235779784801e-12 -1.456650704586253892e-11 1.646870876979361144e-12 4.597238559121231231e-12 -8.978871761617253991e-13 5.697794593803881977e-12 -2.351284251179317704e-12
5.790940965393242019e-11 7.641514034833687631e-11 7.684347454718639091e-11 -1.590131257855386245e-11 -1.333771939159405924e-10 4.728628607356888849e-11 3.405274282269647383e-11 3.346264931654062765e-11 -1.070668756958802312e-11 2.276217148733063286e-10 2.397188108921311171e-11 -1.280832115474531298e-11 3.809512624220534836e-12 -1.480175162713712082e-13 5.281972771467081661e-12 8.728625056361876491e-12 8.482585443088286309e-12 1.156155385365760480e-12 -5.700950944960309424e-13 4.702016594606489024e-12
2.063813194203726069e-11 1.086041586353141191e-10 6.054891035460070075e-11 -5.330265687293515282e-11 -2.066317484805616299e-11 3.558873921458298662e-11 4.462402809836770018e-11 8.420281990631074185e-12 9.023703313758571361e-12 2.397188108921311171e-11 1.494370225559617669e-10 1.487664398114546423e-11 -1.108419293251678563e-11 3.920982374666832286e-12 -5.686716951122728936e-12 -1.880673589423381579e-13 -5.722519510305165765e-12 -2.036811980974128212e-12 7.500165809008008521e-13 -3.635229098424878413e-12
1.564874974039714657e-11 -7.970971879723635834e-11 4.202303637759587993e-11 1.139906636877772212e-10 -9.713847802679899785e-12 -3.574622771888698537e-11 -2.035218452541809094e-11 -7.016132389234445151e-12 -2.197727724360909420e-11 -1.280832115474531298e-11 1.487664398114546423e-11 1.093986592614814073e-10 1.123854871823204829e-11 3.024204966174608119e-12 6.369348640219498171e-12 -3.145098742557071342e-12 -6.102524474513147149e-12 -3.703875328003666776e-12 -5.916037491506857098e-14 7.605681311206443721e-13
7.865094903012448937e-11 -3.297681274963460820e-11 -9.710170737905092999e-11 5.401603122758305595e-11 3.704736468450466920e-11 2.124930041431223537e-11 -2.950688083079332911e-11 -2.062593590130687157e-11 5.326556132311192616e-12 3.809512624220534836e-12 -1.108419293251678563e-11 1.123854871823204829e-11 9.751859388321714738e-11 1.841190320560529669e-11 2.570745945573969609e-12 4.675152210342564723e-12 1.270086600259802314e-12 -3.290704089683503211e-12 -1.148435658996426253e-12 -1.558177689061057644e-12
-3.381307157191565426e-11 -5.603173709765349262e-11 3.817474149635524454e-11 3.214806498957490168e-11 2.278958656208218298e-11 3.108349195931453714e-11 6.148959693357544107e-12 -2.652046273799750898e-11 -5.954220235779784801e-12 -1.480175162713712082e-13 3.920982374666832286e-12 3.024204966174608119e-12 1.841190320560529669e-11 5.516444577347530424e-11 8.632568385971687003e-12 5.050378173962189528e-12 2.441563085523598656e-12 -3.741458345965005651e-12 -9.017019931626878556e-13 -4.114375813858363740e-13
-1.010850923502189467e-10 -5.167153339794417910e-11 -3.391305195115640646e-11 -7.249922002791862414e-12 -2.424961470406488912e-11 -1.212447368311268133e-11 5.916730651027618778e-12 -1.684900968763703828e-11 -1.456650704586253892e-11 5.281972771467081661e-12 -5.686716951122728936e-12 6.369348640219498171e-12 2.570745945573969609e-12 8.632568385971687003e-12 4.733960384462712321e-11 9.569682535412810384e-12 2.092002814673631508e-12 8.607333904961320331e-13 -3.377550107674484121e-13 3.607395318767720649e-12
-7.256847792968300609e-11 5.208154027495500514e-14 3.705180032769757360e-12 1.460186487178221060e-11 -3.002000136124290246e-11 -1.084641953822163257e-11 2.110599972720294573e-12 2.622552277727847455e-12 1.646870876979361144e-12 8.728625056361876491e-12 -1.880673589423381579e-13 -3.145098742557071342e-12 4.675152210342564723e-12 5.050378173962189528e-12 9.569682535412810384e-12 2.694064597953638613e-11 8.347593417680577577e-12 5.704930790963328946e-12 1.792621166828579957e-12 1.690139819142486802e-13
8.005915633311228247e-12 -4.662782035662467155e-11 3.622435281933884056e-12 1.179177874584526379e-11 -3.583666220306224338e-11 -9.774604387291983140e-12 -4.631619565954610129e-12 -2.368547413289954093e-11 4.597238559121231231e-12 8.482585443088286309e-12 -5.722519510305165765e-12 -6.102524474513147149e-12 1.270086600259802314e-12 2.441563085523598656e-12 2.092002814673631508e-12 8.347593417680577577e-12 2.140008341566017182e-11 7.535229115208610070e-12 3.101492598363790130e-12 -6.991147248671366264e-14
-1.721871418137919571e-11 -2.638435777558797315e-11 3.485220232547615088e-11 -2.429757504536949455e-13 -1.197066364874103302e-11 2.331530262655224009e-12 -1.425981883289194670e-11 2.253190659510822099e-12 -8.978871761617253991e-13 1.156155385365760480e-12 -2.036811980974128212e-12 -3.703875328003666776e-12 -3.290704089683503211e-12 -3.741458345965005651e-12 8.607333904961320331e-13 5.704930790963328946e-12 7.535229115208610070e-12 1.692873862129902716e-11 6.634191544574870636e-12 1.267789964932648286e-12
1.244359108636817147e-11 -4.747019504021948085e-11 2.310799555949922537e-11 5.218400110376055978e-13 2.075418647214471472e-11 1.389625415840675719e-11 -6.129816177083987486e-12 6.241282285685595428e-12 5.697794593803881977e-12 -5.700950944960309424e-13 7.500165809008008521e-13 -5.916037491506857098e-14 -1.148435658996426253e-12 -9.017019931626878556e-13 -3.377550107674484121e-13 1.792621166828579957e-12 3.101492598363790130e-12 6.634191544574870636e-12 1.468314158552262564e-11 3.757237858500162323e-12
-5.827867722445101000e-12 -3.469996452877161249e-11 9.246096215295032169e-12 2.840293292463942932e-11 1.651698363929457384e-11 6.295493942137742915e-12 6.241182836505341053e-12 1.648004007713671392e-12 -2.351284251179317704e-12 4.702016594606489024e-12 -3.635229098424878413e-12 7.605681311206443721e-13 -1.558177689061057644e-12 -4.114375813858363740e-13 3.607395318767720649e-12 1.690139819142486802e-13 -6.991147248671366264e-14 1.267789964932648286e-12 3.757237858500162323e-12 8.909501012856483069e-12
