1.055183902953976193e-08 -6.459891888128175324e-10 4.059324778561709820e-10 -3.562958620255637607e-10 1.179314929024167819e-10 -1.391456716388589819e-10 3.734074927783324238e-10 -2.009758475198658514e-10 -2.788912020100359385e-10 1.216420349760964946e-10 -1.287718468168525366e-11 -8.767705176373503084e-11 -5.088499327195804080e-11 -1.850946692556219618e-11 2.054833374156311853e-11 -4.397183033905421244e-11 -7.629357360107141586e-11 7.666950412024121940e-12 2.540160831709666839e-11 2.154237065487238541e-11
-6.459891888128175324e-10 6.555341095749434989e-09 9.761804301707463236e-11 9.991059490821784120e-10 -2.006704896642294001e-10 2.611431449356863863e-10 1.499329947170314351e-10 1.755381396292446095e-11 1.016492136431631544e-10 1.256688477696544442e-10 1.251075196644003512e-10 3.152747228806229547e-11 -2.879661225577515946e-11 2.078443616464984852e-11 3.386988273223176648e-11 7.018583342140060757e-11 5.284074230093646598e-11 1.756164821914115664e-11 1.920148237319797981e-11 8.780266762788397910e-12
4.059324778561709820e-10 9.761804301707463236e-11 4.552293633298795086e-09 2.020636336403747651e-10 -7.310194656771087957e-11 -1.152527414570184210e-11 -1.573076628191492366e-10 -2.111469028446561852e-12 -8.118778123037990588e-12 -1.137868959350182746e-11 2.637218446074958785e-11 2.206904472230827163e-11 8.381147535796259848e-12 -3.591052343393937592e-11 -4.600547097899356824e-11 -4.992102048488923739e-11 -3.879129517570008374e-11 -1.315855916994585128e-11 7.323615102822839313e-12 -3.767304346273132903e-12
-3.562958620255637607e-10 9.991059490821784120e-10 2.020636336403747651e-10 3.695053523943543390e-09 -6.002399306021842659e-11 2.538304800958925829e-11 -6.548453326334078277e-11 1.865707922836532344e-10 7.082852270536817553e-11 1.742977350662563653e-10 9.174392849083557630e-11 1.481271091914227397e-10 4.809969220238738931e-11 5.297716837682374463e-11 4.766467079481134316e-11 -7.404452925452881275e-13 5.954600842102063697e-11 1.177708552610417514e-11 2.096670327845823917e-11 1.875274031611675969e-11
1.179314929024167819e-10 -2.006704896642294001e-10 -7.310194656771087957e-11 -6.002399306021842659e-11 1.865915531746022191e-09 2.005824546762520506e-10 -2.853493739822416368e-11 3.681007700587902392e-11 -3.813026450491943304e-11 -5.730695063488733534e-11 1.387173906409899978e-11 6.418106363327129644e-11 6.920481597826829042e-11 2.592960649802983694e-11 1.918554491666252013e-11 2.718969546339202721e-11 -2.239012119001857493e-11 -1.233137376603873232e-11 -4.180109243609880749e-12 1.134345201972660531e-11
-1.391456716388589819e-10 2.611431449356863863e-10 -1.152527414570184210e-11 2.538304800958925829e-11 2.005824546762520506e-10 1.325162330388899214e-09 -1.559070697566203508e-11 6.770003650229575051e-11 -7.388423308862781621e-11 -3.369785026530038118e-11 4.213837905616901838e-11 5.129060070517201704e-13 2.454820171648357392e-12 -1.980269457802038955e-11 2.318974827531902396e-11 -9.019518258343780252e-12 -2.833986079706728650e-12 -3.483625106539260751e-12 7.494992724815658794e-12 9.072910833097022248e-12
3.734074927783324238e-10 1.499329947170314351e-10 -1.573076628191492366e-10 -6.548453326334078277e-11 -2.853493739822416368e-11 -1.559070697566203508e-11 1.053556448367420441e-09 -1.826477483596908972e-11 8.069086950253632557e-11 9.520787865854552703e-11 -2.565090014089005410e-11 5.314906757507923571e-11 1.335187436479647010e-11 -2.369786508847174604e-12 2.887976464321097851e-12 3.602487410947505796e-11 2.794628545580970047e-11 1.002727483111746703e-11 5.908978249767371538e-13 3.346604866187414840e-13
-2.009758475198658514e-10 1.755381396292446095e-11 -2.111469028446561852e-12 1.865707922836532344e-10 3.681007700587902392e-11 6.770003650229575051e-11 -1.826477483596908972e-11 4.889237004759283369e-10 3.802533233872661922e-11 -3.655783350879249122e-11 3.364679659111661057e-11 2.999305519567574925e-11 5.638452954921290130e-11 3.902763021241910422e-11 3.470737182905546662e-12 -1.291189551608527924e-11 -7.915334731421055199e-12 -5.317049504452543158e-12 -6.406460204080271796e-12 -6.966914473041189059e-12
-2.788912020100359385e-10 1.016492136431631544e-10 -8.118778123037990588e-12 7.082852270536817553e-11 -3.813026450491943304e-11 -7.388423308862781621e-11 8.069086950253632557e-11 3.802533233872661922e-11 3.506390110978706866e-10 7.866623931671743190e-11 1.318687327912123576e-11 5.244758075235066776e-12 2.088762509319576488e-12 -1.064264754825072615e-12 -1.277057353821461317e-11 -5.079633293838451294e-12 -3.150220701185327079e-12 1.047386550613587620e-13 3.694295682231908877e-12 3.375234062328054142e-12
1.216420349760964946e-10 1.256688477696544442e-10 -1.137868959350182746e-11 1.742977350662563653e-10 -5.730695063488733534e-11 -3.369785026530038118e-11 9.520787865854552703e-11 -3.655783350879249122e-11 7.866623931671743190e-11 3.149230536419864617e-10 5.564685969458394090e-11 4.648792152521416280e-11 3.235646438476119383e-11 6.113230413991790780e-12 -6.242285816170587369e-12 1.320939792362591512e-11 2.232243465486366134e-12 3.011584476848980643e-12 1.129315287708972060e-11 4.177214183954278211e-13
-1.287718468168525366e-11 1.251075196644003512e-10 2.637218446074958785e-11 9.174392849083557630e-11 1.387173906409899978e-11 4.213837905616901838e-11 -2.565090014089005410e-11 3.364679659111661057e-11 1.318687327912123576e-11 5.564685969458394090e-11 1.595943086988800597e-10 2.657537614545140005e-11 1.469147516568162538e-11 5.226884277230777353e-12 1.415219921550912491e-11 4.924937816128083803e-12 -5.747951202864931413e-12 -7.096103447292013024e-12 6.157943844025926641e-13 6.316403665010778431e-12
-8.767705176373503084e-11 3.152747228806229547e-11 2.206904472230827163e-11 1.481271091914227397e-10 6.418106363327129644e-11 5.129060070517201704e-13 5.314906757507923571e-11 2.999305519567574925e-11 5.244758075235066776e-12 4.648792152521416280e-11 2.657537614545140005e-11 1.370450294823401312e-10 3.390575694029012480e-11 4.359144602307323962e-12 3.676135758595539187e-12 1.144240002555144332e-11 5.335822012156161182e-12 -3.972431612094423399e-12 -5.277583642519898114e-12 -2.788989254308784401e-12
-5.088499327195804080e-11 -2.879661225577515946e-11 8.381147535796259848e-12 4.809969220238738931e-11 6.920481597826829042e-11 2.454820171648357392e-12 1.335187436479647010e-11 5.638452954921290130e-11 2.088762509319576488e-12 3.235646438476119383e-11 1.469147516568162538e-11 3.390575694029012480e-11 8.703205916018227360e-11 1.948973219471747522e-11 2.295876512412325836e-12 3.929627410956341036e-12 -3.540012871456060202e-12 -6.539793284977680768e-13 -4.629786970648389273e-13 9.665804056215016066e-13
-1.850946692556219618e-11 2.078443616464984852e-11 -3.591052343393937592e-11 5.297716837682374463e-11 2.592960649802983694e-11 -1.980269457802038955e-11 -2.369786508847174604e-12 3.902763021241910422e-11 -1.064264754825072615e-12 6.113230413991790780e-12 5.226884277230777353e-12 4.359144602307323962e-12 1.948973219471747522e-11 6.328371177269094609e-11 9.969560525553784174e-12 6.752316630052185447e-12 4.886850267517544383e-12 -4.671357398390669745e-13 -9.867877371850568235e-13 -4.589519771758994166e-13
2.054833374156311853e-11 3.386988273223176648e-11 -4.600547097899356824e-11 4.766467079481134316e-11 1.918554491666252013e-11 2.318974827531902396e-11 2.887976464321097851e-12 3.470737182905546662e-12 -1.277057353821461317e-11 -6.242285816170587369e-12 1.415219921550912491e-11 3.676135758595539187e-12 2.295876512412325836e-12 9.969560525553784174e-12 4.617237532203968955e-11 9.328899300100036714e-12 2.353625297691566357e-12 2.203160315510182803e-12 -3.454480165135201876e-13 -3.703467131238756731e-14
-4.397183033905421244e-11 7.018583342140060757e-11 -4.992102048488923739e-11 -7.404452925452881275e-13 2.718969546339202721e-11 -9.019518258343780252e-12 3.602487410947505796e-11 -1.291189551608527924e-11 -5.079633293838451294e-12 1.320939792362591512e-11 4.924937816128083803e-12 1.144240002555144332e-11 3.929627410956341036e-12 6.752316630052185447e-12 9.328899300100036714e-12 3.057624099042035100e-11 1.046684457899498395e-11 5.808625190365210367e-12 1.199235448450129141e-12 -4.077600702123897888e-14
-7.629357360107141586e-11 5.284074230093646598e-11 -3.879129517570008374e-11 5.954600842102063697e-11 -2.239012119001857493e-11 -2.833986079706728650e-12 2.794628545580970047e-11 -7.915334731421055199e-12 -3.150220701185327079e-12 2.232243465486366134e-12 -5.747951202864931413e-12 5.335822012156161182e-12 -3.540012871456060202e-12 4.886850267517544383e-12 2.353625297691566357e-12 1.046684457899498395e-11 2.734639180487453899e-11 8.828255076060717137e-12 1.275466684992590515e-12 2.056944843567947753e-14
7.666950412024121940e-12 1.756164821914115664e-11 -1.315855916994585128e-11 1.177708552610417514e-11 -1.233137376603873232e-11 -3.483625106539260751e-12 1.002727483111746703e-11 -5.317049504452543158e-12 1.047386550613587620e-13 3.011584476848980643e-12 -7.096103447292013024e-12 -3.972431612094423399e-12 -6.539793284977680768e-13 -4.671357398390669745e-13 2.203160315510182803e-12 5.808625190365210367e-12 8.828255076060717137e-12 1.594811777740713156e-11 3.272705351547817533e-12 4.189509312029318171e-13
2.540160831709666839e-11 1.920148237319797981e-11 7.323615102822839313e-12 2.096670327845823917e-11 -4.180109243609880749e-12 7.494992724815658794e-12 5.908978249767371538e-13 -6.406460204080271796e-12 3.694295682231908877e-12 1.129315287708972060e-11 6.157943844025926641e-13 -5.277583642519898114e-12 -4.629786970648389273e-13 -9.867877371850568235e-13 -3.454480165135201876e-13 1.199235448450129141e-12 1.275466684992590515e-12 3.272705351547817533e-12 1.217328466929387577e-11 7.048839133023437455e-13
2.154237065487238541e-11 8.780266762788397910e-12 -3.767304346273132903e-12 1.875274031611675969e-11 1.134345201972660531e-11 9.072910833097022248e-12 3.346604866187414840e-13 -6.966914473041189059e-12 3.375234062328054142e-12 4.177214183954278211e-13 6.316403665010778431e-12 -2.788989254308784401e-12 9.665804056215016066e-13 -4.589519771758994166e-13 -3.703467131238756731e-14 -4.077600702123897888e-14 2.056944843567947753e-14 4.189509312029318171e-13 7.048839133023437455e-13 9.467783098760804728e-12
