2.548329838582779606e-09 -4.784480286069115905e-11 -1.711098833392076871e-11 1.322158851294129815e-10 -4.229296210037750855e-11 -2.183421725736547574e-12 -1.694554244155856400e-12 -5.714690300336191090e-12 2.116027525893321141e-11 6.133130963512677046e-11 -3.710776570045217806e-11 -1.840530389914151352e-11 2.489367902813509939e-11 -9.812408061871849909e-12 -1.798926915458883338e-11 -4.412306366714995472e-12 -9.115253198061051222e-14 -3.777821049642224950e-13 -8.261179819095595334e-12 -1.135794640123153019e-11 7.627610117773326603e-12 5.170377507190321393e-12 -8.226832743110991630e-13 -1.381107699262319122e-12 -7.137436833663956090e-12 -1.189288664701808287e-11
-4.784480286069115905e-11 1.504442507709148152e-09 1.493468151002109246e-10 2.794320616953891750e-11 -4.055362186473611283e-11 -8.776292987615453235e-11 -5.028072575841347406e-11 -4.554454904613569581e-11 1.007290962678323896e-11 -2.728824604853025587e-11 3.665074373706225740e-11 3.004393472281510207e-11 2.948837307313561734e-11 3.060592988187121664e-11 1.107335783295113868e-11 -2.224070868613663964e-12 -7.200645682156594142e-12 -1.495417285453474701e-11 -3.697628012491132377e-12 -2.879409379064497937e-12 3.212908379007542807e-12 -1.093317961396629986e-11 8.591124425769652766e-12 1.179537834790367717e-11 3.207897913084393510e-12 -2.212965968997901653e-12
-1.711098833392076871e-11 1.493468151002109246e-10 9.244637287366997837e-10 1.309342720066955016e-10 1.683246256066784767e-11 -2.388642722116350325e-11 4.240619660951024459e-11 -3.661384860518124159e-11 -2.300302800633311251e-11 -2.741480168405382384e-11 -4.854143648485295620e-12 -2.378548759545866422e-11 -1.812944337028263004e-11 9.720226693932226094e-12 9.943003369709048537e-12 4.471504978580895290e-12 -7.565703868053360014e-13 -2.285475219455662144e-12 -3.749109201551460753e-12 -2.679235583223721075e-12 -7.607043402507855926e-12 3.125325314981266473e-12 1.940583401583730321e-12 -1.160039400092648500e-12 -2.176886853736041840e-12 6.223336302393977521e-13
1.322158851294129815e-10 2.794320616953891750e-11 1.309342720066955016e-10 6.887915623576306757e-10 1.898548637205676541e-11 1.768224885970242292e-11 4.062954738788426941e-11 6.054017991988551944e-12 -9.362934666720135975e-12 1.587185293190729309e-12 -1.120274484900707989e-11 -1.140021688738975747e-11 7.495916292004942049e-12 7.343050429723354517e-12 1.418975577915730020e-11 2.803489778140684499e-12 1.323737267929672557e-11 -2.763019843031445595e-12 6.813777573617758463e-12 -2.141984365814304123e-12 -7.117097569301311482e-13 -3.743146676920431824e-12 4.061499661390615309e-12 -9.688243964143723987e-13 -3.478319031213571854e-12 -2.295305672539762676e-12
-4.229296210037750855e-11 -4.055362186473611283e-11 1.683246256066784767e-11 1.898548637205676541e-11 4.966865451334295919e-10 2.795761135699153615e-11 3.568762822804804268e-11 4.300716333737570621e-11 1.948814047197154847e-11 -3.320586770897705842e-12 8.883086319815751903e-12 1.004091019827411551e-11 9.570235698358149240e-12 1.690522935358648538e-12 -2.841707878233815349e-12 2.270404924461161417e-12 -3.422673355393639980e-12 2.316018618376880021e-12 4.725150129160326284e-12 -3.632932210529723550e-13 7.394047533750115810e-13 -6.168728689655821457e-12 3.805557370745301495e-12 -1.581090927379685743e-12 4.634045305329343885e-13 -7.875646263021552253e-13
-2.183421725736547574e-12 -8.776292987615453235e-11 -2.388642722116350325e-11 1.768224885970242292e-11 2.795761135699153615e-11 2.979843962901806645e-10 3.243071844288382101e-11 2.061292987184767873e-11 1.265550273774586683e-11 1.538207027112665233e-11 3.633369071070692331e-12 -7.483112577637299665e-12 -8.348786174932491303e-12 -2.146462600415842445e-12 1.018911120281729868e-12 6.466852063941475747e-12 -8.955939108936006702e-13 3.019931368655415269e-12 7.233882269079242286e-12 -9.869130050702544530e-13 1.011977023026171560e-12 -2.442634867100018073e-12 4.272253791396278636e-12 1.039493712685279944e-12 1.252463480286849239e-12 -6.679206689934390955e-14
-1.694554244155856400e-12 -5.028072575841347406e-11 4.240619660951024459e-11 4.062954738788426941e-11 3.568762822804804268e-11 3.243071844288382101e-11 1.995456343468751898e-10 2.634236922939890098e-11 9.744237329576602274e-12 6.847926660548223699e-12 3.313756418174683324e-12 8.445302139031922130e-13 5.465580649016659354e-13 4.335758874926191753e-12 1.979994930831346188e-12 -5.196992435258421971e-12 -5.448813296344179529e-12 -8.276339002629554944e-13 1.715101124300808296e-12 -2.239850284739261035e-12 2.649059715665100650e-12 -2.293434413800498747e-12 -1.828370337382882864e-12 -8.285430021439112248e-13 -8.892646787403919460e-13 -1.463416281737573809e-12
-5.714690300336191090e-12 -4.554454904613569581e-11 -3.661384860518124159e-11 6.054017991988551944e-12 4.300716333737570621e-11 2.061292987184767873e-11 2.634236922939890098e-11 1.409229808830333510e-10 1.544850151093399314e-11 9.827379180477783890e-12 8.071306016121241612e-12 -6.221553269841123070e-12 -6.646315723068769401e-12 7.947993756189067415e-13 -5.118910906179998592e-12 -1.045035591311561057e-12 3.296813641235278696e-12 -1.356767226969750993e-12 -1.087200249256430459e-12 -6.962420380819026129e-13 -2.985739993177254121e-12 8.775304502943629597e-13 1.975810601500932330e-12 2.247618479877524601e-12 -4.025372527715939989e-13 -1.247689406278949068e-12
2.116027525893321141e-11 1.007290962678323896e-11 -2.300302800633311251e-11 -9.362934666720135975e-12 1.948814047197154847e-11 1.265550273774586683e-11 9.744237329576602274e-12 1.544850151093399314e-11 9.360288822618661099e-11 2.103567746724667703e-11 1.006468207884011760e-11 5.087822016752462398e-12 6.821246567895635799e-13 -2.267327070815719918e-12 -3.145246473890919059e-13 -4.227751871512605635e-12 1.952390466465832415e-12 -1.499511789364454560e-13 -1.730847584087838030e-12 -2.940791805205697064e-12 -4.378299195776012680e-12 -1.592141876139797774e-13 2.804081329820214337e-12 2.418430870945136328e-12 3.227021722972863251e-13 -1.142461248389268993e-12
6.133130963512677046e-11 -2.728824604853025587e-11 -2.741480168405382384e-11 1.587185293190729309e-12 -3.320586770897705842e-12 1.538207027112665233e-11 6.847926660548223699e-12 9.827379180477783890e-12 2.103567746724667703e-11 7.081783641398333217e-11 1.956553546537918070e-11 6.154142944607199990e-12 3.342842397021615534e-12 6.811287942209928816e-13 3.009922534894499829e-12 -5.153774963254195452e-12 -2.080469468274702157e-12 2.516402618571751219e-13 -1.917168710926292886e-13 -2.574817681361291136e-12 -6.187073289819172796e-13 -6.651989714734152683e-13 -9.578886983822483101e-13 -1.574041995786276093e-12 1.761233256350692296e-12 -2.829801371170648037e-13
-3.710776570045217806e-11 3.665074373706225740e-11 -4.854143648485295620e-12 -1.120274484900707989e-11 8.883086319815751903e-12 3.633369071070692331e-12 3.313756418174683324e-12 8.071306016121241612e-12 1.006468207884011760e-11 1.956553546537918070e-11 6.081491328379167751e-11 2.103508830696380176e-11 7.004743332038083811e-12 8.058538226535067379e-12 1.596518015817618893e-12 -2.680849049617880613e-12 -4.833395339296268863e-12 -4.890205817149968375e-12 -4.536465440808456835e-12 -2.720106816115495372e-12 -1.149672097719558460e-12 -2.252010329778174881e-12 3.391240327460440637e-13 1.004078526496355042e-12 3.993631987705759617e-13 -5.371568034798130528e-14
-1.840530389914151352e-11 3.004393472281510207e-11 -2.378548759545866422e-11 -1.140021688738975747e-11 1.004091019827411551e-11 -7.483112577637299665e-12 8.445302139031922130e-13 -6.221553269841123070e-12 5.087822016752462398e-12 6.154142944607199990e-12 2.103508830696380176e-11 4.003100152003815573e-11 2.082307674084518777e-11 1.396079116481739838e-11 9.489946910571091353e-12 2.013159321298256789e-12 6.128853173777281144e-13 1.073287954543218496e-13 1.877408877516041824e-12 2.203453710545746210e-12 -5.129957900504324187e-13 -1.808117835837740510e-12 3.129202610974869922e-13 -2.644685627178470426e-13 2.836294036543844171e-13 1.274512609600098524e-12
2.489367902813509939e-11 2.948837307313561734e-11 -1.812944337028263004e-11 7.495916292004942049e-12 9.570235698358149240e-12 -8.348786174932491303e-12 5.465580649016659354e-13 -6.646315723068769401e-12 6.821246567895635799e-13 3.342842397021615534e-12 7.004743332038083811e-12 2.082307674084518777e-11 4.314895674862679747e-11 2.278685154183932332e-11 1.439417745332033459e-11 5.293625028758044584e-12 6.195964813888445617e-13 1.757325488308645552e-12 2.524438046382348795e-12 3.390660409617238255e-12 1.589339678708770537e-13 -1.628029594053386108e-12 -6.127590299097604634e-13 -2.249985830295824550e-12 5.521876361910221652e-13 6.644258710262254166e-13
-9.812408061871849909e-12 3.060592988187121664e-11 9.720226693932226094e-12 7.343050429723354517e-12 1.690522935358648538e-12 -2.146462600415842445e-12 4.335758874926191753e-12 7.947993756189067415e-13 -2.267327070815719918e-12 6.811287942209928816e-13 8.058538226535067379e-12 1.396079116481739838e-11 2.278685154183932332e-11 3.544476386908648614e-11 1.544483831685476957e-11 5.469341510508968857e-12 1.526342907703412880e-12 -2.441472348294424400e-13 1.590516898250546073e-13 2.476107346078902700e-12 1.016121613350100582e-12 -9.141388368985903343e-13 9.660820599644400355e-13 -2.411149452322266318e-12 9.905958492622825929e-13 -9.912863705460053622e-14
-1.798926915458883338e-11 1.107335783295113868e-11 9.943003369709048537e-12 1.418975577915730020e-11 -2.841707878233815349e-12 1.018911120281729868e-12 1.979994930831346188e-12 -5.118910906179998592e-12 -3.145246473890919059e-13 3.009922534894499829e-12 1.596518015817618893e-12 9.489946910571091353e-12 1.439417745332033459e-11 1.544483831685476957e-11 2.561535449812083111e-11 8.968639608350634471e-12 6.710523806131653741e-12 3.541519251402884597e-12 1.562323310705597708e-12 1.070110068292631938e-12 3.444318708954475565e-13 -1.265753755635736284e-12 8.718041505957724475e-13 -2.196954063731690276e-12 -7.686069223285864213e-13 2.538056196437443183e-13
-4.412306366714995472e-12 -2.224070868613663964e-12 4.471504978580895290e-12 2.803489778140684499e-12 2.270404924461161417e-12 6.466852063941475747e-12 -5.196992435258421971e-12 -1.045035591311561057e-12 -4.227751871512605635e-12 -5.153774963254195452e-12 -2.680849049617880613e-12 2.013159321298256789e-12 5.293625028758044584e-12 5.469341510508968857e-12 8.968639608350634471e-12 2.549902399772143853e-11 1.207574382050019057e-11 4.144444420263932761e-12 2.656714351846229547e-12 4.540036425429379203e-13 3.383456194667393916e-13 -9.431790342910118589e-13 -8.002514227294956077e-13 -3.934963470041584173e-13 -5.189513576350510292e-13 7.424241698834783276e-13
-9.115253198061051222e-14 -7.200645682156594142e-12 -7.565703868053360014e-13 1.323737267929672557e-11 -3.422673355393639980e-12 -8.955939108936006702e-13 -5.448813296344179529e-12 3.296813641235278696e-12 1.952390466465832415e-12 -2.080469468274702157e-12 -4.833395339296268863e-12 6.128853173777281144e-13 6.195964813888445617e-13 1.526342907703412880e-12 6.710523806131653741e-12 1.207574382050019057e-11 2.204635171979170639e-11 1.024708513761523148e-11 4.866695139655805416e-12 7.900002802276100409e-13 -1.110802877651116581e-13 -3.109016767149710120e-13 8.423112448093097709e-13 6.838445224692805272e-13 -1.807558906864647701e-12 6.597135071383283920e-13
-3.777821049642224950e-13 -1.495417285453474701e-11 -2.285475219455662144e-12 -2.763019843031445595e-12 2.316018618376880021e-12 3.019931368655415269e-12 -8.276339002629554944e-13 -1.356767226969750993e-12 -1.499511789364454560e-13 2.516402618571751219e-13 -4.890205817149968375e-12 1.073287954543218496e-13 1.757325488308645552e-12 -2.441472348294424400e-13 3.541519251402884597e-12 4.144444420263932761e-12 1.024708513761523148e-11 1.737887968438607594e-11 1.074269143582794139e-11 4.286085692044052779e-12 2.557321554620023379e-12 4.076674869379796274e-13 -5.601946080847561622e-13 -7.245834093347308621e-13 -1.151727395846259133e-12 9.744597910543704023e-13
-8.261179819095595334e-12 -3.697628012491132377e-12 -3.749109201551460753e-12 6.813777573617758463e-12 4.725150129160326284e-12 7.233882269079242286e-12 1.715101124300808296e-12 -1.087200249256430459e-12 -1.730847584087838030e-12 -1.917168710926292886e-13 -4.536465440808456835e-12 1.877408877516041824e-12 2.524438046382348795e-12 1.590516898250546073e-13 1.562323310705597708e-12 2.656714351846229547e-12 4.866695139655805416e-12 1.074269143582794139e-11 1.863400905446940906e-11 7.322705756615312301e-12 3.332024614916131572e-12 -4.177490093119397929e-13 -6.284179965141299541e-13 -2.875603307880233416e-13 -1.039891016406724054e-12 1.126360576840405765e-12
-1.135794640123153019e-11 -2.879409379064497937e-12 -2.679235583223721075e-12 -2.141984365814304123e-12 -3.632932210529723550e-13 -9.869130050702544530e-13 -2.239850284739261035e-12 -6.962420380819026129e-13 -2.940791805205697064e-12 -2.574817681361291136e-12 -2.720106816115495372e-12 2.203453710545746210e-12 3.390660409617238255e-12 2.476107346078902700e-12 1.070110068292631938e-12 4.540036425429379203e-13 7.900002802276100409e-13 4.286085692044052779e-12 7.322705756615312301e-12 1.533246431782975647e-11 7.708273804646681036e-12 2.232054641083084504e-12 -3.686383458532297298e-13 -1.939419554823403165e-13 -1.786328653798163311e-13 8.488219022812687071e-13
7.627610117773326603e-12 3.212908379007542807e-12 -7.607043402507855926e-12 -7.117097569301311482e-13 7.394047533750115810e-13 1.011977023026171560e-12 2.649059715665100650e-12 -2.985739993177254121e-12 -4.378299195776012680e-12 -6.187073289819172796e-13 -1.149672097719558460e-12 -5.129957900504324187e-13 1.589339678708770537e-13 1.016121613350100582e-12 3.444318708954475565e-13 3.383456194667393916e-13 -1.110802877651116581e-13 2.557321554620023379e-12 3.332024614916131572e-12 7.708273804646681036e-12 1.448900535053531754e-11 5.984889543786157947e-12 1.506066102163228797e-12 -4.514451557444436490e-13 -2.019866083236828171e-13 6.986661448080095287e-13
5.170377507190321393e-12 -1.093317961396629986e-11 3.125325314981266473e-12 -3.743146676920431824e-12 -6.168728689655821457e-12 -2.442634867100018073e-12 -2.293434413800498747e-12 8.775304502943629597e-13 -1.592141876139797774e-13 -6.651989714734152683e-13 -2.252010329778174881e-12 -1.808117835837740510e-12 -1.628029594053386108e-12 -9.141388368985903343e-13 -1.265753755635736284e-12 -9.431790342910118589e-13 -3.109016767149710120e-13 4.076674869379796274e-13 -4.177490093119397929e-13 2.232054641083084504e-12 5.984889543786157947e-12 9.343478475042550542e-12 2.047946864311903770e-12 -1.540574986702872710e-13 -1.240940015375618394e-13 7.092044781471352172e-14
-8.226832743110991630e-13 8.591124425769652766e-12 1.940583401583730321e-12 4.061499661390615309e-12 3.805557370745301495e-12 4.272253791396278636e-12 -1.828370337382882864e-12 1.975810601500932330e-12 2.804081329820214337e-12 -9.578886983822483101e-13 3.391240327460440637e-13 3.129202610974869922e-13 -6.127590299097604634e-13 9.660820599644400355e-13 8.718041505957724475e-13 -8.002514227294956077e-13 8.423112448093097709e-13 -5.601946080847561622e-13 -6.284179965141299541e-13 -3.686383458532297298e-13 1.506066102163228797e-12 2.047946864311903770e-12 7.027614901416929877e-12 9.465930754918893999e-13 -2.138081449948609680e-13 -1.883240741650183523e-13
-1.381107699262319122e-12 1.179537834790367717e-11 -1.160039400092648500e-12 -9.688243964143723987e-13 -1.581090927379685743e-12 1.039493712685279944e-12 -8.285430021439112248e-13 2.247618479877524601e-12 2.418430870945136328e-12 -1.574041995786276093e-12 1.004078526496355042e-12 -2.644685627178470426e-13 -2.249985830295824550e-12 -2.411149452322266318e-12 -2.196954063731690276e-12 -3.934963470041584173e-13 6.838445224692805272e-13 -7.245834093347308621e-13 -2.875603307880233416e-13 -1.939419554823403165e-13 -4.514451557444436490e-13 -1.540574986702872710e-13 9.465930754918893999e-13 4.885205445697492887e-12 1.266992167861787985e-13 1.183655559528089239e-13
-7.137436833663956090e-12 3.207897913084393510e-12 -2.176886853736041840e-12 -3.478319031213571854e-12 4.634045305329343885e-13 1.252463480286849239e-12 -8.892646787403919460e-13 -4.025372527715939989e-13 3.227021722972863251e-13 1.761233256350692296e-12 3.993631987705759617e-13 2.836294036543844171e-13 5.521876361910221652e-13 9.905958492622825929e-13 -7.686069223285864213e-13 -5.189513576350510292e-13 -1.807558906864647701e-12 -1.151727395846259133e-12 -1.039891016406724054e-12 -1.786328653798163311e-13 -2.019866083236828171e-13 -1.240940015375618394e-13 -2.138081449948609680e-13 1.266992167861787985e-13 4.238611651428362793e-12 3.825064025205305442e-13
-1.189288664701808287e-11 -2.212965968997901653e-12 6.223336302393977521e-13 -2.295305672539762676e-12 -7.875646263021552253e-13 -6.679206689934390955e-14 -1.463416281737573809e-12 -1.247689406278949068e-12 -1.142461248389268993e-12 -2.829801371170648037e-13 -5.371568034798130528e-14 1.274512609600098524e-12 6.644258710262254166e-13 -9.912863705460053622e-14 2.538056196437443183e-13 7.424241698834783276e-13 6.597135071383283920e-13 9.744597910543704023e-13 1.126360576840405765e-12 8.488219022812687071e-13 6.986661448080095287e-13 7.092044781471352172e-14 -1.883240741650183523e-13 1.183655559528089239e-13 3.825064025205305442e-13 2.444182664420444502e-12
