2.869019157800753466e-09 4.611235026213188408e-11 -1.782117872344828804e-10 7.654212332124122193e-12 -1.281651819460388010e-10 4.971827867739820310e-11 -4.489709639884952642e-11 -3.749997594888519359e-11 4.659274626643893312e-11 4.516906576092679364e-11 -2.680985509455143827e-12 -1.791718581622734685e-11 1.316431609143195009e-11 1.993169142982096601e-11 1.836551161162914228e-11 1.046293463519620181e-11 -5.472261799323889889e-12 1.299949859478813539e-11 8.170565220556099851e-12 3.226652077104903821e-12 -1.330333775241460408e-12 -2.914832454762321338e-12 4.420794788103605693e-12 4.333099981326954024e-12 3.556800694826648013e-12 2.359315739759658768e-12
4.611235026213188408e-11 2.095429285321382922e-09 2.880487831451274023e-11 1.081346085159253983e-10 -3.919881595585579337e-11 3.376624007716146672e-11 -2.728170969455589132e-11 3.371604038357317169e-11 -2.029119267032121889e-12 -9.553267189850005314e-12 -4.654492119308030362e-12 1.837359486988440677e-11 -5.393998908190652769e-12 2.827142712953923316e-11 6.858459410392913197e-12 1.769420470949958425e-11 -4.597259851763414625e-12 1.013211437359247932e-12 -1.163193020754829997e-11 -5.087524766012335743e-12 -1.331799160982409738e-11 5.475637995163648571e-12 1.613901474721098631e-11 4.414008697067429600e-12 9.318843754397784534e-12 1.116035757382469967e-11
-1.782117872344828804e-10 2.880487831451274023e-11 1.480194522765789538e-09 4.332891459255792149e-11 1.223676956217170979e-10 7.960787913423384278e-11 1.461039419580085953e-11 1.154524781582467098e-11 5.172117248581150511e-11 1.241654481314024534e-11 3.941525112967574417e-11 2.092098640890421281e-11 6.093446044062795430e-12 2.540328911672246782e-12 -5.496967887807397910e-12 -8.966798946328148008e-12 -4.745045283096725715e-12 1.693863487835433338e-11 -4.227874465690671487e-12 -2.074094724518046934e-12 7.122691266470673067e-12 4.141137850010146527e-12 1.040011485682673065e-12 4.926863686821703395e-12 5.795062818891659889e-12 4.175582681508481419e-12
7.654212332124122193e-12 1.081346085159253983e-10 4.332891459255792149e-11 9.386355038216567239e-10 -1.600977483605839657e-11 -9.788164923190804723e-12 -6.869093848031898990e-12 1.836832020326121767e-11 7.669245891814172511e-12 1.618888802474902638e-11 1.339974186149802526e-11 9.386941609975307150e-13 -1.228005486928876413e-11 9.090697028135644931e-12 2.645452909492108221e-12 3.291645910661770497e-12 1.004770913087927194e-11 -6.278345223842869109e-12 -1.152647781505887669e-11 -9.514732895807570621e-12 -1.822259600024988815e-11 -1.731618379818526914e-12 -2.031186104162970329e-12 1.645408960921388567e-12 -6.477564317162464696e-12 2.884123868802986457e-12
-1.281651819460388010e-10 -3.919881595585579337e-11 1.223676956217170979e-10 -1.600977483605839657e-11 5.469074816810797478e-10 3.717731726695227359e-11 -5.816647182458082389e-12 1.079607488198089955e-11 5.477422763203461251e-12 -2.180621403038548674e-11 -1.106205826047259368e-11 -1.790376800030743150e-11 -2.780603461207064262e-12 8.575980680864208057e-13 -7.273952606541329750e-12 -7.720195994656633240e-12 -2.331808983035437398e-12 -7.346677329597325880e-13 -1.505551356738105908e-11 -8.022347641588059359e-12 1.084247447232031620e-12 5.211520275758197616e-12 1.870323175116806815e-12 -3.065507593843674524e-12 -1.542063450404935775e-12 -1.344453116774545754e-13
4.971827867739820310e-11 3.376624007716146672e-11 7.960787913423384278e-11 -9.788164923190804723e-12 3.717731726695227359e-11 3.591042445699252967e-10 1.735149635122011043e-11 2.663960089810971157e-11 -9.727115950419740383e-13 5.404467103848652311e-12 -1.118253127473430250e-11 4.170906263821033600e-12 2.414147342417148035e-13 4.084808569536038900e-12 5.211463639957838922e-12 -1.931100276022100522e-13 -1.048752838515943523e-11 9.496958589172895138e-14 -5.537558806353803494e-12 -3.592254237582992498e-12 -5.603135302755469893e-13 -6.797974666832960494e-13 7.089262596820005828e-12 1.967169434030041213e-12 -1.099532720498983958e-12 -2.771621417559853170e-12
-4.489709639884952642e-11 -2.728170969455589132e-11 1.461039419580085953e-11 -6.869093848031898990e-12 -5.816647182458082389e-12 1.735149635122011043e-11 2.616002359849031402e-10 8.520361005705253737e-12 3.181831322859305064e-11 1.382774246802686463e-11 7.534349945188268639e-12 1.796458638055020038e-12 -1.725948666137974026e-12 2.834243746151105983e-12 1.849664817219651416e-12 -2.585212670557705257e-12 -5.719549313781773920e-12 -6.396004363271015032e-12 -7.607497654250236451e-12 -1.537282310124145481e-11 -1.259467598036854668e-11 3.550455561893382334e-13 2.013416237655730045e-12 1.754061671813782532e-12 -2.464452164679300323e-12 -1.168499844518769494e-12
-3.749997594888519359e-11 3.371604038357317169e-11 1.154524781582467098e-11 1.836832020326121767e-11 1.079607488198089955e-11 2.663960089810971157e-11 8.520361005705253737e-12 2.025701597465453140e-10 2.922293968211438183e-11 2.374163734408251174e-11 7.391730468108169758e-13 1.476475893080495833e-13 -2.664440460285583144e-12 3.190265757975013749e-12 3.652602051230504245e-12 2.723354307927164798e-12 2.088372414312610101e-12 1.168357834282714779e-12 5.133742906006950219e-13 -2.683657218757129290e-12 -8.610045071623654763e-12 -3.739773292958408359e-12 1.327876387383052623e-12 -1.450292208584941842e-14 -1.928519244395127079e-12 -2.315754121301822965e-12
4.659274626643893312e-11 -2.029119267032121889e-12 5.172117248581150511e-11 7.669245891814172511e-12 5.477422763203461251e-12 -9.727115950419740383e-13 3.181831322859305064e-11 2.922293968211438183e-11 1.314056878993380459e-10 2.871066402749457141e-11 1.506387707349372728e-11 -5.195681528241409419e-12 -6.864080927729260317e-13 -4.009146480154383855e-12 5.210349570665527611e-13 1.859740694082023862e-12 -1.601649456804052920e-12 -3.757418924360576203e-12 8.883695880139843492e-13 -3.084503540575206754e-12 -1.107993628209010916e-12 2.887835396122833330e-12 -1.110745566442092132e-12 -3.409437965534210463e-12 -1.857018377293366698e-12 -1.926448819883777510e-12
4.516906576092679364e-11 -9.553267189850005314e-12 1.241654481314024534e-11 1.618888802474902638e-11 -2.180621403038548674e-11 5.404467103848652311e-12 1.382774246802686463e-11 2.374163734408251174e-11 2.871066402749457141e-11 9.678121997981257381e-11 2.326383065106250240e-11 8.161884140615074863e-12 2.324030203007378956e-12 -7.169637775393946040e-12 -2.390443489328509052e-12 2.195200947840064126e-12 1.600656019357850817e-12 1.542644733799677491e-12 1.301038673258802905e-12 2.021558743846957849e-12 -1.253663471292640632e-12 7.107994420608461896e-14 1.645336072313509616e-13 -9.558112693218805545e-13 -3.461673736159406665e-12 -2.126592064471762006e-12
-2.680985509455143827e-12 -4.654492119308030362e-12 3.941525112967574417e-11 1.339974186149802526e-11 -1.106205826047259368e-11 -1.118253127473430250e-11 7.534349945188268639e-12 7.391730468108169758e-13 1.506387707349372728e-11 2.326383065106250240e-11 7.898644594453527191e-11 1.443176108102690752e-11 6.384160531066102397e-12 -4.835683000969897102e-12 -1.519239630307709093e-12 -6.717076182054838363e-13 -2.736444958827638004e-12 -2.335995287793224873e-12 -2.070059697463243044e-12 -1.288722164482270707e-12 -1.781118616892785653e-12 6.150597133926576753e-13 -2.511996087327458892e-12 -1.073921215551084796e-12 -1.124641406513773222e-12 -2.194908870633800789e-12
-1.791718581622734685e-11 1.837359486988440677e-11 2.092098640890421281e-11 9.386941609975307150e-13 -1.790376800030743150e-11 4.170906263821033600e-12 1.796458638055020038e-12 1.476475893080495833e-13 -5.195681528241409419e-12 8.161884140615074863e-12 1.443176108102690752e-11 5.404687532823979035e-11 1.222153543165649630e-11 4.038474171768549713e-12 4.729537390748878847e-12 3.987951564598489642e-12 -1.488706636498213498e-12 -1.035026988307370850e-12 8.008280779523333504e-13 8.099279316919599966e-13 -6.091623862697125921e-13 -5.615022957863859798e-13 2.793975460881294764e-12 1.939992607088985088e-12 2.819089706704284814e-12 -5.624206983066732273e-14
1.316431609143195009e-11 -5.393998908190652769e-12 6.093446044062795430e-12 -1.228005486928876413e-11 -2.780603461207064262e-12 2.414147342417148035e-13 -1.725948666137974026e-12 -2.664440460285583144e-12 -6.864080927729260317e-13 2.324030203007378956e-12 6.384160531066102397e-12 1.222153543165649630e-11 4.124302357155665000e-11 1.010260103016900235e-11 7.327136460202197065e-12 3.445579309656114636e-12 1.023379178980260787e-12 -1.135113025046575283e-12 -5.140313758827292116e-13 9.410840769272504461e-13 2.159670455102357063e-12 9.298175552568418142e-13 1.618746190592584119e-12 2.053298865453411617e-13 2.249593976857501297e-12 5.530042681345569314e-13
1.993169142982096601e-11 2.827142712953923316e-11 2.540328911672246782e-12 9.090697028135644931e-12 8.575980680864208057e-13 4.084808569536038900e-12 2.834243746151105983e-12 3.190265757975013749e-12 -4.009146480154383855e-12 -7.169637775393946040e-12 -4.835683000969897102e-12 4.038474171768549713e-12 1.010260103016900235e-11 3.266561070187906818e-11 1.448571913978739118e-11 5.252038587081288179e-12 3.847409686827752863e-12 -1.245522399193886543e-12 -1.568048459878395330e-12 -2.053301468968348605e-12 -1.647119443000721772e-13 1.438357683057769722e-12 2.264863828368283787e-12 2.119866522163933668e-12 2.207424911536720214e-12 7.653345905629354591e-13
1.836551161162914228e-11 6.858459410392913197e-12 -5.496967887807397910e-12 2.645452909492108221e-12 -7.273952606541329750e-12 5.211463639957838922e-12 1.849664817219651416e-12 3.652602051230504245e-12 5.210349570665527611e-13 -2.390443489328509052e-12 -1.519239630307709093e-12 4.729537390748878847e-12 7.327136460202197065e-12 1.448571913978739118e-11 3.076483521895317489e-11 1.080186842957101561e-11 7.439887831216560858e-12 3.132168291657150651e-12 1.773801570227674428e-12 2.576900349613980552e-13 -7.542093176086304876e-13 4.592529790008351193e-13 3.318639489027630118e-13 8.441647567519757753e-13 2.348888608268958755e-12 4.111771715164758745e-13
1.046293463519620181e-11 1.769420470949958425e-11 -8.966798946328148008e-12 3.291645910661770497e-12 -7.720195994656633240e-12 -1.931100276022100522e-13 -2.585212670557705257e-12 2.723354307927164798e-12 1.859740694082023862e-12 2.195200947840064126e-12 -6.717076182054838363e-13 3.987951564598489642e-12 3.445579309656114636e-12 5.252038587081288179e-12 1.080186842957101561e-11 2.180161558587539711e-11 1.153144488618317732e-11 5.720689285904286935e-12 1.159858261873008278e-12 2.264190747474026181e-12 1.434064314445230842e-12 4.747897524919150142e-13 5.637094896577507466e-13 1.494228455234149610e-12 2.097307390752717095e-12 4.850401055936206546e-13
-5.472261799323889889e-12 -4.597259851763414625e-12 -4.745045283096725715e-12 1.004770913087927194e-11 -2.331808983035437398e-12 -1.048752838515943523e-11 -5.719549313781773920e-12 2.088372414312610101e-12 -1.601649456804052920e-12 1.600656019357850817e-12 -2.736444958827638004e-12 -1.488706636498213498e-12 1.023379178980260787e-12 3.847409686827752863e-12 7.439887831216560858e-12 1.153144488618317732e-11 2.282536047766474120e-11 1.156793872074764719e-11 4.124535434854744967e-12 1.691490266409254813e-12 1.705644600571179139e-12 2.115564169197340030e-12 -2.688651829656320032e-13 6.097485197316529178e-15 1.476174540094253429e-12 8.471033255700251812e-13
1.299949859478813539e-11 1.013211437359247932e-12 1.693863487835433338e-11 -6.278345223842869109e-12 -7.346677329597325880e-13 9.496958589172895138e-14 -6.396004363271015032e-12 1.168357834282714779e-12 -3.757418924360576203e-12 1.542644733799677491e-12 -2.335995287793224873e-12 -1.035026988307370850e-12 -1.135113025046575283e-12 -1.245522399193886543e-12 3.132168291657150651e-12 5.720689285904286935e-12 1.156793872074764719e-11 2.084592716621506381e-11 9.894522166299773865e-12 4.032029350240105091e-12 2.983270257205027290e-12 1.477377216626413829e-12 3.534314274711168116e-13 2.576971297691898527e-13 3.359660734564144222e-13 1.682659214853253992e-13
8.170565220556099851e-12 -1.163193020754829997e-11 -4.227874465690671487e-12 -1.152647781505887669e-11 -1.505551356738105908e-11 -5.537558806353803494e-12 -7.607497654250236451e-12 5.133742906006950219e-13 8.883695880139843492e-13 1.301038673258802905e-12 -2.070059697463243044e-12 8.008280779523333504e-13 -5.140313758827292116e-13 -1.568048459878395330e-12 1.773801570227674428e-12 1.159858261873008278e-12 4.124535434854744967e-12 9.894522166299773865e-12 1.846118196117743859e-11 6.963295616831612781e-12 2.723270121291719464e-12 1.124263241456934730e-12 -5.846816248838079000e-13 -1.524709926203881390e-13 1.211325396895422958e-13 2.886738544406050397e-13
3.226652077104903821e-12 -5.087524766012335743e-12 -2.074094724518046934e-12 -9.514732895807570621e-12 -8.022347641588059359e-12 -3.592254237582992498e-12 -1.537282310124145481e-11 -2.683657218757129290e-12 -3.084503540575206754e-12 2.021558743846957849e-12 -1.288722164482270707e-12 8.099279316919599966e-13 9.410840769272504461e-13 -2.053301468968348605e-12 2.576900349613980552e-13 2.264190747474026181e-12 1.691490266409254813e-12 4.032029350240105091e-12 6.963295616831612781e-12 1.695816763722974264e-11 8.986204220508838853e-12 3.482629939603951699e-12 3.402535512571460745e-13 8.401805983203864447e-13 -3.648501997691197443e-13 -1.060399671157284218e-12
-1.330333775241460408e-12 -1.331799160982409738e-11 7.122691266470673067e-12 -1.822259600024988815e-11 1.084247447232031620e-12 -5.603135302755469893e-13 -1.259467598036854668e-11 -8.610045071623654763e-12 -1.107993628209010916e-12 -1.253663471292640632e-12 -1.781118616892785653e-12 -6.091623862697125921e-13 2.159670455102357063e-12 -1.647119443000721772e-13 -7.542093176086304876e-13 1.434064314445230842e-12 1.705644600571179139e-12 2.983270257205027290e-12 2.723270121291719464e-12 8.986204220508838853e-12 1.754252002250134412e-11 6.536464310303518681e-12 1.563096326462751352e-12 -8.000878059284482009e-14 -6.094750295379306118e-13 -1.118486445002708068e-12
-2.914832454762321338e-12 5.475637995163648571e-12 4.141137850010146527e-12 -1.731618379818526914e-12 5.211520275758197616e-12 -6.797974666832960494e-13 3.550455561893382334e-13 -3.739773292958408359e-12 2.887835396122833330e-12 7.107994420608461896e-14 6.150597133926576753e-13 -5.615022957863859798e-13 9.298175552568418142e-13 1.438357683057769722e-12 4.592529790008351193e-13 4.747897524919150142e-13 2.115564169197340030e-12 1.477377216626413829e-12 1.124263241456934730e-12 3.482629939603951699e-12 6.536464310303518681e-12 1.134827274123823602e-11 3.621301257186217847e-12 6.229016128151005030e-13 -1.497154692972219822e-13 -3.560856185706413994e-13
4.420794788103605693e-12 1.613901474721098631e-11 1.040011485682673065e-12 -2.031186104162970329e-12 1.870323175116806815e-12 7.089262596820005828e-12 2.013416237655730045e-12 1.327876387383052623e-12 -1.110745566442092132e-12 1.645336072313509616e-13 -2.511996087327458892e-12 2.793975460881294764e-12 1.618746190592584119e-12 2.264863828368283787e-12 3.318639489027630118e-13 5.637094896577507466e-13 -2.688651829656320032e-13 3.534314274711168116e-13 -5.846816248838079000e-13 3.402535512571460745e-13 1.563096326462751352e-12 3.621301257186217847e-12 8.602498450734532408e-12 2.977547350602004172e-12 1.111330180461352756e-13 1.963656223401687054e-13
4.333099981326954024e-12 4.414008697067429600e-12 4.926863686821703395e-12 1.645408960921388567e-12 -3.065507593843674524e-12 1.967169434030041213e-12 1.754061671813782532e-12 -1.450292208584941842e-14 -3.409437965534210463e-12 -9.558112693218805545e-13 -1.073921215551084796e-12 1.939992607088985088e-12 2.053298865453411617e-13 2.119866522163933668e-12 8.441647567519757753e-13 1.494228455234149610e-12 6.097485197316529178e-15 2.576971297691898527e-13 -1.524709926203881390e-13 8.401805983203864447e-13 -8.000878059284482009e-14 6.229016128151005030e-13 2.977547350602004172e-12 5.995569397875575747e-12 8.593438504371263338e-13 -6.592586997769222698e-14
3.556800694826648013e-12 9.318843754397784534e-12 5.795062818891659889e-12 -6.477564317162464696e-12 -1.542063450404935775e-12 -1.099532720498983958e-12 -2.464452164679300323e-12 -1.928519244395127079e-12 -1.857018377293366698e-12 -3.461673736159406665e-12 -1.124641406513773222e-12 2.819089706704284814e-12 2.249593976857501297e-12 2.207424911536720214e-12 2.348888608268958755e-12 2.097307390752717095e-12 1.476174540094253429e-12 3.359660734564144222e-13 1.211325396895422958e-13 -3.648501997691197443e-13 -6.094750295379306118e-13 -1.497154692972219822e-13 1.111330180461352756e-13 8.593438504371263338e-13 5.139653011984325527e-12 1.437252329728741034e-12
2.359315739759658768e-12 1.116035757382469967e-11 4.175582681508481419e-12 2.884123868802986457e-12 -1.344453116774545754e-13 -2.771621417559853170e-12 -1.168499844518769494e-12 -2.315754121301822965e-12 -1.926448819883777510e-12 -2.126592064471762006e-12 -2.194908870633800789e-12 -5.624206983066732273e-14 5.530042681345569314e-13 7.653345905629354591e-13 4.111771715164758745e-13 4.850401055936206546e-13 8.471033255700251812e-13 1.682659214853253992e-13 2.886738544406050397e-13 -1.060399671157284218e-12 -1.118486445002708068e-12 -3.560856185706413994e-13 1.963656223401687054e-13 -6.592586997769222698e-14 1.437252329728741034e-12 3.960323208241039754e-12
