2.721586474520796095e-09 3.476037767686471692e-10 2.316240952418386494e-10 2.774380270076600855e-11 1.205234528183673296e-10 6.068244128507796025e-11 -6.644144072737391393e-11 5.053324032443973644e-12 4.530174438635020653e-12 2.227955401967554484e-11 -7.058424032850316031e-13 -4.328151154502315789e-11 -3.556653187107439002e-11 6.409666939754108306e-12 -9.977791260288560056e-12 1.038006132427971921e-11 -3.102123252560273005e-11 4.249656893120136611e-12 1.153859593419484376e-11 1.695851254069612254e-11 1.962856627600638286e-11 2.481320342295525122e-11 1.248098376329894070e-11 6.538638509837431266e-12 -2.795179800460450508e-12 1.003421470629358612e-12
3.476037767686471692e-10 1.649629763887009985e-09 2.166214083582865381e-11 -1.244508566703037225e-11 4.018973407516265224e-11 2.658856695415805955e-11 1.748824851324465387e-11 -6.531213410877249703e-12 -4.475096097292517611e-11 -1.093035940613376108e-11 -2.877111119483689337e-11 -1.137739671895792474e-11 -2.292863937511769792e-11 2.196392076005510313e-13 -9.301777152286611096e-12 -1.049379643944220548e-12 -1.694402440628760829e-11 -9.288118773425374370e-12 3.079948831399980658e-13 4.425817911195053340e-12 -8.264782816683787710e-12 3.793241765130881773e-12 5.391538210017515916e-13 4.958388939911709731e-12 1.167045965630169832e-12 5.416078034667436071e-12
2.316240952418386494e-10 2.166214083582865381e-11 1.109414445045367391e-09 1.002244705345203759e-10 8.475901342583249418e-11 4.834307722981655603e-11 -2.793204695640910340e-11 -1.557766001168068456e-11 -3.800359648696874824e-11 -2.990992510033185004e-11 -2.313657100470217848e-12 -2.146471093498193162e-11 1.597039480445306070e-12 -1.515728552091859894e-11 -9.982143841109186779e-15 8.382304311655537051e-12 2.147888328490865250e-12 -3.864385250313924675e-12 2.885273766267014472e-13 1.573842168735287258e-11 1.356980066591814998e-11 7.989078716006149406e-12 3.968389723323138149e-13 -1.108426465606093423e-12 -5.972884069744742663e-13 -2.944553739671594825e-12
2.774380270076600855e-11 -1.244508566703037225e-11 1.002244705345203759e-10 6.916457281434534875e-10 4.969002751487952987e-11 5.364480536718687285e-11 1.532163865224878355e-11 3.595905717471063183e-12 -1.752072115144569113e-11 1.681884795058952330e-11 2.414391293334325338e-11 -2.585843280311189578e-13 1.942229296162430424e-11 2.774221420146350342e-11 1.543653007335623854e-11 2.081025268304344454e-11 1.616005429674404389e-11 7.732017732641405142e-12 2.494956929153562991e-12 2.287858582730658240e-12 -6.201580408731584194e-12 4.300582008600613429e-12 1.992580464346166801e-13 -5.076486045709780954e-12 1.003972897670696423e-12 2.024886316806850115e-12
1.205234528183673296e-10 4.018973407516265224e-11 8.475901342583249418e-11 4.969002751487952987e-11 4.402770273788667376e-10 1.531363755379146429e-11 7.884751765272301184e-12 -1.511543233122515861e-11 -1.304184430714150194e-11 9.211589076608165331e-12 -8.662336022144815824e-12 5.108961380777534732e-12 6.851995197133727837e-12 -3.299162476060936446e-13 7.791822574694555769e-13 1.237608192160839087e-11 2.135646192708374547e-12 -7.289406264645660464e-12 -4.823375067710405396e-12 1.006674483401989359e-11 1.024891306089226093e-12 6.759454319140706029e-12 7.862629275397608087e-12 -4.476849028038702199e-13 -2.029089342997701059e-12 2.025288077978257178e-12
6.068244128507796025e-11 2.658856695415805955e-11 4.834307722981655603e-11 5.364480536718687285e-11 1.531363755379146429e-11 3.284914761980523907e-10 1.592991306379140794e-11 1.113547504580644965e-11 7.597239715643947793e-12 1.238515758345810182e-11 2.004634614899521497e-11 1.601375120585389781e-11 2.442785056379123084e-12 4.297947106373970891e-12 4.594347617935225224e-12 3.332785604476935193e-12 3.560971734556270708e-12 -2.014410532600476353e-12 -2.919461304197355661e-12 5.749415307013786860e-12 7.707792011240130587e-13 -3.516882283164810592e-12 1.997611249426848171e-13 -9.154561280159275780e-13 1.200996326096537692e-12 -3.824009203862659843e-13
-6.644144072737391393e-11 1.748824851324465387e-11 -2.793204695640910340e-11 1.532163865224878355e-11 7.884751765272301184e-12 1.592991306379140794e-11 1.921912014931730422e-10 1.921920059836785944e-11 -4.132769319976918854e-13 2.141506452653514424e-12 5.887144330030464935e-13 8.148952147079189670e-12 3.378302820756800817e-12 -4.372222254603610903e-12 -2.625001191320481487e-13 3.681401944461463130e-12 2.840188454308191043e-12 1.908509171683065764e-12 1.412839281767619431e-12 3.855378612412377908e-12 2.703826696585095019e-12 2.142594083204155425e-12 -8.600961159741799974e-13 6.981855530304728394e-13 1.748844226585240703e-14 -1.041284073052530184e-12
5.053324032443973644e-12 -6.531213410877249703e-12 -1.557766001168068456e-11 3.595905717471063183e-12 -1.511543233122515861e-11 1.113547504580644965e-11 1.921920059836785944e-11 1.393067447271736647e-10 1.689280244214538681e-11 1.099505351126753289e-11 6.569575416706369865e-12 5.146430546791725698e-12 7.253244578234701615e-12 7.489376402710771118e-12 2.290880709134141135e-12 3.018765954569897583e-12 1.694443403261151226e-12 -1.335376588946060910e-12 5.714266237130507038e-12 -3.576250703638214816e-12 -5.537422489391536554e-12 -1.987013312155675090e-12 2.633099641168110971e-12 2.540705261922124250e-13 -1.781611397282301449e-12 -9.188137526713995222e-13
4.530174438635020653e-12 -4.475096097292517611e-11 -3.800359648696874824e-11 -1.752072115144569113e-11 -1.304184430714150194e-11 7.597239715643947793e-12 -4.132769319976918854e-13 1.689280244214538681e-11 1.016559031953789439e-10 2.082907064154686582e-11 1.852559451329456898e-11 2.996211648149539976e-12 5.066403911724917768e-12 -3.674501275137930017e-12 -2.665899058303056263e-13 -5.167647815980166585e-12 -9.894722219321013054e-13 7.001693608752462972e-13 1.457369651379552559e-12 -3.258447908142933278e-12 -1.018877611576887471e-12 -3.076440306553183647e-12 2.688345580300301059e-13 -4.603484608685920003e-13 -1.247596950651270953e-12 -8.623091186248337846e-13
2.227955401967554484e-11 -1.093035940613376108e-11 -2.990992510033185004e-11 1.681884795058952330e-11 9.211589076608165331e-12 1.238515758345810182e-11 2.141506452653514424e-12 1.099505351126753289e-11 2.082907064154686582e-11 9.408211843821206851e-11 2.690318085851590010e-11 1.588840482086627676e-11 2.270898959386488291e-12 4.570231352467318589e-12 2.228849467314245118e-12 3.856359212736400675e-12 -9.278446605726813685e-13 3.407659043641003702e-12 2.066295168555068940e-12 2.067102695746413017e-12 -8.740373210033052651e-13 -9.206345304978059318e-13 8.682270633496808418e-13 -3.891543342908154812e-14 5.713858507364679994e-13 -2.392229736309460761e-13
-7.058424032850316031e-13 -2.877111119483689337e-11 -2.313657100470217848e-12 2.414391293334325338e-11 -8.662336022144815824e-12 2.004634614899521497e-11 5.887144330030464935e-13 6.569575416706369865e-12 1.852559451329456898e-11 2.690318085851590010e-11 6.832363277970166606e-11 1.917493412928475773e-11 9.050484886964959161e-12 1.222662675789656876e-12 9.701934553180284728e-13 -5.174745514010879692e-13 -1.869396596357245769e-12 4.183935188102738796e-13 -2.748407622666636423e-12 -1.159276688243374847e-12 -1.747119867384288717e-12 -1.147376769814683288e-12 -2.043893594137728636e-13 -1.734375350334446801e-12 -5.716596610405172732e-13 1.438191368045854563e-12
-4.328151154502315789e-11 -1.137739671895792474e-11 -2.146471093498193162e-11 -2.585843280311189578e-13 5.108961380777534732e-12 1.601375120585389781e-11 8.148952147079189670e-12 5.146430546791725698e-12 2.996211648149539976e-12 1.588840482086627676e-11 1.917493412928475773e-11 4.365809865477051898e-11 1.346265823449488969e-11 9.182006626056414696e-12 4.743289834841355061e-12 2.869394158096389438e-12 1.318887211595509155e-12 1.313790458357689280e-13 -1.165552580687477291e-12 8.055277029905383822e-14 -3.745445298587022914e-12 -2.457068405710107372e-12 2.847839664634330168e-13 -2.850058092591254646e-13 -1.083321740585958092e-12 -8.844277869146701903e-13
-3.556653187107439002e-11 -2.292863937511769792e-11 1.597039480445306070e-12 1.942229296162430424e-11 6.851995197133727837e-12 2.442785056379123084e-12 3.378302820756800817e-12 7.253244578234701615e-12 5.066403911724917768e-12 2.270898959386488291e-12 9.050484886964959161e-12 1.346265823449488969e-11 3.549401080775561331e-11 1.557964078379870370e-11 7.173283537320010999e-12 3.002977783411136502e-12 3.230139478851328200e-12 1.048274812334571614e-13 -1.387917085048768538e-12 -4.662848477549201209e-13 -2.477801876239831128e-12 -1.780978399318094634e-12 4.625028405626979339e-13 -3.304902187408181775e-13 -8.888065802103446093e-13 7.948279377436531608e-14
6.409666939754108306e-12 2.196392076005510313e-13 -1.515728552091859894e-11 2.774221420146350342e-11 -3.299162476060936446e-13 4.297947106373970891e-12 -4.372222254603610903e-12 7.489376402710771118e-12 -3.674501275137930017e-12 4.570231352467318589e-12 1.222662675789656876e-12 9.182006626056414696e-12 1.557964078379870370e-11 3.614780065929399567e-11 1.176214239241006452e-11 5.185712228409086152e-12 2.328448082874307409e-12 -1.283241742000797236e-12 5.259743234543548159e-14 -1.624118114662104992e-12 -2.232987716588481190e-12 -9.808567454858718988e-13 9.248086025583221860e-13 -1.086403411016249670e-12 -1.075209077213291053e-12 5.087407872244289606e-13
-9.977791260288560056e-12 -9.301777152286611096e-12 -9.982143841109186779e-15 1.543653007335623854e-11 7.791822574694555769e-13 4.594347617935225224e-12 -2.625001191320481487e-13 2.290880709134141135e-12 -2.665899058303056263e-13 2.228849467314245118e-12 9.701934553180284728e-13 4.743289834841355061e-12 7.173283537320010999e-12 1.176214239241006452e-11 2.711859006065365119e-11 1.111135689158019221e-11 4.325179229630792451e-12 2.003137026039918081e-12 -1.173224625832265034e-12 4.486767158219420254e-13 -9.589201032017134049e-13 -1.732529718031376926e-14 4.654073130211831553e-13 -4.881076723655306202e-13 5.944692949952615560e-14 2.581548213823521715e-13
1.038006132427971921e-11 -1.049379643944220548e-12 8.382304311655537051e-12 2.081025268304344454e-11 1.237608192160839087e-11 3.332785604476935193e-12 3.681401944461463130e-12 3.018765954569897583e-12 -5.167647815980166585e-12 3.856359212736400675e-12 -5.174745514010879692e-13 2.869394158096389438e-12 3.002977783411136502e-12 5.185712228409086152e-12 1.111135689158019221e-11 2.049294330740484128e-11 8.306333325411057580e-12 1.680411978022179528e-12 -5.763438156016974046e-13 -8.974544745655643143e-13 -1.156619340844837481e-13 1.469082222250455591e-12 8.847878420296759694e-14 -1.585614892022938711e-12 -2.676477042456108810e-13 4.395204610404294529e-13
-3.102123252560273005e-11 -1.694402440628760829e-11 2.147888328490865250e-12 1.616005429674404389e-11 2.135646192708374547e-12 3.560971734556270708e-12 2.840188454308191043e-12 1.694443403261151226e-12 -9.894722219321013054e-13 -9.278446605726813685e-13 -1.869396596357245769e-12 1.318887211595509155e-12 3.230139478851328200e-12 2.328448082874307409e-12 4.325179229630792451e-12 8.306333325411057580e-12 2.142968487259467552e-11 8.069798057722503967e-12 5.705205074910972330e-13 -3.386770778271304705e-13 4.258548602531036424e-13 4.234183795378612030e-14 1.035787968757504767e-13 -1.536430518688194951e-12 3.826921322382937536e-13 6.620975496389717865e-13
4.249656893120136611e-12 -9.288118773425374370e-12 -3.864385250313924675e-12 7.732017732641405142e-12 -7.289406264645660464e-12 -2.014410532600476353e-12 1.908509171683065764e-12 -1.335376588946060910e-12 7.001693608752462972e-13 3.407659043641003702e-12 4.183935188102738796e-13 1.313790458357689280e-13 1.048274812334571614e-13 -1.283241742000797236e-12 2.003137026039918081e-12 1.680411978022179528e-12 8.069798057722503967e-12 1.666591342131495680e-11 5.008543066817856275e-12 1.437718328371881304e-12 7.055071677990418569e-13 2.777245805624603098e-13 -9.098534982776354878e-13 -6.341917632032273699e-13 4.553772385870977298e-13 -1.009822575647871802e-13
1.153859593419484376e-11 3.079948831399980658e-13 2.885273766267014472e-13 2.494956929153562991e-12 -4.823375067710405396e-12 -2.919461304197355661e-12 1.412839281767619431e-12 5.714266237130507038e-12 1.457369651379552559e-12 2.066295168555068940e-12 -2.748407622666636423e-12 -1.165552580687477291e-12 -1.387917085048768538e-12 5.259743234543548159e-14 -1.173224625832265034e-12 -5.763438156016974046e-13 5.705205074910972330e-13 5.008543066817856275e-12 1.217109819697533077e-11 4.420611981198381400e-12 1.907455229859052085e-12 8.164979331231434509e-13 -6.626509208875481311e-13 1.665956099373156859e-13 -6.196631810674271689e-13 7.957847213231330221e-14
1.695851254069612254e-11 4.425817911195053340e-12 1.573842168735287258e-11 2.287858582730658240e-12 1.006674483401989359e-11 5.749415307013786860e-12 3.855378612412377908e-12 -3.576250703638214816e-12 -3.258447908142933278e-12 2.067102695746413017e-12 -1.159276688243374847e-12 8.055277029905383822e-14 -4.662848477549201209e-13 -1.624118114662104992e-12 4.486767158219420254e-13 -8.974544745655643143e-13 -3.386770778271304705e-13 1.437718328371881304e-12 4.420611981198381400e-12 1.475715274434850046e-11 5.020187712466949662e-12 1.684145707741770145e-12 -7.382813695486967189e-14 7.383193960268365290e-13 6.733010617894005348e-13 8.271644449226005603e-14
1.962856627600638286e-11 -8.264782816683787710e-12 1.356980066591814998e-11 -6.201580408731584194e-12 1.024891306089226093e-12 7.707792011240130587e-13 2.703826696585095019e-12 -5.537422489391536554e-12 -1.018877611576887471e-12 -8.740373210033052651e-13 -1.747119867384288717e-12 -3.745445298587022914e-12 -2.477801876239831128e-12 -2.232987716588481190e-12 -9.589201032017134049e-13 -1.156619340844837481e-13 4.258548602531036424e-13 7.055071677990418569e-13 1.907455229859052085e-12 5.020187712466949662e-12 1.211384919876713866e-11 4.605389232722501639e-12 -4.068299112570084003e-13 1.990714230522737482e-14 4.493916481013068279e-13 2.205711140365429675e-13
2.481320342295525122e-11 3.793241765130881773e-12 7.989078716006149406e-12 4.300582008600613429e-12 6.759454319140706029e-12 -3.516882283164810592e-12 2.142594083204155425e-12 -1.987013312155675090e-12 -3.076440306553183647e-12 -9.206345304978059318e-13 -1.147376769814683288e-12 -2.457068405710107372e-12 -1.780978399318094634e-12 -9.808567454858718988e-13 -1.732529718031376926e-14 1.469082222250455591e-12 4.234183795378612030e-14 2.777245805624603098e-13 8.164979331231434509e-13 1.684145707741770145e-12 4.605389232722501639e-12 7.440905783259312014e-12 1.261317892118894462e-12 1.043153112026723223e-13 -5.788341583825866737e-14 3.964033008238385119e-13
1.248098376329894070e-11 5.391538210017515916e-13 3.968389723323138149e-13 1.992580464346166801e-13 7.862629275397608087e-12 1.997611249426848171e-13 -8.600961159741799974e-13 2.633099641168110971e-12 2.688345580300301059e-13 8.682270633496808418e-13 -2.043893594137728636e-13 2.847839664634330168e-13 4.625028405626979339e-13 9.248086025583221860e-13 4.654073130211831553e-13 8.847878420296759694e-14 1.035787968757504767e-13 -9.098534982776354878e-13 -6.626509208875481311e-13 -7.382813695486967189e-14 -4.068299112570084003e-13 1.261317892118894462e-12 5.289196563215435857e-12 8.086572989772906987e-13 -9.001344737821952893e-14 2.509251742770240646e-13
6.538638509837431266e-12 4.958388939911709731e-12 -1.108426465606093423e-12 -5.076486045709780954e-12 -4.476849028038702199e-13 -9.154561280159275780e-13 6.981855530304728394e-13 2.540705261922124250e-13 -4.603484608685920003e-13 -3.891543342908154812e-14 -1.734375350334446801e-12 -2.850058092591254646e-13 -3.304902187408181775e-13 -1.086403411016249670e-12 -4.881076723655306202e-13 -1.585614892022938711e-12 -1.536430518688194951e-12 -6.341917632032273699e-13 1.665956099373156859e-13 7.383193960268365290e-13 1.990714230522737482e-14 1.043153112026723223e-13 8.086572989772906987e-13 3.910703042965212219e-12 2.927577637227696203e-13 -3.643121185428535081e-13
-2.795179800460450508e-12 1.167045965630169832e-12 -5.972884069744742663e-13 1.003972897670696423e-12 -2.029089342997701059e-12 1.200996326096537692e-12 1.748844226585240703e-14 -1.781611397282301449e-12 -1.247596950651270953e-12 5.713858507364679994e-13 -5.716596610405172732e-13 -1.083321740585958092e-12 -8.888065802103446093e-13 -1.075209077213291053e-12 5.944692949952615560e-14 -2.676477042456108810e-13 3.826921322382937536e-13 4.553772385870977298e-13 -6.196631810674271689e-13 6.733010617894005348e-13 4.493916481013068279e-13 -5.788341583825866737e-14 -9.001344737821952893e-14 2.927577637227696203e-13 2.600509500272650430e-12 1.123739021471025498e-13
1.003421470629358612e-12 5.416078034667436071e-12 -2.944553739671594825e-12 2.024886316806850115e-12 2.025288077978257178e-12 -3.824009203862659843e-13 -1.041284073052530184e-12 -9.188137526713995222e-13 -8.623091186248337846e-13 -2.392229736309460761e-13 1.438191368045854563e-12 -8.844277869146701903e-13 7.948279377436531608e-14 5.087407872244289606e-13 2.581548213823521715e-13 4.395204610404294529e-13 6.620975496389717865e-13 -1.009822575647871802e-13 7.957847213231330221e-14 8.271644449226005603e-14 2.205711140365429675e-13 3.964033008238385119e-13 2.509251742770240646e-13 -3.643121185428535081e-13 1.123739021471025498e-13 2.113687294590696116e-12
