3.165895122946435718e-09 -1.605145591610934486e-10 -1.093337929064593896e-10 1.043039730024302991e-10 -3.636266377554144932e-11 1.332563588384904995e-11 -5.584442818644803663e-11 4.363735709792481075e-11 3.675690735746132182e-11 -3.577895588294371884e-12 3.803785027657776875e-11 2.371572632642675798e-11 -6.111216486152930998e-12 -4.579230599938359303e-11 -3.490425299957635726e-11 -1.587578289736386232e-11 1.022331243140849271e-11 3.082198799473483432e-12 4.207746955526446154e-12 2.066568572810589651e-11 6.523073117142303369e-12 1.066374556930140246e-11 2.948855303896257016e-11 4.341223538833620707e-12 -1.902641470969042753e-12 -3.966628474614214716e-12
-1.605145591610934486e-10 2.120836338578841380e-09 6.071640322201744390e-11 1.820668778189491812e-10 1.032247991994145739e-10 1.110017407932811136e-11 -2.767486421359041578e-11 3.471176084279239000e-11 1.693770558402090824e-11 1.033585289766565621e-11 -6.780754623798248747e-12 3.343752406900385439e-12 -4.038423193230254813e-13 1.650575705142960524e-11 1.627250442637316799e-11 1.488079016084366911e-11 1.608190471855630934e-11 1.889697329403341850e-11 4.310712461145565785e-13 -2.151184115707812150e-12 -4.093988949531610802e-12 -1.999404681212944064e-11 -2.577208122146568391e-11 -4.538437191535940415e-12 4.424701506991950898e-12 -5.592037809940153097e-13
-1.093337929064593896e-10 6.071640322201744390e-11 1.581278164609552281e-09 4.658054969838907191e-11 -3.216647450146528677e-12 5.536533128320019588e-11 1.897547569002228995e-11 1.395121457940722810e-11 -1.690716304624031404e-11 -1.716634108031541329e-11 -1.548215285566812413e-11 2.223472400754957434e-11 1.607317425867028210e-11 6.945493157564076699e-12 -2.423376735743085276e-11 -3.686033705368191171e-11 -2.695225538505867949e-13 3.160576865735780362e-12 -1.299823466567972136e-11 -6.919191408066172302e-12 -9.042552965958687882e-12 -6.152147698309179092e-12 3.196239361027454281e-12 -3.269648552026077006e-12 -1.968191020133845033e-11 -7.264691904419655197e-12
1.043039730024302991e-10 1.820668778189491812e-10 4.658054969838907191e-11 1.035573992813039392e-09 1.272508791422940357e-10 7.407173025531883395e-11 -4.405346048121100907e-11 -9.229706860936992215e-12 1.816504033294500445e-11 1.936263631377083323e-11 2.019229369501141539e-11 -6.181128410433953882e-12 -2.080815898897512747e-11 1.016873588734068352e-11 4.922960941533736961e-12 -1.407258799037354746e-12 9.199232382786990973e-12 3.517819713849597963e-12 -1.971175064163494205e-12 3.480405668771094149e-12 1.739275864206272737e-12 -8.712691368626051639e-12 -9.237297653651930597e-12 -6.008142920663944630e-12 -3.346474806830060127e-12 2.121329955552395064e-14
-3.636266377554144932e-11 1.032247991994145739e-10 -3.216647450146528677e-12 1.272508791422940357e-10 7.209617753850911501e-10 5.491414506843416685e-11 -1.400298616148672929e-11 2.896364738243272164e-12 4.472058842465131397e-12 1.625941137741529395e-11 4.106727951594672388e-12 -3.668144887462288312e-12 -1.571686409499913833e-11 -7.577917709758297721e-12 -2.585484593052893975e-12 -6.697896462515613380e-12 -4.505768720332721611e-12 -4.405642638626595462e-12 -3.218138412837276584e-12 2.225345426239558207e-12 -5.575108413645850280e-12 -5.884112824924963320e-12 -7.749681328257025389e-12 2.999854014557208967e-12 1.726390436528507802e-12 5.404137732613570017e-13
1.332563588384904995e-11 1.110017407932811136e-11 5.536533128320019588e-11 7.407173025531883395e-11 5.491414506843416685e-11 3.631026401485243541e-10 2.192650957806966180e-11 2.195265241769609006e-11 7.448048218055685613e-12 1.220354768586638646e-11 -4.030586113822395098e-12 8.118764274981986280e-12 -7.924429960135639493e-12 -1.903646752860742417e-13 4.204711087107227327e-12 2.241894404395464875e-12 8.999721598462005134e-12 7.403554447268614111e-12 -2.631485344377752604e-12 1.727760566722813393e-12 3.214540968169267215e-12 8.940738956928860961e-12 5.426690756012494156e-12 7.869597568248783399e-12 -9.647109438174836557e-13 1.546482972576217211e-12
-5.584442818644803663e-11 -2.767486421359041578e-11 1.897547569002228995e-11 -4.405346048121100907e-11 -1.400298616148672929e-11 2.192650957806966180e-11 2.560987710040179986e-10 3.132305366371746405e-11 1.960460586419080689e-11 2.607421298106338891e-11 -1.289951696538480593e-11 -4.979149624246446165e-12 6.480977955327001690e-12 1.442625951785430546e-11 5.108546947856936928e-12 5.452563377497714947e-12 -2.806072097396810891e-12 1.529406568713589393e-12 3.168197568835400118e-12 1.813449935696730388e-12 2.555333849173210338e-12 -7.264827173373270807e-12 -1.593881995451451965e-12 5.271227186856526123e-13 1.029387449153894361e-13 2.141106664618715343e-12
4.363735709792481075e-11 3.471176084279239000e-11 1.395121457940722810e-11 -9.229706860936992215e-12 2.896364738243272164e-12 2.195265241769609006e-11 3.132305366371746405e-11 1.831989250637632348e-10 1.057973210287167321e-11 1.630085453493976670e-11 -7.610341428224162092e-13 4.525665440799710132e-12 -7.155705653627008790e-12 7.368393387437140540e-12 5.486087148743338240e-12 1.856859977803240993e-12 3.386225165788546832e-12 5.122036377923907549e-12 1.429585076744637563e-12 -1.512128055802366071e-12 3.146174165460508182e-12 2.940998893065962080e-12 3.042366048449485719e-12 -2.382729447479691111e-13 -9.219507346205957443e-13 8.975118763438851128e-13
3.675690735746132182e-11 1.693770558402090824e-11 -1.690716304624031404e-11 1.816504033294500445e-11 4.472058842465131397e-12 7.448048218055685613e-12 1.960460586419080689e-11 1.057973210287167321e-11 1.231443631378896048e-10 2.310808372919235446e-11 8.314903938704705251e-12 8.223264494241261485e-12 8.109141390097721042e-12 1.032855771555216606e-11 6.847684442063451937e-12 1.605405462626945292e-12 1.237423617408576247e-12 3.572284398805747809e-12 8.571466367058030483e-12 2.066027932299158700e-12 2.129997086103500160e-12 1.392638173554409153e-12 4.239602247726047695e-12 3.398838924233695388e-12 -4.993476264388923179e-13 -6.140994696669259476e-13
-3.577895588294371884e-12 1.033585289766565621e-11 -1.716634108031541329e-11 1.936263631377083323e-11 1.625941137741529395e-11 1.220354768586638646e-11 2.607421298106338891e-11 1.630085453493976670e-11 2.310808372919235446e-11 1.045735954230691189e-10 1.461997719268948768e-11 1.046365425446287829e-11 5.876293143957747736e-12 1.047196508349009804e-12 3.521057796144853554e-12 5.317325882868589468e-12 -1.273869470390883593e-12 -4.124484356438587185e-12 -8.241901582011132133e-13 2.173477882590109265e-13 1.355622311302685503e-12 -1.380501353650633594e-12 -4.179107069248021370e-12 -7.089357937979451752e-13 1.060711869549861336e-12 -9.135823802407257963e-14
3.803785027657776875e-11 -6.780754623798248747e-12 -1.548215285566812413e-11 2.019229369501141539e-11 4.106727951594672388e-12 -4.030586113822395098e-12 -1.289951696538480593e-11 -7.610341428224162092e-13 8.314903938704705251e-12 1.461997719268948768e-11 7.317052793946845969e-11 2.512260976693729083e-11 1.336802396905673526e-11 8.623219166467634822e-12 9.295954551050676482e-12 1.531249819562248407e-12 2.345010058564348919e-12 2.344992523958556921e-12 1.468427769384830988e-12 2.539444368231910922e-12 -1.315854634902761266e-12 -2.556434741937168615e-12 -6.173004567281548135e-15 -1.540757595169309064e-12 -2.087974848597137639e-12 -1.095591983870938646e-12
2.371572632642675798e-11 3.343752406900385439e-12 2.223472400754957434e-11 -6.181128410433953882e-12 -3.668144887462288312e-12 8.118764274981986280e-12 -4.979149624246446165e-12 4.525665440799710132e-12 8.223264494241261485e-12 1.046365425446287829e-11 2.512260976693729083e-11 6.066198596560251798e-11 2.317870902449707877e-11 1.739071138815478768e-11 8.637552394593967021e-12 5.034820800378579124e-12 5.671119949974632196e-12 1.752535348749785029e-12 2.069199818116534954e-12 3.088926468677646765e-12 4.201355510714433730e-13 -7.557889835694019887e-13 -5.802386321425679444e-13 -6.399894615745900489e-13 -1.733325243033272160e-12 5.422087011093936205e-13
-6.111216486152930998e-12 -4.038423193230254813e-13 1.607317425867028210e-11 -2.080815898897512747e-11 -1.571686409499913833e-11 -7.924429960135639493e-12 6.480977955327001690e-12 -7.155705653627008790e-12 8.109141390097721042e-12 5.876293143957747736e-12 1.336802396905673526e-11 2.317870902449707877e-11 5.133390668925027281e-11 2.497659811135990534e-11 1.319815222716488427e-11 4.831500337625305700e-12 1.900517409226976961e-12 3.693591582116196658e-13 3.753911831340317937e-12 3.002857560789013856e-12 -4.399662589133986384e-13 8.358857055043544662e-13 -2.986772514453915153e-13 -3.760011709115984655e-13 -4.291952844925201638e-13 -1.090899246201286227e-12
-4.579230599938359303e-11 1.650575705142960524e-11 6.945493157564076699e-12 1.016873588734068352e-11 -7.577917709758297721e-12 -1.903646752860742417e-13 1.442625951785430546e-11 7.368393387437140540e-12 1.032855771555216606e-11 1.047196508349009804e-12 8.623219166467634822e-12 1.739071138815478768e-11 2.497659811135990534e-11 4.470016851510578666e-11 2.140749222404752350e-11 1.018189252591918041e-11 6.335237735453117623e-12 4.454713061091915908e-12 6.624491083573421696e-12 1.488719198045858993e-12 1.091608709456142452e-12 7.051612990977441029e-13 3.969501564659642455e-13 -2.696906162090659872e-13 -6.891163681448432871e-13 4.610815034496694503e-13
-3.490425299957635726e-11 1.627250442637316799e-11 -2.423376735743085276e-11 4.922960941533736961e-12 -2.585484593052893975e-12 4.204711087107227327e-12 5.108546947856936928e-12 5.486087148743338240e-12 6.847684442063451937e-12 3.521057796144853554e-12 9.295954551050676482e-12 8.637552394593967021e-12 1.319815222716488427e-11 2.140749222404752350e-11 4.019301966799792070e-11 2.055086293520898801e-11 1.076952109794210890e-11 5.720693727628673016e-12 5.746648647483107887e-12 3.010486913616598875e-13 9.630749348195406905e-13 2.431778924081782415e-12 5.859141032257926647e-13 -2.480577540548858804e-13 -1.189901821104603994e-12 -5.092471551607190014e-13
-1.587578289736386232e-11 1.488079016084366911e-11 -3.686033705368191171e-11 -1.407258799037354746e-12 -6.697896462515613380e-12 2.241894404395464875e-12 5.452563377497714947e-12 1.856859977803240993e-12 1.605405462626945292e-12 5.317325882868589468e-12 1.531249819562248407e-12 5.034820800378579124e-12 4.831500337625305700e-12 1.018189252591918041e-11 2.055086293520898801e-11 3.969638925253138333e-11 2.131978374130556598e-11 1.125860435790376144e-11 7.973002658411472795e-12 5.840067257282582328e-12 3.989374991438729181e-12 2.237087850123618349e-12 2.835492068797125819e-13 -1.278970024322067495e-12 -9.778218648543727467e-13 -2.316382233946926913e-13
1.022331243140849271e-11 1.608190471855630934e-11 -2.695225538505867949e-13 9.199232382786990973e-12 -4.505768720332721611e-12 8.999721598462005134e-12 -2.806072097396810891e-12 3.386225165788546832e-12 1.237423617408576247e-12 -1.273869470390883593e-12 2.345010058564348919e-12 5.671119949974632196e-12 1.900517409226976961e-12 6.335237735453117623e-12 1.076952109794210890e-11 2.131978374130556598e-11 3.622309458477624643e-11 1.721567651242120419e-11 8.261276752036256394e-12 6.167121981384540252e-12 4.909454577250423276e-12 2.039128095212775943e-12 2.099664399513345651e-12 -9.217528073281808445e-13 -1.232331464884685871e-12 4.736535504272201927e-14
3.082198799473483432e-12 1.889697329403341850e-11 3.160576865735780362e-12 3.517819713849597963e-12 -4.405642638626595462e-12 7.403554447268614111e-12 1.529406568713589393e-12 5.122036377923907549e-12 3.572284398805747809e-12 -4.124484356438587185e-12 2.344992523958556921e-12 1.752535348749785029e-12 3.693591582116196658e-13 4.454713061091915908e-12 5.720693727628673016e-12 1.125860435790376144e-11 1.721567651242120419e-11 2.434877714324795604e-11 1.258634237000225837e-11 6.343785065184452665e-12 4.064734704474540299e-12 5.624168152429991883e-13 8.018248661373457881e-13 2.032939105427026284e-13 -1.473254795597703130e-12 7.627274957719252609e-13
4.207746955526446154e-12 4.310712461145565785e-13 -1.299823466567972136e-11 -1.971175064163494205e-12 -3.218138412837276584e-12 -2.631485344377752604e-12 3.168197568835400118e-12 1.429585076744637563e-12 8.571466367058030483e-12 -8.241901582011132133e-13 1.468427769384830988e-12 2.069199818116534954e-12 3.753911831340317937e-12 6.624491083573421696e-12 5.746648647483107887e-12 7.973002658411472795e-12 8.261276752036256394e-12 1.258634237000225837e-11 2.385321084910484597e-11 1.022760689311484394e-11 3.538674252231969507e-12 2.045670415052452675e-13 -2.009206218135370288e-13 4.017893321157842241e-14 3.840156619674997884e-13 1.420740936411436169e-12
2.066568572810589651e-11 -2.151184115707812150e-12 -6.919191408066172302e-12 3.480405668771094149e-12 2.225345426239558207e-12 1.727760566722813393e-12 1.813449935696730388e-12 -1.512128055802366071e-12 2.066027932299158700e-12 2.173477882590109265e-13 2.539444368231910922e-12 3.088926468677646765e-12 3.002857560789013856e-12 1.488719198045858993e-12 3.010486913616598875e-13 5.840067257282582328e-12 6.167121981384540252e-12 6.343785065184452665e-12 1.022760689311484394e-11 1.944243185547627437e-11 8.356303868840739309e-12 3.426521555778338741e-12 1.755520964805533036e-12 9.682694626570429108e-13 8.262923706023732997e-13 -1.672686577408026521e-13
6.523073117142303369e-12 -4.093988949531610802e-12 -9.042552965958687882e-12 1.739275864206272737e-12 -5.575108413645850280e-12 3.214540968169267215e-12 2.555333849173210338e-12 3.146174165460508182e-12 2.129997086103500160e-12 1.355622311302685503e-12 -1.315854634902761266e-12 4.201355510714433730e-13 -4.399662589133986384e-13 1.091608709456142452e-12 9.630749348195406905e-13 3.989374991438729181e-12 4.909454577250423276e-12 4.064734704474540299e-12 3.538674252231969507e-12 8.356303868840739309e-12 1.784737456027152163e-11 8.842780293459645447e-12 3.404466623878689636e-12 6.458379752873759390e-13 -3.607777163511219998e-13 3.593843832119049818e-13
1.066374556930140246e-11 -1.999404681212944064e-11 -6.152147698309179092e-12 -8.712691368626051639e-12 -5.884112824924963320e-12 8.940738956928860961e-12 -7.264827173373270807e-12 2.940998893065962080e-12 1.392638173554409153e-12 -1.380501353650633594e-12 -2.556434741937168615e-12 -7.557889835694019887e-13 8.358857055043544662e-13 7.051612990977441029e-13 2.431778924081782415e-12 2.237087850123618349e-12 2.039128095212775943e-12 5.624168152429991883e-13 2.045670415052452675e-13 3.426521555778338741e-12 8.842780293459645447e-12 1.679854209195153065e-11 8.608828998060192812e-12 1.774681193749888675e-12 1.996511243545680832e-15 3.781061829348812395e-13
2.948855303896257016e-11 -2.577208122146568391e-11 3.196239361027454281e-12 -9.237297653651930597e-12 -7.749681328257025389e-12 5.426690756012494156e-12 -1.593881995451451965e-12 3.042366048449485719e-12 4.239602247726047695e-12 -4.179107069248021370e-12 -6.173004567281548135e-15 -5.802386321425679444e-13 -2.986772514453915153e-13 3.969501564659642455e-13 5.859141032257926647e-13 2.835492068797125819e-13 2.099664399513345651e-12 8.018248661373457881e-13 -2.009206218135370288e-13 1.755520964805533036e-12 3.404466623878689636e-12 8.608828998060192812e-12 1.441638204096619007e-11 3.864348211223801644e-12 -2.072763733397115178e-13 2.848675165512508456e-13
4.341223538833620707e-12 -4.538437191535940415e-12 -3.269648552026077006e-12 -6.008142920663944630e-12 2.999854014557208967e-12 7.869597568248783399e-12 5.271227186856526123e-13 -2.382729447479691111e-13 3.398838924233695388e-12 -7.089357937979451752e-13 -1.540757595169309064e-12 -6.399894615745900489e-13 -3.760011709115984655e-13 -2.696906162090659872e-13 -2.480577540548858804e-13 -1.278970024322067495e-12 -9.217528073281808445e-13 2.032939105427026284e-13 4.017893321157842241e-14 9.682694626570429108e-13 6.458379752873759390e-13 1.774681193749888675e-12 3.864348211223801644e-12 8.788757315462775836e-12 2.580962927010529135e-12 6.427281103677335096e-13
-1.902641470969042753e-12 4.424701506991950898e-12 -1.968191020133845033e-11 -3.346474806830060127e-12 1.726390436528507802e-12 -9.647109438174836557e-13 1.029387449153894361e-13 -9.219507346205957443e-13 -4.993476264388923179e-13 1.060711869549861336e-12 -2.087974848597137639e-12 -1.733325243033272160e-12 -4.291952844925201638e-13 -6.891163681448432871e-13 -1.189901821104603994e-12 -9.778218648543727467e-13 -1.232331464884685871e-12 -1.473254795597703130e-12 3.840156619674997884e-13 8.262923706023732997e-13 -3.607777163511219998e-13 1.996511243545680832e-15 -2.072763733397115178e-13 2.580962927010529135e-12 6.320472423228798921e-12 1.229093038412292472e-12
-3.966628474614214716e-12 -5.592037809940153097e-13 -7.264691904419655197e-12 2.121329955552395064e-14 5.404137732613570017e-13 1.546482972576217211e-12 2.141106664618715343e-12 8.975118763438851128e-13 -6.140994696669259476e-13 -9.135823802407257963e-14 -1.095591983870938646e-12 5.422087011093936205e-13 -1.090899246201286227e-12 4.610815034496694503e-13 -5.092471551607190014e-13 -2.316382233946926913e-13 4.736535504272201927e-14 7.627274957719252609e-13 1.420740936411436169e-12 -1.672686577408026521e-13 3.593843832119049818e-13 3.781061829348812395e-13 2.848675165512508456e-13 6.427281103677335096e-13 1.229093038412292472e-12 6.172813695916459271e-12
