1.972580927077656129e-09 9.034171563087936633e-11 1.258510872394531462e-10 5.044799144408521900e-11 1.052643889402902395e-10 -3.520609907327854493e-11 -3.980453930342498085e-11 2.267781404108705670e-13 1.338767588491074031e-11 4.063348796529132380e-11 -3.326453195138944749e-12 -7.476579782036866776e-13 -9.530047270736839371e-12 -1.611838317436543579e-11 -4.561637098029251763e-12 -6.755688227400561391e-12 -1.954980541686852989e-11 -4.601904789346626946e-12 -1.268772354961233140e-11 -3.888577449882151924e-12 8.686892925648092806e-12 1.664435437365609319e-12 3.202956701205413016e-12 2.106788347681231655e-13 -2.483096758021965606e-12 -4.028664815296155493e-12
9.034171563087936633e-11 1.526347693806532414e-09 2.042182117349103292e-12 -5.172418350005478601e-11 1.212779728442411731e-11 2.595204575631055104e-12 2.293590286452748438e-11 -1.489977622793520920e-11 -2.984439623352195493e-11 -8.546388682772178727e-14 2.182764954273301065e-11 -7.575967071027024464e-12 -1.932749281006792510e-11 -1.938597248745333605e-11 -2.975969399923911044e-11 -1.444821851214568190e-11 -1.693728086196525237e-11 -8.278855113702112071e-12 -1.649115070817781254e-11 -1.912753553068647750e-12 -5.660190252734477837e-12 -8.368836468452285958e-12 1.112269307863270169e-11 -4.021003443249656401e-12 -7.548210077723877330e-12 -3.415913944139773913e-12
1.258510872394531462e-10 2.042182117349103292e-12 9.405168947523844118e-10 2.683501527210904919e-11 2.534759489717470589e-11 -4.849639502025674885e-11 1.402770941347336972e-11 4.992156554997752189e-12 -9.359940873100618325e-12 1.394421441356685633e-11 2.405559885674343762e-11 1.115116021437720121e-11 1.604233969360369052e-11 -1.525063495633378218e-11 6.788839915878547651e-12 6.895199160086600663e-13 1.175305284509028353e-11 6.772254011280649182e-12 3.881046010886557990e-12 -8.913531849480060181e-12 -2.646159597814159759e-12 -7.574629871924320274e-12 -7.317159249885655473e-12 -9.279525502176819455e-13 -2.323420089510550386e-12 -5.391722245436959991e-12
5.044799144408521900e-11 -5.172418350005478601e-11 2.683501527210904919e-11 5.784852261528162489e-10 4.563361723631354149e-11 5.978754413889836567e-12 3.117505967856609402e-12 1.531724899614881208e-11 -1.390762357447824382e-11 1.188479679522500639e-11 -1.732464595920236794e-11 1.434397899895165870e-11 -1.135642147691901523e-11 -4.900102274196678977e-12 3.111427146754832498e-12 1.530887106983687290e-11 4.909011666004139883e-12 2.771137824009387603e-12 2.191603012499820462e-12 -3.188589721944223176e-14 -9.644336329277299227e-13 -1.983350386710694452e-13 -1.452835523870585988e-12 1.884575038013627458e-12 -4.290137834605097469e-13 -2.124540648932340176e-12
1.052643889402902395e-10 1.212779728442411731e-11 2.534759489717470589e-11 4.563361723631354149e-11 4.613710080089019553e-10 2.777475620382488367e-11 -8.286688745956580606e-12 2.261022250023127048e-11 1.413038145235190657e-11 2.453020132327962001e-11 9.848416972497752823e-12 1.592802883081958928e-11 6.572183640327000059e-12 1.106430245042927344e-11 6.888299753391914988e-13 -2.000580765304243230e-12 6.097129918524581616e-12 -7.114340776248170509e-12 -1.171197871491294755e-13 2.582545751569599958e-12 3.886578401886111212e-12 1.087195482008616376e-12 -2.161346887476394247e-13 5.438355440560874879e-12 2.893966858399657467e-12 4.509933868410383350e-12
-3.520609907327854493e-11 2.595204575631055104e-12 -4.849639502025674885e-11 5.978754413889836567e-12 2.777475620382488367e-11 2.651821272307336588e-10 5.003444737122012713e-11 1.099825481788405506e-11 1.649076318353350349e-11 2.203713747096361135e-13 1.440478374220688314e-11 4.161196377758476098e-12 -7.667231229802473045e-12 6.913434651919755153e-12 1.769733101116253701e-14 -5.170151026514206540e-12 1.058673028587279258e-12 -4.773498047449492677e-12 -5.389618514491459297e-12 -3.228823654247295428e-12 -2.052140878827945375e-12 2.572514140664839347e-13 2.599767421944953069e-12 5.446620244521368145e-13 -4.568276907988278486e-12 -1.815176876701747365e-14
-3.980453930342498085e-11 2.293590286452748438e-11 1.402770941347336972e-11 3.117505967856609402e-12 -8.286688745956580606e-12 5.003444737122012713e-11 2.043591257740518986e-10 2.167515789867485293e-11 1.551235070246383160e-11 5.318529039933395934e-12 5.761202034793629920e-12 7.885854428779530488e-12 1.284530778094116603e-11 9.372462881612971213e-12 3.280045925068936309e-12 6.950740508063297453e-13 2.915117429984155304e-12 -4.271840612700681697e-14 -5.045581397668279630e-12 -5.249642445074574687e-13 -2.150779624613697855e-13 -1.486671387458193006e-13 -1.496613242691828470e-12 1.610777413758879681e-12 3.704227760977600922e-13 4.753398369314686062e-13
2.267781404108705670e-13 -1.489977622793520920e-11 4.992156554997752189e-12 1.531724899614881208e-11 2.261022250023127048e-11 1.099825481788405506e-11 2.167515789867485293e-11 1.294897567829185381e-10 1.881961723007353546e-11 1.721007537157555654e-11 2.966689101704967512e-12 4.853486668279225631e-12 5.387132828890958549e-12 7.268321084624902847e-12 5.711840244746703326e-12 -3.598309956945082148e-13 4.685127259916003973e-12 2.539741276650130577e-12 -1.140942872175563351e-12 -3.383478513107529816e-12 -4.117537246806423141e-12 -2.029129419315130437e-13 -1.776487533330940877e-12 9.363143897980527246e-13 -3.761511010709410017e-13 -1.158235332096551554e-12
1.338767588491074031e-11 -2.984439623352195493e-11 -9.359940873100618325e-12 -1.390762357447824382e-11 1.413038145235190657e-11 1.649076318353350349e-11 1.551235070246383160e-11 1.881961723007353546e-11 1.045102158763377827e-10 3.124871649053266036e-11 6.866103336394792496e-12 6.011221612923299206e-12 -3.531020882453254499e-12 -1.002678387754105606e-12 -9.555435097034529962e-13 -4.984461949130573261e-12 -6.567773949739059910e-12 -5.002335137426722510e-12 1.198986036764219067e-12 -6.891036719558505044e-13 2.107409591815436362e-12 1.183061628233822961e-12 -2.035388618072257243e-12 -7.764178024518315738e-13 4.422733827199803499e-13 8.040028077888735148e-13
4.063348796529132380e-11 -8.546388682772178727e-14 1.394421441356685633e-11 1.188479679522500639e-11 2.453020132327962001e-11 2.203713747096361135e-13 5.318529039933395934e-12 1.721007537157555654e-11 3.124871649053266036e-11 7.378921257795770691e-11 1.547246132915956581e-11 1.454676572423645472e-11 4.070257419735752499e-12 2.954793037909609409e-12 6.274902473573227408e-12 -1.954284551822060058e-13 -6.832476610666596831e-13 5.018891931865393838e-13 3.588281348755115903e-12 7.525718596689894573e-13 -2.513997289504255030e-12 -7.807218324772598407e-13 -2.137538343362399342e-13 -1.462028631648759821e-12 -8.162684681514681223e-13 1.664810042636173312e-13
-3.326453195138944749e-12 2.182764954273301065e-11 2.405559885674343762e-11 -1.732464595920236794e-11 9.848416972497752823e-12 1.440478374220688314e-11 5.761202034793629920e-12 2.966689101704967512e-12 6.866103336394792496e-12 1.547246132915956581e-11 5.678212607014132552e-11 2.079926208239119477e-11 8.237201595802083225e-12 5.500801873826370074e-12 2.195263600396424023e-12 -1.666441484255281423e-12 -1.460153137469108194e-13 -1.769666985771771252e-12 -3.696421273663337971e-12 -1.183728015550988147e-12 -4.670604904303547806e-13 -8.087726825165839915e-13 1.044598523851472814e-12 1.055068493928236627e-12 -6.127925771980361125e-13 1.102643512372294343e-12
-7.476579782036866776e-13 -7.575967071027024464e-12 1.115116021437720121e-11 1.434397899895165870e-11 1.592802883081958928e-11 4.161196377758476098e-12 7.885854428779530488e-12 4.853486668279225631e-12 6.011221612923299206e-12 1.454676572423645472e-11 2.079926208239119477e-11 4.100128045929031892e-11 1.510378318099075088e-11 7.894691754654993186e-12 2.534090414028299380e-12 1.498861738167408668e-12 -6.036459146613366287e-13 -1.437483345022158709e-12 -1.821484353804218295e-12 7.778443876795748868e-13 -5.549698852609021975e-13 1.981969169113478085e-13 2.973271982671175602e-13 4.529195518172182096e-13 5.577510199441338698e-13 -1.517565134032953416e-14
-9.530047270736839371e-12 -1.932749281006792510e-11 1.604233969360369052e-11 -1.135642147691901523e-11 6.572183640327000059e-12 -7.667231229802473045e-12 1.284530778094116603e-11 5.387132828890958549e-12 -3.531020882453254499e-12 4.070257419735752499e-12 8.237201595802083225e-12 1.510378318099075088e-11 3.782678691223642792e-11 1.545399346192239857e-11 7.947488495093781799e-12 2.636418992356953343e-12 1.686246071580446824e-12 2.046106692444797409e-12 -1.039244360704748360e-14 5.539813432921118056e-13 1.040256771448501260e-12 -8.724413718023922332e-13 -5.129975148910004099e-13 -2.570359995004083015e-13 5.669093755527796985e-13 2.362695664960709286e-13
-1.611838317436543579e-11 -1.938597248745333605e-11 -1.525063495633378218e-11 -4.900102274196678977e-12 1.106430245042927344e-11 6.913434651919755153e-12 9.372462881612971213e-12 7.268321084624902847e-12 -1.002678387754105606e-12 2.954793037909609409e-12 5.500801873826370074e-12 7.894691754654993186e-12 1.545399346192239857e-11 2.950180985307482198e-11 1.207557417025812453e-11 5.429211292031826098e-12 2.889850607363442858e-12 1.989857139042923809e-12 -1.293732347941446061e-12 1.094141736143293351e-12 1.843799168333702378e-12 5.421362774799426292e-13 -8.994820832007681600e-13 2.440850225957925610e-13 8.165826724047524021e-13 8.449824352154327608e-13
-4.561637098029251763e-12 -2.975969399923911044e-11 6.788839915878547651e-12 3.111427146754832498e-12 6.888299753391914988e-13 1.769733101116253701e-14 3.280045925068936309e-12 5.711840244746703326e-12 -9.555435097034529962e-13 6.274902473573227408e-12 2.195263600396424023e-12 2.534090414028299380e-12 7.947488495093781799e-12 1.207557417025812453e-11 2.304496135546275727e-11 1.027590231401840309e-11 5.003333959927299176e-12 4.893383652633702260e-12 2.520207669442815754e-12 -4.024531016475339447e-13 -1.636370656867259095e-12 -1.397993510770391382e-13 1.731681139845689033e-13 7.775751650122750902e-13 7.058133884837103416e-13 2.856976617040732720e-13
-6.755688227400561391e-12 -1.444821851214568190e-11 6.895199160086600663e-13 1.530887106983687290e-11 -2.000580765304243230e-12 -5.170151026514206540e-12 6.950740508063297453e-13 -3.598309956945082148e-13 -4.984461949130573261e-12 -1.954284551822060058e-13 -1.666441484255281423e-12 1.498861738167408668e-12 2.636418992356953343e-12 5.429211292031826098e-12 1.027590231401840309e-11 1.861452928365749750e-11 6.643414257622740654e-12 2.927539916206533533e-12 1.009242476639711751e-12 -5.499155399551654513e-13 -1.830062251125802170e-12 7.909881132429981892e-13 -6.052560966746565996e-14 3.396713625659542087e-13 1.055349534090473043e-13 -4.340038851959126790e-13
-1.954980541686852989e-11 -1.693728086196525237e-11 1.175305284509028353e-11 4.909011666004139883e-12 6.097129918524581616e-12 1.058673028587279258e-12 2.915117429984155304e-12 4.685127259916003973e-12 -6.567773949739059910e-12 -6.832476610666596831e-13 -1.460153137469108194e-13 -6.036459146613366287e-13 1.686246071580446824e-12 2.889850607363442858e-12 5.003333959927299176e-12 6.643414257622740654e-12 1.615830839257935780e-11 6.447331598976459583e-12 1.771041095486330179e-12 2.110375588728103724e-13 -5.797450889529849734e-13 6.375020770490514299e-13 -5.304128375358362277e-13 1.361367770807704022e-13 2.130874690898551434e-13 -1.683956650310192337e-13
-4.601904789346626946e-12 -8.278855113702112071e-12 6.772254011280649182e-12 2.771137824009387603e-12 -7.114340776248170509e-12 -4.773498047449492677e-12 -4.271840612700681697e-14 2.539741276650130577e-12 -5.002335137426722510e-12 5.018891931865393838e-13 -1.769666985771771252e-12 -1.437483345022158709e-12 2.046106692444797409e-12 1.989857139042923809e-12 4.893383652633702260e-12 2.927539916206533533e-12 6.447331598976459583e-12 1.489605757199260521e-11 5.564489929950816733e-12 1.298596115267218555e-12 5.666733474440265110e-13 -3.978383119322439797e-14 -2.613976576698266297e-13 4.833207885128740315e-13 4.382411569671420335e-13 -9.570369259305799525e-14
-1.268772354961233140e-11 -1.649115070817781254e-11 3.881046010886557990e-12 2.191603012499820462e-12 -1.171197871491294755e-13 -5.389618514491459297e-12 -5.045581397668279630e-12 -1.140942872175563351e-12 1.198986036764219067e-12 3.588281348755115903e-12 -3.696421273663337971e-12 -1.821484353804218295e-12 -1.039244360704748360e-14 -1.293732347941446061e-12 2.520207669442815754e-12 1.009242476639711751e-12 1.771041095486330179e-12 5.564489929950816733e-12 1.361971713843734024e-11 3.680196792084148292e-12 5.042448935220628474e-13 -2.371038065559970706e-14 1.275317355630985670e-13 -1.390233618196244780e-13 1.620651804326768976e-13 5.360904405756383657e-14
-3.888577449882151924e-12 -1.912753553068647750e-12 -8.913531849480060181e-12 -3.188589721944223176e-14 2.582545751569599958e-12 -3.228823654247295428e-12 -5.249642445074574687e-13 -3.383478513107529816e-12 -6.891036719558505044e-13 7.525718596689894573e-13 -1.183728015550988147e-12 7.778443876795748868e-13 5.539813432921118056e-13 1.094141736143293351e-12 -4.024531016475339447e-13 -5.499155399551654513e-13 2.110375588728103724e-13 1.298596115267218555e-12 3.680196792084148292e-12 9.921161712948547860e-12 4.303090153567109036e-12 1.342190240942202961e-12 3.038806994980339108e-13 -4.793433151899814050e-13 6.529033383494304612e-13 6.132302347043855385e-13
8.686892925648092806e-12 -5.660190252734477837e-12 -2.646159597814159759e-12 -9.644336329277299227e-13 3.886578401886111212e-12 -2.052140878827945375e-12 -2.150779624613697855e-13 -4.117537246806423141e-12 2.107409591815436362e-12 -2.513997289504255030e-12 -4.670604904303547806e-13 -5.549698852609021975e-13 1.040256771448501260e-12 1.843799168333702378e-12 -1.636370656867259095e-12 -1.830062251125802170e-12 -5.797450889529849734e-13 5.666733474440265110e-13 5.042448935220628474e-13 4.303090153567109036e-12 9.092132990925695867e-12 2.406196516410998786e-12 -2.868625377371952040e-13 -1.905665941956178495e-13 8.505593696192603988e-13 2.731179276364849895e-13
1.664435437365609319e-12 -8.368836468452285958e-12 -7.574629871924320274e-12 -1.983350386710694452e-13 1.087195482008616376e-12 2.572514140664839347e-13 -1.486671387458193006e-13 -2.029129419315130437e-13 1.183061628233822961e-12 -7.807218324772598407e-13 -8.087726825165839915e-13 1.981969169113478085e-13 -8.724413718023922332e-13 5.421362774799426292e-13 -1.397993510770391382e-13 7.909881132429981892e-13 6.375020770490514299e-13 -3.978383119322439797e-14 -2.371038065559970706e-14 1.342190240942202961e-12 2.406196516410998786e-12 6.362266751260004739e-12 9.758772077228359557e-13 3.479949969551163310e-13 3.316562293821538973e-13 9.344645547734770716e-14
3.202956701205413016e-12 1.112269307863270169e-11 -7.317159249885655473e-12 -1.452835523870585988e-12 -2.161346887476394247e-13 2.599767421944953069e-12 -1.496613242691828470e-12 -1.776487533330940877e-12 -2.035388618072257243e-12 -2.137538343362399342e-13 1.044598523851472814e-12 2.973271982671175602e-13 -5.129975148910004099e-13 -8.994820832007681600e-13 1.731681139845689033e-13 -6.052560966746565996e-14 -5.304128375358362277e-13 -2.613976576698266297e-13 1.275317355630985670e-13 3.038806994980339108e-13 -2.868625377371952040e-13 9.758772077228359557e-13 4.567380932507027971e-12 6.929156141724563378e-13 -1.824510472194727306e-13 -1.817614364915892566e-13
2.106788347681231655e-13 -4.021003443249656401e-12 -9.279525502176819455e-13 1.884575038013627458e-12 5.438355440560874879e-12 5.446620244521368145e-13 1.610777413758879681e-12 9.363143897980527246e-13 -7.764178024518315738e-13 -1.462028631648759821e-12 1.055068493928236627e-12 4.529195518172182096e-13 -2.570359995004083015e-13 2.440850225957925610e-13 7.775751650122750902e-13 3.396713625659542087e-13 1.361367770807704022e-13 4.833207885128740315e-13 -1.390233618196244780e-13 -4.793433151899814050e-13 -1.905665941956178495e-13 3.479949969551163310e-13 6.929156141724563378e-13 2.956871189164266774e-12 5.168381750628393760e-13 -2.659513719800942733e-13
-2.483096758021965606e-12 -7.548210077723877330e-12 -2.323420089510550386e-12 -4.290137834605097469e-13 2.893966858399657467e-12 -4.568276907988278486e-12 3.704227760977600922e-13 -3.761511010709410017e-13 4.422733827199803499e-13 -8.162684681514681223e-13 -6.127925771980361125e-13 5.577510199441338698e-13 5.669093755527796985e-13 8.165826724047524021e-13 7.058133884837103416e-13 1.055349534090473043e-13 2.130874690898551434e-13 4.382411569671420335e-13 1.620651804326768976e-13 6.529033383494304612e-13 8.505593696192603988e-13 3.316562293821538973e-13 -1.824510472194727306e-13 5.168381750628393760e-13 1.894383418582768159e-12 2.206850538784660302e-13
-4.028664815296155493e-12 -3.415913944139773913e-12 -5.391722245436959991e-12 -2.124540648932340176e-12 4.509933868410383350e-12 -1.815176876701747365e-14 4.753398369314686062e-13 -1.158235332096551554e-12 8.040028077888735148e-13 1.664810042636173312e-13 1.102643512372294343e-12 -1.517565134032953416e-14 2.362695664960709286e-13 8.449824352154327608e-13 2.856976617040732720e-13 -4.340038851959126790e-13 -1.683956650310192337e-13 -9.570369259305799525e-14 5.360904405756383657e-14 6.132302347043855385e-13 2.731179276364849895e-13 9.344645547734770716e-14 -1.817614364915892566e-13 -2.659513719800942733e-13 2.206850538784660302e-13 1.439401413748264328e-12
