3.996558702801147159e-09 2.206741229606488284e-10 1.163152432051805539e-10 1.772649056746236386e-10 -4.524122876221716398e-11 -7.540934691350155114e-12 1.386597316705758700e-11 -5.691892096245939638e-12 -8.154674898336675122e-11 7.622611168934832335e-11 6.886485368513508846e-11 4.218310946724356867e-11 3.739164920481827058e-11 2.655150309201768435e-11 -8.753830987192131126e-12 -1.685970718294499248e-11 -2.838219978678176676e-11 3.189344836819798825e-12 4.531702731673492167e-12 -2.884980957259144069e-11 -1.963516656472447998e-11 3.176645351493492712e-12 1.238428272679856346e-12 -1.621002973985807826e-11 -6.445311345487330406e-12 -7.306086284779175066e-13
2.206741229606488284e-10 2.352079250356848795e-09 -1.385305029213678733e-10 1.033269359515982588e-10 -2.978273084515420547e-11 -7.240066113101783876e-11 1.323380631486662555e-10 1.124287843429686198e-11 -1.841647195119809367e-11 3.785772264212263734e-11 6.195640963827005097e-12 -3.521235625420878732e-11 -1.073309636015985061e-12 1.815812550694133995e-11 -2.354543299327415151e-11 1.001223884573524528e-11 -5.713934179395322792e-12 -2.072552030618301240e-12 -9.643520606536875603e-12 -1.158165340519556502e-11 2.824907998491557133e-11 1.150958314899282129e-11 -8.085936074647650475e-12 -4.382451915662456950e-12 2.855600274564925845e-12 -5.257947722368360552e-12
1.163152432051805539e-10 -1.385305029213678733e-10 1.245988234938019617e-09 5.090058278764764122e-11 9.041580531799244650e-11 2.201094866441909261e-11 -6.872287538859791813e-11 -1.585168072576465959e-11 3.623378350938597673e-11 -2.347966143417335237e-11 2.114891144302042067e-11 8.528871958142549767e-13 3.504274263635432021e-14 2.683195586457799759e-11 2.772950673795209377e-11 3.054720767012042776e-11 2.535775902059638509e-12 3.443413300556268918e-12 1.207527540969419972e-11 1.146228168938276412e-11 6.811588398420990106e-12 -8.015824164959651286e-13 -1.266640307632382864e-11 -9.025685047233102011e-14 4.988976838670700284e-12 -1.102055854017940644e-12
1.772649056746236386e-10 1.033269359515982588e-10 5.090058278764764122e-11 1.097614520447435405e-09 7.385424870864094751e-12 2.113170753983327580e-11 7.843193879839456081e-11 3.934684459806802216e-11 1.245168767589544937e-11 -7.828621952671994552e-14 -5.434624255037454553e-12 -2.124772357151135880e-11 5.618803923357077226e-12 -2.101081000307371855e-11 -4.478636627862049119e-13 -6.244770395948931504e-12 -2.010827746585536705e-12 -8.611201563062051449e-12 1.149936531913924182e-12 7.006879158792513940e-12 9.219587823823075725e-12 1.614776114737984897e-12 -2.104427798299356336e-12 4.007740266755057254e-12 6.167591982269677526e-12 5.854690370667787935e-12
-4.524122876221716398e-11 -2.978273084515420547e-11 9.041580531799244650e-11 7.385424870864094751e-12 5.105635905855103974e-10 5.189461578266578732e-11 1.980540646573453923e-11 2.694718929387653784e-11 1.793140827467003495e-11 2.121939229587322201e-11 1.343535513252016454e-11 1.220677499473010356e-11 1.346244924224442226e-11 -3.020658281820545598e-12 1.716084053102509807e-11 1.236454623809868581e-11 9.214037895884783909e-12 7.030067776350818333e-12 7.462466737038191226e-12 1.310691463378806273e-11 6.107892542585113807e-12 -1.013802212301294220e-11 -5.244801457434181203e-12 -1.879548620851483258e-12 -2.136476145959928315e-12 -2.693980432079371999e-12
-7.540934691350155114e-12 -7.240066113101783876e-11 2.201094866441909261e-11 2.113170753983327580e-11 5.189461578266578732e-11 4.356780608513594956e-10 8.143477710750120178e-11 3.961181510965489445e-11 1.284010401449664646e-12 4.550931218874160671e-12 1.496346151247328324e-11 5.378316691868351876e-12 8.938557107415660635e-12 -3.634187670285515762e-12 5.119993507038362983e-12 1.179033516042820505e-12 -2.039010343983923092e-12 3.328141352911744384e-12 7.081852059523783698e-12 6.959325290687779294e-12 1.237371268036847177e-11 5.287387073313754434e-12 -8.055664928707169902e-12 -1.120189567589541886e-13 -3.122920144589783876e-12 -1.644376211333880457e-13
1.386597316705758700e-11 1.323380631486662555e-10 -6.872287538859791813e-11 7.843193879839456081e-11 1.980540646573453923e-11 8.143477710750120178e-11 2.879793671172701451e-10 5.755111560014772477e-11 8.984457418671494373e-12 2.170624118725563163e-11 -1.072748619862710252e-11 -1.093127327072095471e-11 -5.147602189545227943e-12 -1.497369626973447172e-11 -1.234082318043578562e-11 -3.786808456010178019e-12 -4.382525928361839297e-12 -5.148383154739310439e-12 -5.713467555570821196e-12 4.386082331483287308e-12 2.552146588499629024e-12 4.592232869692117876e-12 -3.491264728063347996e-12 1.010148571216048028e-12 4.913201781191453268e-12 4.048973556895050725e-12
-5.691892096245939638e-12 1.124287843429686198e-11 -1.585168072576465959e-11 3.934684459806802216e-11 2.694718929387653784e-11 3.961181510965489445e-11 5.755111560014772477e-11 1.870587546975299416e-10 1.927784833825169326e-11 2.680606697439969081e-11 1.027133133909891628e-11 1.877275887627702533e-11 7.536344400703731066e-13 -2.121592167230315219e-12 8.157783966204713829e-13 3.907006876226062758e-12 3.083775645229242205e-12 1.545964759531248308e-12 3.007747872489783276e-13 4.717893264186963843e-12 -2.392764271507598256e-12 -1.741915696705516986e-12 9.608148632644607266e-15 -4.354016602762890497e-13 -9.864569185920830802e-13 -4.770820489896462334e-13
-8.154674898336675122e-11 -1.841647195119809367e-11 3.623378350938597673e-11 1.245168767589544937e-11 1.793140827467003495e-11 1.284010401449664646e-12 8.984457418671494373e-12 1.927784833825169326e-11 1.456715694193358193e-10 3.171020884743690553e-11 1.909866634370505674e-11 1.510422490110014137e-11 6.977048803551184675e-12 4.904866955688914203e-12 2.549864582285854109e-12 4.355680077816607257e-12 6.222765444687685303e-12 -7.211869472471297301e-13 6.967997847435646161e-12 7.606195105764606382e-12 6.400356337625898171e-12 2.507919423129928562e-12 -2.352297905586098486e-12 -1.610389906256783561e-12 1.354545600452446796e-12 -2.391310611942333235e-13
7.622611168934832335e-11 3.785772264212263734e-11 -2.347966143417335237e-11 -7.828621952671994552e-14 2.121939229587322201e-11 4.550931218874160671e-12 2.170624118725563163e-11 2.680606697439969081e-11 3.171020884743690553e-11 8.750141167907554130e-11 1.750519599042261073e-11 5.328537138418664239e-12 5.832165343683973090e-12 1.804522225184712643e-12 -7.753527173173806105e-13 -3.329305724113919456e-13 2.440514835037504353e-12 -8.879231365025014259e-14 4.096993321308274544e-12 3.046072994661069244e-13 1.531108512454433653e-12 1.372351471428716112e-12 -1.065328987974799941e-12 -2.923133546933600186e-12 -2.880691445375611996e-12 -1.049076261214987108e-12
6.886485368513508846e-11 6.195640963827005097e-12 2.114891144302042067e-11 -5.434624255037454553e-12 1.343535513252016454e-11 1.496346151247328324e-11 -1.072748619862710252e-11 1.027133133909891628e-11 1.909866634370505674e-11 1.750519599042261073e-11 6.393535395452411174e-11 2.447500357254309048e-11 1.006597610532706340e-11 6.341436345411597235e-12 4.977152346270317132e-12 3.398887339544823541e-12 3.384166492317388109e-12 1.111178696745275898e-12 3.986970220205681822e-12 1.913301279423017802e-12 3.076776178628172853e-13 6.286061092612102198e-13 -1.705644912801865790e-12 -1.732162357227021987e-12 -1.303889304286903521e-12 -8.014160192833960443e-13
4.218310946724356867e-11 -3.521235625420878732e-11 8.528871958142549767e-13 -2.124772357151135880e-11 1.220677499473010356e-11 5.378316691868351876e-12 -1.093127327072095471e-11 1.877275887627702533e-11 1.510422490110014137e-11 5.328537138418664239e-12 2.447500357254309048e-11 6.697056852366101453e-11 2.049103610065114510e-11 9.715994020535200538e-12 5.684000076146717552e-12 5.399905551687387881e-12 2.742156845489615451e-12 1.411751209539690235e-12 2.675479503252496726e-12 1.535515942056995531e-12 -1.813926915035135317e-13 1.209016566362740667e-12 9.412022668397725509e-13 -1.475884277718874023e-12 -1.033337656097282363e-12 8.167194884306817983e-14
3.739164920481827058e-11 -1.073309636015985061e-12 3.504274263635432021e-14 5.618803923357077226e-12 1.346244924224442226e-11 8.938557107415660635e-12 -5.147602189545227943e-12 7.536344400703731066e-13 6.977048803551184675e-12 5.832165343683973090e-12 1.006597610532706340e-11 2.049103610065114510e-11 3.972959658239413388e-11 1.435891040874930955e-11 6.130696776645772638e-12 3.473302304752467121e-12 1.693941787561185285e-12 6.322020876966962852e-13 9.823209110886779294e-13 1.895702256498674383e-12 3.520184772611950555e-12 1.648906965132132484e-12 -1.575229064238071467e-12 -1.619927912143491368e-12 -5.976548323137194771e-13 9.817287115858203859e-14
2.655150309201768435e-11 1.815812550694133995e-11 2.683195586457799759e-11 -2.101081000307371855e-11 -3.020658281820545598e-12 -3.634187670285515762e-12 -1.497369626973447172e-11 -2.121592167230315219e-12 4.904866955688914203e-12 1.804522225184712643e-12 6.341436345411597235e-12 9.715994020535200538e-12 1.435891040874930955e-11 3.237166944199649728e-11 1.325842761436395732e-11 7.708927741711834301e-12 1.622742263226798230e-12 4.037677666633608506e-13 1.160720367037162939e-12 -1.693072284511960774e-12 5.052307659151695433e-13 6.689156620946070430e-13 -6.105122766141539984e-13 -8.196089495273266403e-13 -1.254499045905062586e-12 -1.351171929394510992e-12
-8.753830987192131126e-12 -2.354543299327415151e-11 2.772950673795209377e-11 -4.478636627862049119e-13 1.716084053102509807e-11 5.119993507038362983e-12 -1.234082318043578562e-11 8.157783966204713829e-13 2.549864582285854109e-12 -7.753527173173806105e-13 4.977152346270317132e-12 5.684000076146717552e-12 6.130696776645772638e-12 1.325842761436395732e-11 3.064575811231599815e-11 1.259423174696850134e-11 7.295715014658814863e-12 4.592989180487232375e-12 1.864960661203290730e-12 -3.070455841311345083e-13 -1.766599757903259269e-13 -5.940939410725067297e-13 -1.165776312976974029e-12 1.651090781686852370e-13 8.225879777450330668e-13 -6.673978038899341180e-14
-1.685970718294499248e-11 1.001223884573524528e-11 3.054720767012042776e-11 -6.244770395948931504e-12 1.236454623809868581e-11 1.179033516042820505e-12 -3.786808456010178019e-12 3.907006876226062758e-12 4.355680077816607257e-12 -3.329305724113919456e-13 3.398887339544823541e-12 5.399905551687387881e-12 3.473302304752467121e-12 7.708927741711834301e-12 1.259423174696850134e-11 2.269753798612831390e-11 1.192202281430104213e-11 7.003095762390699770e-12 3.274428865215765988e-12 1.029880954319462835e-12 -7.004450541647358196e-13 -1.766982611075595089e-12 -4.591902469683726831e-13 9.334469766265851136e-14 9.955243672724099381e-13 3.189162249129133508e-13
-2.838219978678176676e-11 -5.713934179395322792e-12 2.535775902059638509e-12 -2.010827746585536705e-12 9.214037895884783909e-12 -2.039010343983923092e-12 -4.382525928361839297e-12 3.083775645229242205e-12 6.222765444687685303e-12 2.440514835037504353e-12 3.384166492317388109e-12 2.742156845489615451e-12 1.693941787561185285e-12 1.622742263226798230e-12 7.295715014658814863e-12 1.192202281430104213e-11 2.453121814391020777e-11 1.270939113118785430e-11 6.610404418354171974e-12 4.160958501387380620e-12 9.981789561844244260e-13 -1.341192792095363176e-12 -8.424520042444912717e-13 -1.327505122354731208e-12 -8.377475785269571249e-13 -7.997386228541232456e-13
3.189344836819798825e-12 -2.072552030618301240e-12 3.443413300556268918e-12 -8.611201563062051449e-12 7.030067776350818333e-12 3.328141352911744384e-12 -5.148383154739310439e-12 1.545964759531248308e-12 -7.211869472471297301e-13 -8.879231365025014259e-14 1.111178696745275898e-12 1.411751209539690235e-12 6.322020876966962852e-13 4.037677666633608506e-13 4.592989180487232375e-12 7.003095762390699770e-12 1.270939113118785430e-11 2.052273351645087930e-11 1.022864378419661635e-11 3.941905350448978383e-12 1.358311274264851080e-13 -2.131033151835520655e-13 1.177928644986262153e-13 -1.212883668187572189e-12 -2.766723991164829488e-13 -9.404214054905176880e-13
4.531702731673492167e-12 -9.643520606536875603e-12 1.207527540969419972e-11 1.149936531913924182e-12 7.462466737038191226e-12 7.081852059523783698e-12 -5.713467555570821196e-12 3.007747872489783276e-13 6.967997847435646161e-12 4.096993321308274544e-12 3.986970220205681822e-12 2.675479503252496726e-12 9.823209110886779294e-13 1.160720367037162939e-12 1.864960661203290730e-12 3.274428865215765988e-12 6.610404418354171974e-12 1.022864378419661635e-11 2.023570166316130106e-11 1.052138881869530772e-11 2.594382428988680953e-12 2.095505562500110251e-13 -6.904452567589451260e-13 -1.388720801929081337e-12 -3.861664014633691408e-13 -1.825147181808809316e-12
-2.884980957259144069e-11 -1.158165340519556502e-11 1.146228168938276412e-11 7.006879158792513940e-12 1.310691463378806273e-11 6.959325290687779294e-12 4.386082331483287308e-12 4.717893264186963843e-12 7.606195105764606382e-12 3.046072994661069244e-13 1.913301279423017802e-12 1.535515942056995531e-12 1.895702256498674383e-12 -1.693072284511960774e-12 -3.070455841311345083e-13 1.029880954319462835e-12 4.160958501387380620e-12 3.941905350448978383e-12 1.052138881869530772e-11 2.003635683130288266e-11 9.809476703900212764e-12 3.115958614956194073e-12 -5.149090374649241128e-13 -1.258955658745338584e-12 -5.142719180098128837e-13 -1.354462691113017684e-12
-1.963516656472447998e-11 2.824907998491557133e-11 6.811588398420990106e-12 9.219587823823075725e-12 6.107892542585113807e-12 1.237371268036847177e-11 2.552146588499629024e-12 -2.392764271507598256e-12 6.400356337625898171e-12 1.531108512454433653e-12 3.076776178628172853e-13 -1.813926915035135317e-13 3.520184772611950555e-12 5.052307659151695433e-13 -1.766599757903259269e-13 -7.004450541647358196e-13 9.981789561844244260e-13 1.358311274264851080e-13 2.594382428988680953e-12 9.809476703900212764e-12 1.693440222827130615e-11 6.820342741743644107e-12 -1.513721250390271377e-13 -6.090166167831990976e-13 -1.129275400231471208e-12 -1.103127707008508319e-12
3.176645351493492712e-12 1.150958314899282129e-11 -8.015824164959651286e-13 1.614776114737984897e-12 -1.013802212301294220e-11 5.287387073313754434e-12 4.592232869692117876e-12 -1.741915696705516986e-12 2.507919423129928562e-12 1.372351471428716112e-12 6.286061092612102198e-13 1.209016566362740667e-12 1.648906965132132484e-12 6.689156620946070430e-13 -5.940939410725067297e-13 -1.766982611075595089e-12 -1.341192792095363176e-12 -2.131033151835520655e-13 2.095505562500110251e-13 3.115958614956194073e-12 6.820342741743644107e-12 1.383050973243493042e-11 5.990212033582904126e-12 1.284758966000188385e-12 -1.325191931109225446e-12 -1.029881110621798658e-12
1.238428272679856346e-12 -8.085936074647650475e-12 -1.266640307632382864e-11 -2.104427798299356336e-12 -5.244801457434181203e-12 -8.055664928707169902e-12 -3.491264728063347996e-12 9.608148632644607266e-15 -2.352297905586098486e-12 -1.065328987974799941e-12 -1.705644912801865790e-12 9.412022668397725509e-13 -1.575229064238071467e-12 -6.105122766141539984e-13 -1.165776312976974029e-12 -4.591902469683726831e-13 -8.424520042444912717e-13 1.177928644986262153e-13 -6.904452567589451260e-13 -5.149090374649241128e-13 -1.513721250390271377e-13 5.990212033582904126e-12 1.298904535289325485e-11 5.504815931054958080e-12 -3.879011123892244198e-13 -3.644071897991381641e-13
-1.621002973985807826e-11 -4.382451915662456950e-12 -9.025685047233102011e-14 4.007740266755057254e-12 -1.879548620851483258e-12 -1.120189567589541886e-13 1.010148571216048028e-12 -4.354016602762890497e-13 -1.610389906256783561e-12 -2.923133546933600186e-12 -1.732162357227021987e-12 -1.475884277718874023e-12 -1.619927912143491368e-12 -8.196089495273266403e-13 1.651090781686852370e-13 9.334469766265851136e-14 -1.327505122354731208e-12 -1.212883668187572189e-12 -1.388720801929081337e-12 -1.258955658745338584e-12 -6.090166167831990976e-13 1.284758966000188385e-12 5.504815931054958080e-12 8.887394214888030611e-12 1.667695832316350182e-12 -5.028229687093085798e-13
-6.445311345487330406e-12 2.855600274564925845e-12 4.988976838670700284e-12 6.167591982269677526e-12 -2.136476145959928315e-12 -3.122920144589783876e-12 4.913201781191453268e-12 -9.864569185920830802e-13 1.354545600452446796e-12 -2.880691445375611996e-12 -1.303889304286903521e-12 -1.033337656097282363e-12 -5.976548323137194771e-13 -1.254499045905062586e-12 8.225879777450330668e-13 9.955243672724099381e-13 -8.377475785269571249e-13 -2.766723991164829488e-13 -3.861664014633691408e-13 -5.142719180098128837e-13 -1.129275400231471208e-12 -1.325191931109225446e-12 -3.879011123892244198e-13 1.667695832316350182e-12 5.720483078535525069e-12 1.242575537494253146e-12
-7.306086284779175066e-13 -5.257947722368360552e-12 -1.102055854017940644e-12 5.854690370667787935e-12 -2.693980432079371999e-12 -1.644376211333880457e-13 4.048973556895050725e-12 -4.770820489896462334e-13 -2.391310611942333235e-13 -1.049076261214987108e-12 -8.014160192833960443e-13 8.167194884306817983e-14 9.817287115858203859e-14 -1.351171929394510992e-12 -6.673978038899341180e-14 3.189162249129133508e-13 -7.997386228541232456e-13 -9.404214054905176880e-13 -1.825147181808809316e-12 -1.354462691113017684e-12 -1.103127707008508319e-12 -1.029881110621798658e-12 -3.644071897991381641e-13 -5.028229687093085798e-13 1.242575537494253146e-12 4.987167635633419988e-12
