2.740881869847036527e-09 1.513218390351989996e-10 2.317351696959201701e-10 -1.140969233561765399e-10 8.309496952411960460e-12 1.459792353146891355e-11 1.676356867768098109e-11 1.252213684496950272e-11 1.213152459879878493e-12 -3.254058876295212052e-11 -6.886768997611469589e-11 3.528572365195590744e-11 -1.786961994389983128e-11 1.018668542631191761e-11 7.918758674034753046e-12 9.079906552813592106e-12 -2.044679837381541471e-11 -2.434348712625024075e-11 -1.976440737502665425e-11 -1.778055804949563915e-11 -2.977657929841451845e-12 -2.487311397719968559e-12 2.399356814776442006e-12 2.199020481649914896e-12 6.195639540997163300e-13 -1.465847881353771431e-12
1.513218390351989996e-10 2.062317702359922774e-09 -5.341598776654639145e-11 -5.403249955276101577e-11 3.612831470550755780e-11 6.471299816406375301e-11 3.574673102148138863e-11 -1.595457643128249978e-12 1.864714413160798080e-11 -6.752593058808724044e-12 -2.505979868429555881e-12 1.698223015362844605e-11 -7.428289836604070453e-12 7.095018162145095435e-12 2.909223707773363762e-11 3.990462798784004618e-11 1.769340134534195178e-11 -1.640148352514689334e-12 2.876626467962970174e-12 -1.119625463225337183e-11 -1.136197680821358904e-11 -8.830214661292407647e-12 -2.709935383519111539e-12 -4.316585137209117078e-12 1.586287544781193820e-12 2.864652739576935692e-12
2.317351696959201701e-10 -5.341598776654639145e-11 1.195849214077782414e-09 2.660624229739462467e-11 -7.344311712441586441e-11 1.941904133409450265e-11 6.670009955471626139e-11 7.103903173875862625e-12 -1.000030519612445636e-11 3.222926948292430682e-11 2.844033410642543539e-11 2.522472681535581266e-11 2.699263275792615756e-12 1.966134115598442653e-12 8.456886583203695363e-12 -8.051022489998566876e-12 2.575128241011302886e-12 4.538987590180429146e-12 1.275941164985015126e-12 6.115154705819626106e-12 9.254307045648028605e-12 1.187718687103749873e-11 3.817521951021715468e-12 9.459933289612620436e-12 2.620033616580425578e-12 2.339878876478799490e-12
-1.140969233561765399e-10 -5.403249955276101577e-11 2.660624229739462467e-11 7.734585390703693925e-10 6.569009287413104443e-11 6.226162544402887692e-12 -7.816885450738751880e-12 -1.581272347967883170e-11 2.693429386042913490e-12 -9.174547242717726804e-12 2.663796655066184654e-11 5.979904437631713298e-12 5.764931777587528764e-13 7.700978488460375981e-13 3.276097854073621084e-12 -3.295430407581493262e-12 -3.336496196525018283e-12 8.256705377219656395e-12 -1.393700096179218486e-11 -5.754339939595436162e-12 8.866574293525178234e-12 5.928370593285058106e-12 3.470474293417721496e-12 8.484307329651139947e-12 -3.658186303362159681e-12 -2.107576043502479258e-12
8.309496952411960460e-12 3.612831470550755780e-11 -7.344311712441586441e-11 6.569009287413104443e-11 5.917285303338647255e-10 3.401223304796566127e-11 -5.592945428636382199e-12 3.178894814605447400e-11 6.124086286846472676e-12 -1.142681916610918116e-11 8.850083031797871166e-12 -1.680400548920740118e-11 -2.574397029143263592e-11 -1.935680037347816144e-13 1.347752761514827049e-12 -7.766448949399592579e-12 -6.040580236869250782e-12 -2.576791137932373748e-13 6.216034843674372235e-12 -3.164374975312145389e-12 -1.738312100924093113e-12 -1.027018277788361639e-12 -1.101722709555934777e-12 -9.568536376613528742e-12 -2.959441189570972314e-12 2.041633921924075072e-12
1.459792353146891355e-11 6.471299816406375301e-11 1.941904133409450265e-11 6.226162544402887692e-12 3.401223304796566127e-11 3.994153404898202992e-10 5.539300895272845754e-11 1.839051486936990961e-11 3.651345316241056866e-11 2.267038937260222831e-12 1.028572186351366883e-11 2.292226469806322566e-12 -9.133132427787493314e-12 -3.331668274386439077e-12 8.635781201106539528e-12 5.484205801416694335e-12 5.743946623114676505e-12 2.486123886256961337e-12 3.002488408469001811e-12 5.526240308256273325e-12 -1.093083104386285137e-12 1.922016429177571760e-12 8.184484177362735059e-13 -1.596176071992544086e-12 1.812627385337772929e-12 1.192306670665077903e-13
1.676356867768098109e-11 3.574673102148138863e-11 6.670009955471626139e-11 -7.816885450738751880e-12 -5.592945428636382199e-12 5.539300895272845754e-11 2.788500833859863083e-10 2.149870113574976692e-11 1.529487008010027356e-12 6.588554828193568438e-12 1.625170728372382284e-12 4.988144502625242215e-12 2.883905469427687898e-12 -4.242961023195299217e-12 5.300877333397094501e-12 1.338975075419884149e-11 1.301271866065777744e-11 7.373453734029049970e-12 1.198183742257425761e-11 4.367594095118711801e-12 6.291141657763566983e-13 -1.298792827325130766e-12 -5.555622158321058247e-13 -3.943842413074825967e-12 -7.808235585358752850e-13 -2.193529900038521037e-12
1.252213684496950272e-11 -1.595457643128249978e-12 7.103903173875862625e-12 -1.581272347967883170e-11 3.178894814605447400e-11 1.839051486936990961e-11 2.149870113574976692e-11 1.600553780226387138e-10 1.503660666649368876e-11 9.416418052918908803e-12 -7.071108652083705703e-12 -2.184900198111108256e-12 3.189716323802035034e-12 8.800449706425715861e-12 9.369227795039369590e-12 2.954107330476999006e-12 -5.942912086634671904e-12 1.709683896515551673e-13 4.572118548541642696e-12 -6.087606453190128780e-13 -1.381506349074593609e-13 -1.635034084104785162e-12 1.139835724065913840e-12 1.684799487212569234e-12 1.737286293783321932e-12 1.523437227793531840e-13
1.213152459879878493e-12 1.864714413160798080e-11 -1.000030519612445636e-11 2.693429386042913490e-12 6.124086286846472676e-12 3.651345316241056866e-11 1.529487008010027356e-12 1.503660666649368876e-11 1.203299592613102282e-10 1.941058313299450075e-11 8.233170892768448075e-12 8.258970573970218526e-12 -4.520790988220693155e-12 -2.624447816460247281e-12 -4.999307825330804377e-12 -3.290484673975274484e-12 -1.739140611390497504e-12 -6.365374849590289062e-12 -1.035633049595153902e-12 -2.107516666649241736e-12 -1.469567597730126326e-12 5.660223324005267239e-13 -3.298381503061116339e-13 1.545532709136640392e-13 2.089379387329474959e-12 2.054450621505312114e-12
-3.254058876295212052e-11 -6.752593058808724044e-12 3.222926948292430682e-11 -9.174547242717726804e-12 -1.142681916610918116e-11 2.267038937260222831e-12 6.588554828193568438e-12 9.416418052918908803e-12 1.941058313299450075e-11 9.264234885729386528e-11 1.160832373251125080e-11 1.056071008449326652e-11 4.984497074427333273e-12 3.662631487394255950e-12 1.630259556969374208e-12 3.860278137288649215e-12 -2.403119366590719128e-12 -3.341921721877915575e-12 1.247472248065607002e-14 -3.427556215260138477e-14 1.470856402856785171e-12 3.370213035218737826e-12 2.720821405840300347e-12 1.326881076809299577e-12 1.463536816769926941e-12 9.237802404251288144e-13
-6.886768997611469589e-11 -2.505979868429555881e-12 2.844033410642543539e-11 2.663796655066184654e-11 8.850083031797871166e-12 1.028572186351366883e-11 1.625170728372382284e-12 -7.071108652083705703e-12 8.233170892768448075e-12 1.160832373251125080e-11 7.064121888716248359e-11 1.998412712653662889e-11 1.042334386967402002e-11 -5.139686677701790372e-14 6.604690518466541298e-13 7.427652985535951945e-14 1.459389607215030867e-12 -1.255271406022991596e-12 1.044864457296893799e-12 -3.330442567288511366e-13 -8.128308083316473097e-13 -6.778998550310496929e-13 8.680788229534669141e-13 1.519900674444186935e-12 3.794086547130387741e-13 6.493290132708633214e-13
3.528572365195590744e-11 1.698223015362844605e-11 2.522472681535581266e-11 5.979904437631713298e-12 -1.680400548920740118e-11 2.292226469806322566e-12 4.988144502625242215e-12 -2.184900198111108256e-12 8.258970573970218526e-12 1.056071008449326652e-11 1.998412712653662889e-11 4.769016131461162688e-11 1.129865825225587182e-11 5.605452184825525717e-12 4.530814089698379187e-12 1.319448383708712654e-12 1.084717959775840476e-12 -4.204826945188885441e-13 8.957329275457933677e-13 -1.334024533624056215e-12 -5.736232310218541365e-13 7.727588433322725487e-13 -1.002395183688984541e-12 1.459682380284261644e-12 1.978323627466989505e-12 3.337101354644889306e-13
-1.786961994389983128e-11 -7.428289836604070453e-12 2.699263275792615756e-12 5.764931777587528764e-13 -2.574397029143263592e-11 -9.133132427787493314e-12 2.883905469427687898e-12 3.189716323802035034e-12 -4.520790988220693155e-12 4.984497074427333273e-12 1.042334386967402002e-11 1.129865825225587182e-11 3.980500393834628773e-11 1.303814781024065399e-11 3.777305589577213354e-12 3.375573186011685334e-12 1.601518032039404752e-13 2.517049079951611729e-12 2.439039811919179834e-12 2.174481360926366250e-12 -6.562710160262852578e-13 -1.005931156672017812e-12 1.248627134093795764e-13 3.064375692685657712e-13 4.836654844996198447e-13 -1.415938145591545434e-12
1.018668542631191761e-11 7.095018162145095435e-12 1.966134115598442653e-12 7.700978488460375981e-13 -1.935680037347816144e-13 -3.331668274386439077e-12 -4.242961023195299217e-12 8.800449706425715861e-12 -2.624447816460247281e-12 3.662631487394255950e-12 -5.139686677701790372e-14 5.605452184825525717e-12 1.303814781024065399e-11 3.121468553838924703e-11 1.066493560059511069e-11 4.908269982129781944e-12 -3.816221283300384144e-13 1.991270356468043133e-12 1.598809902220511094e-12 4.178215634334463855e-13 -3.131729528794996763e-13 -1.178738181291435815e-12 -7.640464587565677214e-13 -8.436722281659438778e-13 3.658989667923618147e-13 4.649007848993455074e-15
7.918758674034753046e-12 2.909223707773363762e-11 8.456886583203695363e-12 3.276097854073621084e-12 1.347752761514827049e-12 8.635781201106539528e-12 5.300877333397094501e-12 9.369227795039369590e-12 -4.999307825330804377e-12 1.630259556969374208e-12 6.604690518466541298e-13 4.530814089698379187e-12 3.777305589577213354e-12 1.066493560059511069e-11 2.510739919350445980e-11 1.068786069366685003e-11 4.978220669120199623e-12 1.581456704362557540e-12 8.948042916735704113e-13 -1.662132215898892076e-13 -3.848492434342390873e-13 -6.615586214753040181e-13 7.073246660825795395e-13 9.051931637991275530e-13 1.133289324583370294e-12 -1.905037994366656616e-13
9.079906552813592106e-12 3.990462798784004618e-11 -8.051022489998566876e-12 -3.295430407581493262e-12 -7.766448949399592579e-12 5.484205801416694335e-12 1.338975075419884149e-11 2.954107330476999006e-12 -3.290484673975274484e-12 3.860278137288649215e-12 7.427652985535951945e-14 1.319448383708712654e-12 3.375573186011685334e-12 4.908269982129781944e-12 1.068786069366685003e-11 2.226090790396291236e-11 9.316941688711195017e-12 3.354618088259127846e-12 1.531405127346105803e-12 7.958962774601780624e-13 4.667292358086528716e-13 -8.442666574092163677e-13 -6.252096702374311432e-14 5.120124920312826511e-13 7.554264229279587101e-13 -3.151677675473566179e-13
-2.044679837381541471e-11 1.769340134534195178e-11 2.575128241011302886e-12 -3.336496196525018283e-12 -6.040580236869250782e-12 5.743946623114676505e-12 1.301271866065777744e-11 -5.942912086634671904e-12 -1.739140611390497504e-12 -2.403119366590719128e-12 1.459389607215030867e-12 1.084717959775840476e-12 1.601518032039404752e-13 -3.816221283300384144e-13 4.978220669120199623e-12 9.316941688711195017e-12 2.145261253233470990e-11 8.001707559806345755e-12 3.538410602692600937e-12 1.617418657964155943e-12 7.173985124441868184e-13 7.082689504564802015e-14 -6.164702376347018071e-14 2.239084577980801545e-14 1.571171873615843280e-13 -2.655311391778641615e-13
-2.434348712625024075e-11 -1.640148352514689334e-12 4.538987590180429146e-12 8.256705377219656395e-12 -2.576791137932373748e-13 2.486123886256961337e-12 7.373453734029049970e-12 1.709683896515551673e-13 -6.365374849590289062e-12 -3.341921721877915575e-12 -1.255271406022991596e-12 -4.204826945188885441e-13 2.517049079951611729e-12 1.991270356468043133e-12 1.581456704362557540e-12 3.354618088259127846e-12 8.001707559806345755e-12 1.327302410390770528e-11 4.802764939318793308e-12 2.370364250283068677e-12 5.230320804669183869e-13 -8.999906164812046476e-14 -7.385079830084891444e-13 5.463722884050024665e-13 3.420680013746553386e-14 -3.068373683006163899e-13
-1.976440737502665425e-11 2.876626467962970174e-12 1.275941164985015126e-12 -1.393700096179218486e-11 6.216034843674372235e-12 3.002488408469001811e-12 1.198183742257425761e-11 4.572118548541642696e-12 -1.035633049595153902e-12 1.247472248065607002e-14 1.044864457296893799e-12 8.957329275457933677e-13 2.439039811919179834e-12 1.598809902220511094e-12 8.948042916735704113e-13 1.531405127346105803e-12 3.538410602692600937e-12 4.802764939318793308e-12 1.064094221457510753e-11 4.282337520514274554e-12 3.327434073770035460e-13 -4.271717552790814487e-13 1.170564347828605705e-13 5.245459960599214809e-13 -4.914979912947691640e-14 9.911868036663399434e-14
-1.778055804949563915e-11 -1.119625463225337183e-11 6.115154705819626106e-12 -5.754339939595436162e-12 -3.164374975312145389e-12 5.526240308256273325e-12 4.367594095118711801e-12 -6.087606453190128780e-13 -2.107516666649241736e-12 -3.427556215260138477e-14 -3.330442567288511366e-13 -1.334024533624056215e-12 2.174481360926366250e-12 4.178215634334463855e-13 -1.662132215898892076e-13 7.958962774601780624e-13 1.617418657964155943e-12 2.370364250283068677e-12 4.282337520514274554e-12 7.251332158355181721e-12 2.455371416145480557e-12 3.499429273212258071e-13 1.177580144206223630e-13 3.059906859980532497e-13 -1.332510671554038855e-14 3.178928469663295941e-13
-2.977657929841451845e-12 -1.136197680821358904e-11 9.254307045648028605e-12 8.866574293525178234e-12 -1.738312100924093113e-12 -1.093083104386285137e-12 6.291141657763566983e-13 -1.381506349074593609e-13 -1.469567597730126326e-12 1.470856402856785171e-12 -8.128308083316473097e-13 -5.736232310218541365e-13 -6.562710160262852578e-13 -3.131729528794996763e-13 -3.848492434342390873e-13 4.667292358086528716e-13 7.173985124441868184e-13 5.230320804669183869e-13 3.327434073770035460e-13 2.455371416145480557e-12 9.921455109743503832e-12 2.762076576427859062e-12 6.842171691367515347e-13 1.186648798809008109e-13 4.564809511370402110e-14 1.623030104727660075e-13
-2.487311397719968559e-12 -8.830214661292407647e-12 1.187718687103749873e-11 5.928370593285058106e-12 -1.027018277788361639e-12 1.922016429177571760e-12 -1.298792827325130766e-12 -1.635034084104785162e-12 5.660223324005267239e-13 3.370213035218737826e-12 -6.778998550310496929e-13 7.727588433322725487e-13 -1.005931156672017812e-12 -1.178738181291435815e-12 -6.615586214753040181e-13 -8.442666574092163677e-13 7.082689504564802015e-14 -8.999906164812046476e-14 -4.271717552790814487e-13 3.499429273212258071e-13 2.762076576427859062e-12 6.922658698700221746e-12 1.803316303030362360e-12 2.192630629961824957e-13 4.444910192867144943e-13 3.659487632736638477e-13
2.399356814776442006e-12 -2.709935383519111539e-12 3.817521951021715468e-12 3.470474293417721496e-12 -1.101722709555934777e-12 8.184484177362735059e-13 -5.555622158321058247e-13 1.139835724065913840e-12 -3.298381503061116339e-13 2.720821405840300347e-12 8.680788229534669141e-13 -1.002395183688984541e-12 1.248627134093795764e-13 -7.640464587565677214e-13 7.073246660825795395e-13 -6.252096702374311432e-14 -6.164702376347018071e-14 -7.385079830084891444e-13 1.170564347828605705e-13 1.177580144206223630e-13 6.842171691367515347e-13 1.803316303030362360e-12 4.568693039696047931e-12 9.990566748293744957e-13 1.419974506935700348e-13 1.365145966022179261e-13
2.199020481649914896e-12 -4.316585137209117078e-12 9.459933289612620436e-12 8.484307329651139947e-12 -9.568536376613528742e-12 -1.596176071992544086e-12 -3.943842413074825967e-12 1.684799487212569234e-12 1.545532709136640392e-13 1.326881076809299577e-12 1.519900674444186935e-12 1.459682380284261644e-12 3.064375692685657712e-13 -8.436722281659438778e-13 9.051931637991275530e-13 5.120124920312826511e-13 2.239084577980801545e-14 5.463722884050024665e-13 5.245459960599214809e-13 3.059906859980532497e-13 1.186648798809008109e-13 2.192630629961824957e-13 9.990566748293744957e-13 4.683987769337117533e-12 7.948825957198534083e-13 2.704375086888539675e-13
6.195639540997163300e-13 1.586287544781193820e-12 2.620033616580425578e-12 -3.658186303362159681e-12 -2.959441189570972314e-12 1.812627385337772929e-12 -7.808235585358752850e-13 1.737286293783321932e-12 2.089379387329474959e-12 1.463536816769926941e-12 3.794086547130387741e-13 1.978323627466989505e-12 4.836654844996198447e-13 3.658989667923618147e-13 1.133289324583370294e-12 7.554264229279587101e-13 1.571171873615843280e-13 3.420680013746553386e-14 -4.914979912947691640e-14 -1.332510671554038855e-14 4.564809511370402110e-14 4.444910192867144943e-13 1.419974506935700348e-13 7.948825957198534083e-13 2.721929943542139026e-12 4.828253347599905832e-13
-1.465847881353771431e-12 2.864652739576935692e-12 2.339878876478799490e-12 -2.107576043502479258e-12 2.041633921924075072e-12 1.192306670665077903e-13 -2.193529900038521037e-12 1.523437227793531840e-13 2.054450621505312114e-12 9.237802404251288144e-13 6.493290132708633214e-13 3.337101354644889306e-13 -1.415938145591545434e-12 4.649007848993455074e-15 -1.905037994366656616e-13 -3.151677675473566179e-13 -2.655311391778641615e-13 -3.068373683006163899e-13 9.911868036663399434e-14 3.178928469663295941e-13 1.623030104727660075e-13 3.659487632736638477e-13 1.365145966022179261e-13 2.704375086888539675e-13 4.828253347599905832e-13 1.725750914113673182e-12
