2.313967858990015370e-09 1.817308592515398990e-10 -4.230542867940167265e-11 -1.422554154077534659e-10 -4.547557163067124681e-11 1.869583343141650330e-11 9.666981727091207280e-11 5.553876615501916700e-11 6.926583093310310010e-11 2.901387960010387794e-11 -1.271235356095056640e-11 -9.363460943435324933e-12 -2.924909832400915848e-11 -1.081587536818479341e-11 -3.127647624021702606e-11 -2.424874978437722307e-11 -2.478141572982641106e-11 -7.863873478052482334e-12 4.572233369908973260e-12 1.761333116988441369e-11 3.154203485174123641e-12 7.557002323309063436e-12 1.814817935917345637e-11 2.511328299034307622e-12 -6.047015842370419491e-12 -7.618444890855541754e-12
1.817308592515398990e-10 1.421300167886140540e-09 8.758526153360882609e-11 1.393360533131362744e-10 7.119513147882114330e-12 -1.487160851910017168e-12 8.511717630487390418e-12 1.725610733858670746e-12 -1.603128316477831080e-12 4.485704091469059862e-12 1.972607609771175596e-11 -7.747019366213664799e-12 7.454257240307773921e-12 1.072908163236104502e-11 -3.283541072095446334e-12 -6.647787886171528430e-12 -9.484615004541445293e-12 -4.516424022491672289e-12 -4.513940060088620774e-12 1.179808526489883666e-11 1.045244401353908075e-12 -9.955171031828171247e-12 -1.486013967269012555e-11 -7.047552626749850599e-12 1.683258393109456174e-12 9.121213301644067464e-13
-4.230542867940167265e-11 8.758526153360882609e-11 9.761322877383220298e-10 1.157867268094740929e-10 4.155400720287756845e-11 3.297264421361530720e-11 -1.799044079503513260e-11 -2.196888473647858936e-11 1.480358572201498738e-11 4.740337297136039429e-12 -5.402440930136099203e-12 1.472650751644098025e-12 1.384601695098623472e-13 -9.389298492708464323e-14 -8.623967645886175059e-12 8.026199563034096971e-12 1.636743414471739947e-11 1.040232158243279229e-12 5.049246969214630525e-12 -5.169224604382596645e-12 -6.582318791132037255e-12 -5.549580483308108912e-12 -4.294338357845841142e-12 -8.235854825116052722e-13 -2.676926859115905352e-12 -2.905961693511106601e-12
-1.422554154077534659e-10 1.393360533131362744e-10 1.157867268094740929e-10 7.188681883099561907e-10 7.413974174443917483e-12 3.398623382251444187e-11 2.476499406828050675e-11 -1.583472697028235732e-11 4.381349399374315176e-12 2.603884171973773618e-11 7.346933736336409126e-12 4.198901232297622140e-12 3.177790662304834966e-12 1.437224342613284618e-11 -3.316616537673099336e-12 8.988695828767297439e-12 2.178495523400077093e-12 6.310849343314653731e-13 4.859164414401345915e-12 8.297460493599062308e-12 6.122244791837577925e-12 -5.526913539820287608e-12 4.553886635139681899e-12 4.394927084558124144e-12 7.805277994349884357e-12 7.055465151620898834e-12
-4.547557163067124681e-11 7.119513147882114330e-12 4.155400720287756845e-11 7.413974174443917483e-12 3.754491143820752150e-10 6.507175596617169307e-11 2.216899841069751613e-11 4.219165491469929742e-11 5.816181198488816800e-12 1.177932463051275911e-12 -2.245636921945660987e-12 -1.944131201555856053e-11 -2.821791627041091955e-12 -2.110000536777565579e-12 3.165734007125429488e-12 1.940638359609983979e-12 2.529334151708354208e-12 9.811224099476562911e-12 9.198824208076807360e-12 4.948526367999700981e-12 -1.925281821142721392e-12 -1.307988775411429825e-13 -1.780343137034821860e-14 1.928579815899462447e-12 -5.168286936070169876e-13 -1.654295486712231382e-12
1.869583343141650330e-11 -1.487160851910017168e-12 3.297264421361530720e-11 3.398623382251444187e-11 6.507175596617169307e-11 3.557738231451646589e-10 2.038511201189864668e-11 1.743824393690652827e-11 -4.448983308683897347e-13 -2.531153247256127234e-12 1.315417913923067177e-12 6.608149648595974071e-12 1.057054521350347317e-11 -5.402774222859768741e-12 9.795482309348854146e-12 1.006687148354527024e-13 -3.986032732369480202e-12 5.066518815576970060e-14 7.837050433695370922e-12 -5.580652944479987636e-12 -5.060577527289776104e-12 8.634107641820938783e-13 -4.376687500946436969e-12 -3.804171012306278294e-12 6.411650773812484782e-13 1.023258198769553486e-12
9.666981727091207280e-11 8.511717630487390418e-12 -1.799044079503513260e-11 2.476499406828050675e-11 2.216899841069751613e-11 2.038511201189864668e-11 2.133506479296963473e-10 2.010426063294556108e-11 1.655596751393614585e-11 1.049872425892771628e-11 6.995919514952732348e-12 -1.822672216437576830e-12 -8.037776638323048127e-12 -4.457529889366189161e-12 -8.869180734552706202e-13 -6.029219393108163870e-12 -7.336370867759903244e-12 -9.571170645086310752e-12 -5.113031393299089097e-12 -4.171383565078869229e-12 -1.648673630720834384e-12 -3.143339419528845559e-12 -1.472085928091586844e-12 2.004182698787041002e-12 5.423041768530568425e-12 3.339330991847995154e-12
5.553876615501916700e-11 1.725610733858670746e-12 -2.196888473647858936e-11 -1.583472697028235732e-11 4.219165491469929742e-11 1.743824393690652827e-11 2.010426063294556108e-11 1.725142770543054809e-10 3.933386929402352545e-11 4.315288521074352920e-12 2.833131287892969761e-12 -1.774704149708243819e-12 -1.532392972222595688e-12 -9.250198272146980678e-12 -4.358560992754131015e-12 -7.801467472174274725e-12 -8.901367799451946808e-12 -1.153723685019591056e-12 5.906018657299198780e-12 4.258122779160230192e-12 -3.782999364997716562e-13 2.371871585488290467e-12 1.561624054754503177e-12 4.944453052010820880e-12 3.782503135075135162e-13 -3.468224779891875732e-12
6.926583093310310010e-11 -1.603128316477831080e-12 1.480358572201498738e-11 4.381349399374315176e-12 5.816181198488816800e-12 -4.448983308683897347e-13 1.655596751393614585e-11 3.933386929402352545e-11 1.110897387132539752e-10 3.398604037623470587e-11 1.498142699315215238e-11 4.747171093946749717e-12 1.482729385845114450e-12 2.713308104488706086e-12 1.439999204884390310e-12 2.119163743901250429e-13 -1.471066317164019921e-12 1.704183178434042665e-12 -9.199929994454019715e-13 -1.883783687322994693e-13 -9.759645597624771626e-14 4.112270170652367282e-12 5.336353578559310940e-12 2.460658056060011827e-12 2.306461042806669826e-12 -2.385008292254719861e-13
2.901387960010387794e-11 4.485704091469059862e-12 4.740337297136039429e-12 2.603884171973773618e-11 1.177932463051275911e-12 -2.531153247256127234e-12 1.049872425892771628e-11 4.315288521074352920e-12 3.398604037623470587e-11 8.220696829107291584e-11 1.552265086270634601e-11 2.483067007006585442e-12 2.058091521979780053e-12 3.577795913270305912e-12 2.242506690693693868e-12 5.460975603549578124e-12 -5.609311533471894500e-13 3.428604184127825512e-12 2.416743119571156939e-12 3.961102010865217374e-12 1.588378693153067006e-12 1.236903507144242943e-13 7.247934990240911474e-13 3.042948458400746021e-13 5.223589474965963476e-13 -2.827164267247680147e-12
-1.271235356095056640e-11 1.972607609771175596e-11 -5.402440930136099203e-12 7.346933736336409126e-12 -2.245636921945660987e-12 1.315417913923067177e-12 6.995919514952732348e-12 2.833131287892969761e-12 1.498142699315215238e-11 1.552265086270634601e-11 5.623299034226048307e-11 1.544746425394989458e-11 8.286577544991668391e-12 1.002174116489901556e-11 7.348787377216324965e-12 6.148633177681318516e-12 -1.480991605512526733e-12 -2.635904395719786860e-12 -2.399776667499372278e-13 6.979311449726845114e-13 -6.821694674321267065e-13 -6.161775454793025583e-13 1.068782031267403889e-12 1.588101323429058633e-12 4.862698547085110882e-13 1.673602533669185228e-13
-9.363460943435324933e-12 -7.747019366213664799e-12 1.472650751644098025e-12 4.198901232297622140e-12 -1.944131201555856053e-11 6.608149648595974071e-12 -1.822672216437576830e-12 -1.774704149708243819e-12 4.747171093946749717e-12 2.483067007006585442e-12 1.544746425394989458e-11 4.502354377156434852e-11 1.526258491332297502e-11 1.363630932702937949e-12 4.594206455552438189e-12 3.968410100197880452e-12 -8.025721605598832329e-13 -2.280022538178784151e-12 -1.876452723572399863e-12 2.831571098274489377e-13 -1.128244363728340305e-13 -1.529142408908386894e-12 7.687690848945890199e-13 -2.532120839338808767e-13 1.698340497753480952e-12 1.274546015492458321e-12
-2.924909832400915848e-11 7.454257240307773921e-12 1.384601695098623472e-13 3.177790662304834966e-12 -2.821791627041091955e-12 1.057054521350347317e-11 -8.037776638323048127e-12 -1.532392972222595688e-12 1.482729385845114450e-12 2.058091521979780053e-12 8.286577544991668391e-12 1.526258491332297502e-11 4.067875348787759352e-11 1.395075279014349768e-11 8.953915387665785940e-12 7.597043957840815509e-12 1.318914153626701355e-12 1.300022188394942778e-12 1.249719648096235692e-13 -3.469583508459230132e-13 -1.070340103491863483e-13 1.726856015212124992e-12 3.490579852776644752e-12 2.134493694461045785e-12 1.573588717312642248e-12 8.867105724479242472e-13
-1.081587536818479341e-11 1.072908163236104502e-11 -9.389298492708464323e-14 1.437224342613284618e-11 -2.110000536777565579e-12 -5.402774222859768741e-12 -4.457529889366189161e-12 -9.250198272146980678e-12 2.713308104488706086e-12 3.577795913270305912e-12 1.002174116489901556e-11 1.363630932702937949e-12 1.395075279014349768e-11 3.436447039526057852e-11 1.254250420607949066e-11 9.937800557616398208e-12 6.092493262612893481e-12 4.500185054288469421e-12 3.576229427406185675e-12 9.823747550225117344e-13 6.877823039113831401e-13 2.564636451361308800e-13 2.286633250262368907e-13 -7.742463588332815942e-13 -1.521967762860011527e-12 1.226381657225773651e-12
-3.127647624021702606e-11 -3.283541072095446334e-12 -8.623967645886175059e-12 -3.316616537673099336e-12 3.165734007125429488e-12 9.795482309348854146e-12 -8.869180734552706202e-13 -4.358560992754131015e-12 1.439999204884390310e-12 2.242506690693693868e-12 7.348787377216324965e-12 4.594206455552438189e-12 8.953915387665785940e-12 1.254250420607949066e-11 2.937819143663543760e-11 1.232713879357426272e-11 7.543286771742067184e-12 4.906044055413699887e-12 3.668635077756296655e-12 1.692928396722935406e-12 1.992462055804131827e-12 8.021890365711300798e-13 -1.583251945939304193e-12 -6.472312514497330533e-13 -5.764919183906493938e-13 1.393337847677997361e-12
-2.424874978437722307e-11 -6.647787886171528430e-12 8.026199563034096971e-12 8.988695828767297439e-12 1.940638359609983979e-12 1.006687148354527024e-13 -6.029219393108163870e-12 -7.801467472174274725e-12 2.119163743901250429e-13 5.460975603549578124e-12 6.148633177681318516e-12 3.968410100197880452e-12 7.597043957840815509e-12 9.937800557616398208e-12 1.232713879357426272e-11 2.342932107712153408e-11 1.261088641847202243e-11 9.117881214957281588e-12 4.498934025163688054e-12 2.455826189677466799e-12 1.545634582674387413e-12 1.120527863466762873e-13 1.685388720722555522e-13 9.863103934833952962e-13 -1.460728002090612447e-13 1.531261120165720749e-12
-2.478141572982641106e-11 -9.484615004541445293e-12 1.636743414471739947e-11 2.178495523400077093e-12 2.529334151708354208e-12 -3.986032732369480202e-12 -7.336370867759903244e-12 -8.901367799451946808e-12 -1.471066317164019921e-12 -5.609311533471894500e-13 -1.480991605512526733e-12 -8.025721605598832329e-13 1.318914153626701355e-12 6.092493262612893481e-12 7.543286771742067184e-12 1.261088641847202243e-11 2.524299419341668080e-11 1.492953774057155963e-11 6.250637585540585563e-12 3.893273572076078975e-12 2.157835709013758018e-12 1.783404330688499390e-12 6.045038672769788490e-13 -1.312320803491856586e-12 -1.620000852459995610e-12 7.696328229507239877e-13
-7.863873478052482334e-12 -4.516424022491672289e-12 1.040232158243279229e-12 6.310849343314653731e-13 9.811224099476562911e-12 5.066518815576970060e-14 -9.571170645086310752e-12 -1.153723685019591056e-12 1.704183178434042665e-12 3.428604184127825512e-12 -2.635904395719786860e-12 -2.280022538178784151e-12 1.300022188394942778e-12 4.500185054288469421e-12 4.906044055413699887e-12 9.117881214957281588e-12 1.492953774057155963e-11 2.166870203944453876e-11 1.050806000969330223e-11 4.047378073610318967e-12 2.448135459934615161e-12 2.128186103550291715e-12 1.622135901482507030e-12 1.054898735609340332e-12 -5.023129453771653302e-13 1.619999363553630847e-13
4.572233369908973260e-12 -4.513940060088620774e-12 5.049246969214630525e-12 4.859164414401345915e-12 9.198824208076807360e-12 7.837050433695370922e-12 -5.113031393299089097e-12 5.906018657299198780e-12 -9.199929994454019715e-13 2.416743119571156939e-12 -2.399776667499372278e-13 -1.876452723572399863e-12 1.249719648096235692e-13 3.576229427406185675e-12 3.668635077756296655e-12 4.498934025163688054e-12 6.250637585540585563e-12 1.050806000969330223e-11 1.875557833078033265e-11 8.903142872266278351e-12 3.192382142636127796e-12 1.395562401118817854e-12 1.134464005032538050e-12 6.104281371088919925e-13 -1.593063668671864124e-12 -1.138402813373784732e-12
1.761333116988441369e-11 1.179808526489883666e-11 -5.169224604382596645e-12 8.297460493599062308e-12 4.948526367999700981e-12 -5.580652944479987636e-12 -4.171383565078869229e-12 4.258122779160230192e-12 -1.883783687322994693e-13 3.961102010865217374e-12 6.979311449726845114e-13 2.831571098274489377e-13 -3.469583508459230132e-13 9.823747550225117344e-13 1.692928396722935406e-12 2.455826189677466799e-12 3.893273572076078975e-12 4.047378073610318967e-12 8.903142872266278351e-12 1.844232540918764815e-11 8.383947602636735404e-12 3.311145889943120481e-12 2.038986912327842039e-12 1.387958736999635048e-12 -4.983662466910634664e-13 -1.121864376235701337e-12
3.154203485174123641e-12 1.045244401353908075e-12 -6.582318791132037255e-12 6.122244791837577925e-12 -1.925281821142721392e-12 -5.060577527289776104e-12 -1.648673630720834384e-12 -3.782999364997716562e-13 -9.759645597624771626e-14 1.588378693153067006e-12 -6.821694674321267065e-13 -1.128244363728340305e-13 -1.070340103491863483e-13 6.877823039113831401e-13 1.992462055804131827e-12 1.545634582674387413e-12 2.157835709013758018e-12 2.448135459934615161e-12 3.192382142636127796e-12 8.383947602636735404e-12 1.559870845123642398e-11 7.050526826595826517e-12 3.412824435387411946e-12 4.224595398190567717e-13 -1.902028653156812783e-13 -1.890603440885290938e-13
7.557002323309063436e-12 -9.955171031828171247e-12 -5.549580483308108912e-12 -5.526913539820287608e-12 -1.307988775411429825e-13 8.634107641820938783e-13 -3.143339419528845559e-12 2.371871585488290467e-12 4.112270170652367282e-12 1.236903507144242943e-13 -6.161775454793025583e-13 -1.529142408908386894e-12 1.726856015212124992e-12 2.564636451361308800e-13 8.021890365711300798e-13 1.120527863466762873e-13 1.783404330688499390e-12 2.128186103550291715e-12 1.395562401118817854e-12 3.311145889943120481e-12 7.050526826595826517e-12 1.577518869242747250e-11 8.041893296308573699e-12 1.263634778022852050e-12 -2.795149584666274732e-13 8.579479167724840934e-13
1.814817935917345637e-11 -1.486013967269012555e-11 -4.294338357845841142e-12 4.553886635139681899e-12 -1.780343137034821860e-14 -4.376687500946436969e-12 -1.472085928091586844e-12 1.561624054754503177e-12 5.336353578559310940e-12 7.247934990240911474e-13 1.068782031267403889e-12 7.687690848945890199e-13 3.490579852776644752e-12 2.286633250262368907e-13 -1.583251945939304193e-12 1.685388720722555522e-13 6.045038672769788490e-13 1.622135901482507030e-12 1.134464005032538050e-12 2.038986912327842039e-12 3.412824435387411946e-12 8.041893296308573699e-12 1.284987140022935486e-11 4.146688057443703073e-12 1.019070831200413283e-12 1.049976070264238008e-12
2.511328299034307622e-12 -7.047552626749850599e-12 -8.235854825116052722e-13 4.394927084558124144e-12 1.928579815899462447e-12 -3.804171012306278294e-12 2.004182698787041002e-12 4.944453052010820880e-12 2.460658056060011827e-12 3.042948458400746021e-13 1.588101323429058633e-12 -2.532120839338808767e-13 2.134493694461045785e-12 -7.742463588332815942e-13 -6.472312514497330533e-13 9.863103934833952962e-13 -1.312320803491856586e-12 1.054898735609340332e-12 6.104281371088919925e-13 1.387958736999635048e-12 4.224595398190567717e-13 1.263634778022852050e-12 4.146688057443703073e-12 7.700560349812327195e-12 2.830490716970873644e-12 8.652115087704501912e-13
-6.047015842370419491e-12 1.683258393109456174e-12 -2.676926859115905352e-12 7.805277994349884357e-12 -5.168286936070169876e-13 6.411650773812484782e-13 5.423041768530568425e-12 3.782503135075135162e-13 2.306461042806669826e-12 5.223589474965963476e-13 4.862698547085110882e-13 1.698340497753480952e-12 1.573588717312642248e-12 -1.521967762860011527e-12 -5.764919183906493938e-13 -1.460728002090612447e-13 -1.620000852459995610e-12 -5.023129453771653302e-13 -1.593063668671864124e-12 -4.983662466910634664e-13 -1.902028653156812783e-13 -2.795149584666274732e-13 1.019070831200413283e-12 2.830490716970873644e-12 7.146584922258198024e-12 1.836664687244216460e-12
-7.618444890855541754e-12 9.121213301644067464e-13 -2.905961693511106601e-12 7.055465151620898834e-12 -1.654295486712231382e-12 1.023258198769553486e-12 3.339330991847995154e-12 -3.468224779891875732e-12 -2.385008292254719861e-13 -2.827164267247680147e-12 1.673602533669185228e-13 1.274546015492458321e-12 8.867105724479242472e-13 1.226381657225773651e-12 1.393337847677997361e-12 1.531261120165720749e-12 7.696328229507239877e-13 1.619999363553630847e-13 -1.138402813373784732e-12 -1.121864376235701337e-12 -1.890603440885290938e-13 8.579479167724840934e-13 1.049976070264238008e-12 8.652115087704501912e-13 1.836664687244216460e-12 5.257471900960978792e-12
