2.716635942429054692e-09 1.299670191276325819e-10 -1.186507422458856931e-10 -1.114988841797237465e-10 -2.851778567646811728e-11 3.842953977660327002e-11 6.531083636943815464e-11 -7.381349655952665738e-11 5.447640123911831253e-13 -5.187814628437197704e-12 -5.261057611020766033e-12 -2.889420410417316835e-11 1.465158138283340529e-11 -3.378079136416179320e-12 1.304708273590066986e-11 1.368505018845799899e-11 3.255231350252544972e-12 1.774901322679920746e-12 -6.157556066938410865e-12 1.921261382653393925e-12 1.690588110727427769e-12 -2.956182392446524105e-12 9.491047254832548740e-12 9.416023543705617726e-12 3.731762714897817059e-12 1.065075742324051764e-11
1.299670191276325819e-10 1.904223875282105255e-09 5.370867256243315696e-11 1.023300348145835346e-10 3.630254766293175607e-11 7.441646404284144253e-11 1.156561348770900369e-10 -2.544904396544302162e-11 1.634187249489658678e-11 -1.338728434110879672e-11 -2.289153937278499335e-11 1.404862599630516656e-12 3.416178553940380730e-12 -4.127824283645536382e-12 1.699860754272718754e-11 1.613145063973835827e-11 9.358819262977186560e-12 -4.683833392782357804e-12 -1.973250897609117493e-11 -1.829564688308707274e-11 -1.134322300863742068e-11 2.922975861008473566e-12 -7.263833104476529951e-13 1.199157758250790069e-11 3.587930282736108327e-12 -1.536857553215665213e-12
-1.186507422458856931e-10 5.370867256243315696e-11 1.348910184181664373e-09 1.570374094770673242e-10 -2.556542491102576497e-12 5.558315903482460575e-11 1.913027125936767033e-12 1.667461964989145364e-11 -3.976203559282469201e-11 1.399232332382696843e-11 -7.669992595032442767e-12 6.226180534193795381e-12 1.845104091451133432e-11 1.401644256329043233e-11 1.358857350658794804e-11 -1.242052753840266446e-11 8.192073535913419392e-13 3.158421201939316941e-12 -1.842108275835298461e-12 2.647290391509379511e-12 -6.488416070277798033e-12 9.355093811122000762e-13 -6.505364868560210763e-12 -8.045138566557973770e-12 -2.769240872121980682e-12 -9.415989656325670620e-13
-1.114988841797237465e-10 1.023300348145835346e-10 1.570374094770673242e-10 8.789806543777864925e-10 1.002689855895288781e-10 -5.148050511141777788e-11 4.710638900366105192e-11 3.121003732989492148e-11 -2.320497654653647762e-12 -1.744288815192470545e-11 1.788080465631467555e-11 2.358389597686605666e-11 2.179561973172657440e-12 2.934766098694223302e-12 5.067622707698211414e-12 -1.426114191704273602e-11 -1.563654536349188104e-12 -7.463661330242427257e-12 -8.383799829005271313e-12 -4.128050836746732543e-12 -7.839605614499239244e-12 -5.402037514672421100e-12 -4.548229859804241223e-12 -8.336285809521539326e-13 -2.609782703145238923e-12 -4.586010196891440999e-12
-2.851778567646811728e-11 3.630254766293175607e-11 -2.556542491102576497e-12 1.002689855895288781e-10 5.135619382364409985e-10 2.879208054265108727e-11 2.509286757704430186e-11 3.375694755021268767e-11 9.167054472457149013e-12 2.457852854034327003e-11 -1.679772600384639174e-11 9.037799206668408257e-12 -1.947954612366570508e-11 -2.043965697311050545e-11 -9.711308845614011207e-13 -4.273130445237494745e-13 -1.091114152121763664e-12 -6.381316354080372535e-12 2.977502982690145367e-12 -4.012823396955138274e-12 -4.112951969882919859e-12 1.076948177982862087e-12 1.548101637848332878e-12 -4.253103567100841130e-13 -1.853385516339300931e-12 -1.279016199697941009e-13
3.842953977660327002e-11 7.441646404284144253e-11 5.558315903482460575e-11 -5.148050511141777788e-11 2.879208054265108727e-11 3.563230004039686870e-10 6.505066636970785218e-11 1.072148830335587419e-11 1.542129419396155974e-11 -1.472621903575165207e-12 5.710119077192007397e-12 8.116978648270477664e-12 4.835842997233573440e-12 6.855901291339130041e-12 -6.485010922455717421e-12 -4.960653436020919717e-12 -3.523045670217323129e-13 1.916924028448346515e-12 2.297106226630602739e-12 5.968827431037098386e-12 5.078189052147338303e-12 2.931238676136691949e-12 -1.397401908089365715e-12 1.755621265818724618e-12 3.545887436238569139e-13 2.121453434268417370e-12
6.531083636943815464e-11 1.156561348770900369e-10 1.913027125936767033e-12 4.710638900366105192e-11 2.509286757704430186e-11 6.505066636970785218e-11 2.807631527284810394e-10 5.733476401107628548e-11 1.441751460670560775e-11 -8.151916824764947873e-12 1.138953666487294131e-11 1.705261022352411158e-11 4.443536693524356778e-12 2.760197418549468293e-12 -1.669749213893635732e-12 5.944468422723426403e-12 1.880485139734215054e-12 -1.865123654282573858e-12 -2.327717791817844868e-12 -1.594700452282711446e-12 2.339601006398856384e-12 3.170246457673580582e-13 -2.356305814246333157e-13 1.079777044245749051e-13 1.025960262162830350e-12 1.039891329537211961e-12
-7.381349655952665738e-11 -2.544904396544302162e-11 1.667461964989145364e-11 3.121003732989492148e-11 3.375694755021268767e-11 1.072148830335587419e-11 5.733476401107628548e-11 2.187430749296482728e-10 3.048959298612610717e-11 1.027507842122507300e-11 1.723415566621488193e-12 1.621481207889638383e-11 -1.850941197898715749e-12 3.961557313159084828e-12 4.415591381849547979e-12 -4.866609225778825239e-12 2.886538086111839414e-13 -4.285352961768698834e-13 -1.043680507246408459e-12 5.376801119261166428e-13 7.635255554377491680e-12 2.024336306114923914e-12 1.234925464325455412e-12 1.777183450502472922e-12 -2.213133262992775631e-12 -2.044987296920722487e-13
5.447640123911831253e-13 1.634187249489658678e-11 -3.976203559282469201e-11 -2.320497654653647762e-12 9.167054472457149013e-12 1.542129419396155974e-11 1.441751460670560775e-11 3.048959298612610717e-11 1.435266043219736673e-10 1.985468241335615228e-11 1.127966576374431483e-11 7.114457795343036060e-12 -6.722101813802483964e-12 -8.133428731844169613e-12 -4.514940824601091940e-14 -5.118690947953760764e-12 -1.635068223926371268e-12 -3.882113637555903742e-12 -5.832117485309615799e-12 -1.553996946267267412e-12 3.188889905399392064e-12 1.554699034635999492e-12 8.664672047232850475e-13 2.094808031874381929e-12 6.461218930911325274e-13 -1.534007510560818055e-12
-5.187814628437197704e-12 -1.338728434110879672e-11 1.399232332382696843e-11 -1.744288815192470545e-11 2.457852854034327003e-11 -1.472621903575165207e-12 -8.151916824764947873e-12 1.027507842122507300e-11 1.985468241335615228e-11 8.890439045755932337e-11 2.159624226916359593e-11 1.038681093645163943e-11 4.549752185898027546e-12 2.696309986763887855e-12 5.174253990088822851e-12 3.739697068675986352e-12 -6.123172765352508542e-13 -4.678832326143452288e-13 7.392274302126616956e-14 -1.976506655177145448e-12 -2.012220880488569327e-12 3.219018000393537974e-14 9.737895043147299266e-13 -9.032651555224803918e-13 -1.904094170013102777e-12 -7.997872595172178141e-13
-5.261057611020766033e-12 -2.289153937278499335e-11 -7.669992595032442767e-12 1.788080465631467555e-11 -1.679772600384639174e-11 5.710119077192007397e-12 1.138953666487294131e-11 1.723415566621488193e-12 1.127966576374431483e-11 2.159624226916359593e-11 6.419482080494385592e-11 2.294508952665781904e-11 1.200128827545438576e-11 8.076852837057470372e-12 -5.718554163189840644e-13 -1.331889519969123079e-12 -5.837884956418513406e-13 -1.809950768862870387e-12 -4.692042909299150235e-12 -2.656668825147563646e-12 -8.563008179599502898e-13 -9.309380119165754718e-13 2.439398342560597420e-13 1.786003409087721609e-13 -4.115040638046365282e-13 -7.231783237806907392e-13
-2.889420410417316835e-11 1.404862599630516656e-12 6.226180534193795381e-12 2.358389597686605666e-11 9.037799206668408257e-12 8.116978648270477664e-12 1.705261022352411158e-11 1.621481207889638383e-11 7.114457795343036060e-12 1.038681093645163943e-11 2.294508952665781904e-11 6.085724444096097198e-11 2.528825300831031236e-11 1.415854275396260382e-11 1.116680576995495006e-11 5.863939529330166794e-12 2.821186557139901592e-12 1.857618136399182599e-12 -1.221100535237035211e-12 -2.925514402544421536e-12 -3.483478313532272383e-12 -2.348090042864540888e-12 -1.100637244110674847e-12 7.055890103316106082e-13 -6.329603096471109558e-13 -1.410437299962980691e-12
1.465158138283340529e-11 3.416178553940380730e-12 1.845104091451133432e-11 2.179561973172657440e-12 -1.947954612366570508e-11 4.835842997233573440e-12 4.443536693524356778e-12 -1.850941197898715749e-12 -6.722101813802483964e-12 4.549752185898027546e-12 1.200128827545438576e-11 2.528825300831031236e-11 4.966893904728502001e-11 2.098842696335658382e-11 1.186236669032240303e-11 7.202450486210973664e-12 4.644808177277408801e-12 5.503904164335174489e-12 3.325754228871532076e-12 -1.629664335992935514e-12 -1.695872290693506884e-12 -3.988951674436810808e-12 -2.240407282459373385e-13 1.141169619093797604e-12 9.412952182088804247e-14 -1.530481328385388032e-12
-3.378079136416179320e-12 -4.127824283645536382e-12 1.401644256329043233e-11 2.934766098694223302e-12 -2.043965697311050545e-11 6.855901291339130041e-12 2.760197418549468293e-12 3.961557313159084828e-12 -8.133428731844169613e-12 2.696309986763887855e-12 8.076852837057470372e-12 1.415854275396260382e-11 2.098842696335658382e-11 3.954057443396164037e-11 1.634954433754486435e-11 8.149244327954606543e-12 6.460812507766087813e-12 6.467824534171761655e-12 8.717284941096029391e-13 3.102353306298411062e-13 -1.972455299217428951e-12 -2.717236716302052041e-12 -2.269557114581102031e-13 -6.627528669172784787e-13 -9.862730359387346950e-13 -4.500132665801471648e-13
1.304708273590066986e-11 1.699860754272718754e-11 1.358857350658794804e-11 5.067622707698211414e-12 -9.711308845614011207e-13 -6.485010922455717421e-12 -1.669749213893635732e-12 4.415591381849547979e-12 -4.514940824601091940e-14 5.174253990088822851e-12 -5.718554163189840644e-13 1.116680576995495006e-11 1.186236669032240303e-11 1.634954433754486435e-11 3.478725515129518124e-11 1.576374085053256388e-11 6.330290845405737667e-12 4.533322498702579874e-12 2.101198224936166697e-12 2.014569374527211613e-13 -6.420720975064654673e-13 -5.693643213366285645e-14 -9.118563321192501144e-13 -1.168168640818923753e-12 -1.862117278024775527e-12 1.591568097048573547e-13
1.368505018845799899e-11 1.613145063973835827e-11 -1.242052753840266446e-11 -1.426114191704273602e-11 -4.273130445237494745e-13 -4.960653436020919717e-12 5.944468422723426403e-12 -4.866609225778825239e-12 -5.118690947953760764e-12 3.739697068675986352e-12 -1.331889519969123079e-12 5.863939529330166794e-12 7.202450486210973664e-12 8.149244327954606543e-12 1.576374085053256388e-11 2.683759387431914227e-11 1.251108993003221194e-11 5.653378510198490548e-12 4.931160233273781475e-12 2.713518913604702244e-13 -2.011167473545737277e-12 6.193948789405135875e-13 6.425759846693869648e-14 -3.733410149783245285e-13 -5.176594186514085985e-13 1.051389852214744324e-12
3.255231350252544972e-12 9.358819262977186560e-12 8.192073535913419392e-13 -1.563654536349188104e-12 -1.091114152121763664e-12 -3.523045670217323129e-13 1.880485139734215054e-12 2.886538086111839414e-13 -1.635068223926371268e-12 -6.123172765352508542e-13 -5.837884956418513406e-13 2.821186557139901592e-12 4.644808177277408801e-12 6.460812507766087813e-12 6.330290845405737667e-12 1.251108993003221194e-11 2.346241238397965598e-11 1.258398017178472105e-11 4.649824791225788701e-12 2.150410958588243973e-12 4.689601393670581500e-13 5.944487613692850467e-13 1.056749710961186527e-12 1.111435094187200045e-12 1.209473442252083210e-12 6.133445223647733932e-13
1.774901322679920746e-12 -4.683833392782357804e-12 3.158421201939316941e-12 -7.463661330242427257e-12 -6.381316354080372535e-12 1.916924028448346515e-12 -1.865123654282573858e-12 -4.285352961768698834e-13 -3.882113637555903742e-12 -4.678832326143452288e-13 -1.809950768862870387e-12 1.857618136399182599e-12 5.503904164335174489e-12 6.467824534171761655e-12 4.533322498702579874e-12 5.653378510198490548e-12 1.258398017178472105e-11 2.389695308348714049e-11 9.772592547038230866e-12 2.531664707258340264e-12 -3.655732012064079921e-13 9.792112311376239279e-13 1.583008686339718830e-12 1.980794413151921929e-12 5.712298618815558723e-13 3.018910798879779614e-13
-6.157556066938410865e-12 -1.973250897609117493e-11 -1.842108275835298461e-12 -8.383799829005271313e-12 2.977502982690145367e-12 2.297106226630602739e-12 -2.327717791817844868e-12 -1.043680507246408459e-12 -5.832117485309615799e-12 7.392274302126616956e-14 -4.692042909299150235e-12 -1.221100535237035211e-12 3.325754228871532076e-12 8.717284941096029391e-13 2.101198224936166697e-12 4.931160233273781475e-12 4.649824791225788701e-12 9.772592547038230866e-12 2.056690272310251664e-11 8.463650508757845493e-12 2.526259894222223518e-12 1.938267728100009473e-12 5.773139341128045870e-13 9.404350747764655858e-14 -1.539019299307456855e-13 4.427644070779457876e-13
1.921261382653393925e-12 -1.829564688308707274e-11 2.647290391509379511e-12 -4.128050836746732543e-12 -4.012823396955138274e-12 5.968827431037098386e-12 -1.594700452282711446e-12 5.376801119261166428e-13 -1.553996946267267412e-12 -1.976506655177145448e-12 -2.656668825147563646e-12 -2.925514402544421536e-12 -1.629664335992935514e-12 3.102353306298411062e-13 2.014569374527211613e-13 2.713518913604702244e-13 2.150410958588243973e-12 2.531664707258340264e-12 8.463650508757845493e-12 1.690503881731832682e-11 7.400616077919793456e-12 1.816579140863481390e-12 -1.999956669366849987e-13 -4.691543400631454012e-13 -5.481227880268613261e-13 5.583534847688596766e-13
1.690588110727427769e-12 -1.134322300863742068e-11 -6.488416070277798033e-12 -7.839605614499239244e-12 -4.112951969882919859e-12 5.078189052147338303e-12 2.339601006398856384e-12 7.635255554377491680e-12 3.188889905399392064e-12 -2.012220880488569327e-12 -8.563008179599502898e-13 -3.483478313532272383e-12 -1.695872290693506884e-12 -1.972455299217428951e-12 -6.420720975064654673e-13 -2.011167473545737277e-12 4.689601393670581500e-13 -3.655732012064079921e-13 2.526259894222223518e-12 7.400616077919793456e-12 1.501601216992140467e-11 4.799686313036258617e-12 1.819318146312047257e-12 6.888103361328794269e-13 -2.644692583361060938e-13 5.286901747287067255e-14
-2.956182392446524105e-12 2.922975861008473566e-12 9.355093811122000762e-13 -5.402037514672421100e-12 1.076948177982862087e-12 2.931238676136691949e-12 3.170246457673580582e-13 2.024336306114923914e-12 1.554699034635999492e-12 3.219018000393537974e-14 -9.309380119165754718e-13 -2.348090042864540888e-12 -3.988951674436810808e-12 -2.717236716302052041e-12 -5.693643213366285645e-14 6.193948789405135875e-13 5.944487613692850467e-13 9.792112311376239279e-13 1.938267728100009473e-12 1.816579140863481390e-12 4.799686313036258617e-12 8.717834640074821874e-12 2.707952337228155376e-12 -6.843667529836641308e-14 -3.518738952675368177e-13 7.775372914877349274e-13
9.491047254832548740e-12 -7.263833104476529951e-13 -6.505364868560210763e-12 -4.548229859804241223e-12 1.548101637848332878e-12 -1.397401908089365715e-12 -2.356305814246333157e-13 1.234925464325455412e-12 8.664672047232850475e-13 9.737895043147299266e-13 2.439398342560597420e-13 -1.100637244110674847e-12 -2.240407282459373385e-13 -2.269557114581102031e-13 -9.118563321192501144e-13 6.425759846693869648e-14 1.056749710961186527e-12 1.583008686339718830e-12 5.773139341128045870e-13 -1.999956669366849987e-13 1.819318146312047257e-12 2.707952337228155376e-12 6.820202444897139119e-12 2.394627741552701711e-12 8.386299281810000780e-13 1.357374300896350773e-13
9.416023543705617726e-12 1.199157758250790069e-11 -8.045138566557973770e-12 -8.336285809521539326e-13 -4.253103567100841130e-13 1.755621265818724618e-12 1.079777044245749051e-13 1.777183450502472922e-12 2.094808031874381929e-12 -9.032651555224803918e-13 1.786003409087721609e-13 7.055890103316106082e-13 1.141169619093797604e-12 -6.627528669172784787e-13 -1.168168640818923753e-12 -3.733410149783245285e-13 1.111435094187200045e-12 1.980794413151921929e-12 9.404350747764655858e-14 -4.691543400631454012e-13 6.888103361328794269e-13 -6.843667529836641308e-14 2.394627741552701711e-12 5.939787240094890318e-12 1.331655607761338032e-12 -1.371499019840640567e-13
3.731762714897817059e-12 3.587930282736108327e-12 -2.769240872121980682e-12 -2.609782703145238923e-12 -1.853385516339300931e-12 3.545887436238569139e-13 1.025960262162830350e-12 -2.213133262992775631e-12 6.461218930911325274e-13 -1.904094170013102777e-12 -4.115040638046365282e-13 -6.329603096471109558e-13 9.412952182088804247e-14 -9.862730359387346950e-13 -1.862117278024775527e-12 -5.176594186514085985e-13 1.209473442252083210e-12 5.712298618815558723e-13 -1.539019299307456855e-13 -5.481227880268613261e-13 -2.644692583361060938e-13 -3.518738952675368177e-13 8.386299281810000780e-13 1.331655607761338032e-12 3.815074479901433252e-12 6.505210167043903436e-13
1.065075742324051764e-11 -1.536857553215665213e-12 -9.415989656325670620e-13 -4.586010196891440999e-12 -1.279016199697941009e-13 2.121453434268417370e-12 1.039891329537211961e-12 -2.044987296920722487e-13 -1.534007510560818055e-12 -7.997872595172178141e-13 -7.231783237806907392e-13 -1.410437299962980691e-12 -1.530481328385388032e-12 -4.500132665801471648e-13 1.591568097048573547e-13 1.051389852214744324e-12 6.133445223647733932e-13 3.018910798879779614e-13 4.427644070779457876e-13 5.583534847688596766e-13 5.286901747287067255e-14 7.775372914877349274e-13 1.357374300896350773e-13 -1.371499019840640567e-13 6.505210167043903436e-13 3.181023267691597949e-12
