2.881417235591051102e-09 -5.449214267658065896e-11 -5.494940157717975278e-11 -3.640590630369038128e-11 8.346843860513519593e-11 6.681306292527255897e-11 4.400918357046703382e-11 4.193767379936716880e-11 4.899739377604589643e-11 -1.553869353660748295e-11 -1.841934465537227717e-11 -2.505874114482487432e-11 -6.925035608564723614e-13 3.107358809253217061e-11 1.643962563207278056e-12 1.425240113980047772e-11 -3.749133225118079673e-12 2.916485977786955988e-12 1.721767471767485118e-11 -9.633073976379205068e-13 -3.909646407558408436e-12 -8.342088897275749538e-12 -6.434242719979393965e-12 -4.004433910944115242e-12 5.016819009206157369e-12 -1.389581115772732478e-12
-5.449214267658065896e-11 1.707298548271018441e-09 1.294665994033955842e-11 -5.064899401092391694e-11 6.544856580357217956e-12 9.488903824557403477e-11 1.455352413516593535e-11 1.943117462220898572e-11 1.083363329101765223e-11 -1.319967071898107849e-11 1.783576533270697805e-11 7.313604529372012281e-12 -5.420417767370680938e-12 7.592629329230385572e-12 -8.104560528041668978e-12 4.784044778419471564e-12 1.738143099195698157e-11 1.041785192064167379e-11 -3.948629320913634395e-12 1.663829222402518729e-12 1.367555317416099737e-11 -1.954240381052887040e-12 -5.133661180521735561e-12 -6.653469072655111179e-12 5.860131673978242061e-13 7.922858795568385666e-12
-5.494940157717975278e-11 1.294665994033955842e-11 1.098579796760832772e-09 -1.454011258659231610e-11 4.592828933986358621e-11 1.694661924061433572e-11 5.589145053168652418e-11 -9.879306718271666414e-12 -2.003771213442066898e-11 -1.960801419814439617e-11 -2.564881543358598970e-11 -5.475997975854644921e-12 8.166052855067819316e-12 -9.890698901014283801e-12 4.225875412016707146e-13 -6.418361649476667576e-12 -4.252939676633135303e-12 -9.645965056253010765e-13 1.623210134162004470e-11 1.616630322161527562e-11 1.360046152117985300e-12 1.303875606865824437e-12 -4.654710163849675585e-13 -8.106419346962617968e-12 -2.048643555632780966e-12 4.956025103743552109e-13
-3.640590630369038128e-11 -5.064899401092391694e-11 -1.454011258659231610e-11 7.275411133162554128e-10 7.527637052536513740e-11 -2.317723492227603709e-12 -2.811244635921337894e-11 -2.008538403981559205e-11 -4.648321955379299435e-11 -2.774121078322797962e-11 -9.950173867419781102e-12 5.054012823027001578e-12 6.780010948512224235e-13 -1.262603247741350531e-11 6.970668274394760707e-12 -4.731940482780579992e-13 -1.889443387051497675e-12 4.647613590318564699e-13 5.612202081966648852e-13 -3.570257737730546387e-12 -5.333058054322485991e-12 -7.925950372756504811e-12 -1.627923888284333239e-12 -2.223744847427600669e-14 -6.125828027401737923e-12 1.196245164255280805e-12
8.346843860513519593e-11 6.544856580357217956e-12 4.592828933986358621e-11 7.527637052536513740e-11 5.873271774650082617e-10 2.133637213309504747e-11 1.023815641366399177e-11 2.801831436939054020e-11 1.947065076570785375e-12 -6.451085053893295896e-13 2.033820952941058575e-11 2.076943467785634569e-11 1.440559021962836174e-11 1.321982268339070449e-12 6.597544462900402196e-12 -4.957942098273902038e-12 5.042931613807058380e-12 5.829454894807569561e-12 -1.086373482967580296e-12 7.044296856792251007e-12 3.337204220493838670e-12 2.505402358120358919e-12 -3.764966929531013984e-12 -2.928204298233576039e-12 1.579404456260521776e-13 -2.338719058851832413e-12
6.681306292527255897e-11 9.488903824557403477e-11 1.694661924061433572e-11 -2.317723492227603709e-12 2.133637213309504747e-11 3.874826352522601969e-10 1.744644204631757740e-11 1.453145776521154316e-11 2.692010153465119002e-11 -1.398521005453635781e-11 2.307123655470216209e-11 -4.245067783407070485e-12 1.513331088074099167e-11 -9.743374646047328117e-13 7.136093341818830791e-12 6.137838645401793907e-12 1.032772502899564669e-11 5.395942947341855318e-12 2.399296865164971048e-12 1.142042365569209435e-12 -2.672719777719843582e-12 -5.176498286989750960e-12 -4.132670668076392437e-12 3.859451668860538908e-12 -1.153307053074418668e-12 -9.764467078569167437e-13
4.400918357046703382e-11 1.455352413516593535e-11 5.589145053168652418e-11 -2.811244635921337894e-11 1.023815641366399177e-11 1.744644204631757740e-11 2.018310843049542416e-10 1.109453599367692983e-11 3.855693052364884416e-11 2.155553445164244151e-11 1.442181026875481149e-11 2.081609027319274584e-12 6.413262517491249332e-12 1.133739116186211196e-11 4.861830492506443180e-12 5.151945341628033749e-12 -4.403967531825071323e-12 -3.503708855579097724e-12 7.163893026884777889e-13 2.701215235500602427e-12 -1.757181246422728704e-12 -5.850228712469913999e-12 -3.560143068620893352e-12 1.315742554267678290e-13 -2.082221523927440842e-12 -4.954216241634625655e-13
4.193767379936716880e-11 1.943117462220898572e-11 -9.879306718271666414e-12 -2.008538403981559205e-11 2.801831436939054020e-11 1.453145776521154316e-11 1.109453599367692983e-11 1.841903925074046136e-10 3.106536277444353848e-11 1.612122125673679535e-11 1.203763975123216696e-11 1.072930711082294139e-11 1.402371373920039977e-11 4.931243753978779987e-12 -2.614222384861234379e-12 -1.835329490054959492e-12 -2.819902291030731424e-12 -3.017055489538623668e-12 -4.122459422868701153e-12 -4.275682676817144697e-12 3.044791813006159037e-13 -9.635929787252695208e-13 1.580192889274919069e-13 1.634239282882609466e-12 1.582104175543909704e-12 8.527997926264218971e-13
4.899739377604589643e-11 1.083363329101765223e-11 -2.003771213442066898e-11 -4.648321955379299435e-11 1.947065076570785375e-12 2.692010153465119002e-11 3.855693052364884416e-11 3.106536277444353848e-11 1.134611404352255001e-10 2.962181424445756254e-11 1.101273053170710632e-11 1.293724441875172407e-11 4.612414526966850835e-12 1.062397749220844967e-11 3.816606021101337788e-12 5.642186837622455452e-12 2.690337765813630953e-12 5.945349173558158594e-13 -3.479596115372630664e-12 -2.869881797186012047e-12 -1.325721122439034054e-12 -1.187250310522098058e-12 6.430192081708773308e-13 1.400884583537269306e-12 7.581787808133405330e-13 -9.883841207948850162e-13
-1.553869353660748295e-11 -1.319967071898107849e-11 -1.960801419814439617e-11 -2.774121078322797962e-11 -6.451085053893295896e-13 -1.398521005453635781e-11 2.155553445164244151e-11 1.612122125673679535e-11 2.962181424445756254e-11 9.216033577090685734e-11 2.016886747915559669e-11 1.006690715800561910e-11 2.836177187208742890e-12 9.232540376604173386e-12 2.332629882270742956e-12 3.422875528627970034e-12 1.242614944480038710e-12 2.967371478800336578e-13 -1.222028486895007178e-12 -1.533810061246848171e-12 3.589537243728199666e-13 -5.449361754406900757e-13 4.761880084781910913e-13 4.314466207935319937e-13 9.185543676292016289e-13 -9.163745917106612117e-13
-1.841934465537227717e-11 1.783576533270697805e-11 -2.564881543358598970e-11 -9.950173867419781102e-12 2.033820952941058575e-11 2.307123655470216209e-11 1.442181026875481149e-11 1.203763975123216696e-11 1.101273053170710632e-11 2.016886747915559669e-11 7.051286094459775718e-11 1.660712405012401604e-11 1.094775546821932830e-11 9.016366903843075985e-12 4.718295996680032571e-12 1.555311206364510043e-12 4.805257945827705122e-12 1.570946504994241167e-12 -1.894811905006140251e-12 3.872501000600494028e-13 -5.166229304463922675e-13 -1.359852941270441689e-12 -1.907455938605818209e-12 -4.097925475017395331e-13 -6.251093228849508353e-13 -4.814762953927126049e-13
-2.505874114482487432e-11 7.313604529372012281e-12 -5.475997975854644921e-12 5.054012823027001578e-12 2.076943467785634569e-11 -4.245067783407070485e-12 2.081609027319274584e-12 1.072930711082294139e-11 1.293724441875172407e-11 1.006690715800561910e-11 1.660712405012401604e-11 4.226305889738712024e-11 1.336005398612317613e-11 6.590695582442823374e-12 4.457458173121270505e-12 1.518496194853826348e-12 -2.005957676090322131e-12 -2.209786191068902094e-12 -4.534529928517256402e-12 6.195333655444732411e-14 -4.462426743075374977e-13 -1.622854891781914871e-12 -7.713809286873652033e-13 5.414939066581377816e-13 2.708666110941961984e-13 -4.581379647798330979e-13
-6.925035608564723614e-13 -5.420417767370680938e-12 8.166052855067819316e-12 6.780010948512224235e-13 1.440559021962836174e-11 1.513331088074099167e-11 6.413262517491249332e-12 1.402371373920039977e-11 4.612414526966850835e-12 2.836177187208742890e-12 1.094775546821932830e-11 1.336005398612317613e-11 3.973317071818879656e-11 1.245465084154798092e-11 3.838846838458876144e-12 4.492754967144650495e-12 1.341153299765241742e-12 -7.986986651447655700e-14 -1.376750738790337321e-12 1.582680024100714009e-12 2.448349841730668830e-13 -2.235938365598518536e-12 -7.197413766222848602e-13 -3.220611425732467686e-13 -9.003901120586680712e-13 -5.758535315695335837e-13
3.107358809253217061e-11 7.592629329230385572e-12 -9.890698901014283801e-12 -1.262603247741350531e-11 1.321982268339070449e-12 -9.743374646047328117e-13 1.133739116186211196e-11 4.931243753978779987e-12 1.062397749220844967e-11 9.232540376604173386e-12 9.016366903843075985e-12 6.590695582442823374e-12 1.245465084154798092e-11 2.900898711659778158e-11 8.946038699643150500e-12 7.794609055603547148e-12 3.054842716984137101e-12 1.099724979815786484e-12 -1.121848884262745546e-12 -2.412686933392326233e-13 5.733346034171708281e-13 -2.440844694685292080e-13 -2.747559420134412557e-14 2.873468138363453783e-13 7.964713816762572441e-13 -3.337835652173485475e-13
1.643962563207278056e-12 -8.104560528041668978e-12 4.225875412016707146e-13 6.970668274394760707e-12 6.597544462900402196e-12 7.136093341818830791e-12 4.861830492506443180e-12 -2.614222384861234379e-12 3.816606021101337788e-12 2.332629882270742956e-12 4.718295996680032571e-12 4.457458173121270505e-12 3.838846838458876144e-12 8.946038699643150500e-12 2.197160098963639585e-11 9.915438399276701530e-12 5.405245265219539135e-12 -6.484568994666562899e-13 -1.239346211678445669e-12 6.256706750468638253e-13 6.352004865525237168e-13 -1.717012174987616035e-13 -5.157207467658413151e-13 9.433170261422279418e-13 -6.859345430929369100e-14 5.862431326954412207e-14
1.425240113980047772e-11 4.784044778419471564e-12 -6.418361649476667576e-12 -4.731940482780579992e-13 -4.957942098273902038e-12 6.137838645401793907e-12 5.151945341628033749e-12 -1.835329490054959492e-12 5.642186837622455452e-12 3.422875528627970034e-12 1.555311206364510043e-12 1.518496194853826348e-12 4.492754967144650495e-12 7.794609055603547148e-12 9.915438399276701530e-12 2.400454628812484510e-11 8.039983544450245612e-12 2.531994988145516775e-12 2.888376164825503145e-13 4.236677020907495724e-13 -3.691157329675195809e-13 -3.755289750422516226e-13 -6.758799081143703770e-13 7.153556588065389675e-14 2.680474857806414502e-13 -8.423659039724163534e-14
-3.749133225118079673e-12 1.738143099195698157e-11 -4.252939676633135303e-12 -1.889443387051497675e-12 5.042931613807058380e-12 1.032772502899564669e-11 -4.403967531825071323e-12 -2.819902291030731424e-12 2.690337765813630953e-12 1.242614944480038710e-12 4.805257945827705122e-12 -2.005957676090322131e-12 1.341153299765241742e-12 3.054842716984137101e-12 5.405245265219539135e-12 8.039983544450245612e-12 1.617426960132811933e-11 7.491896411525914417e-12 2.120271778707854086e-12 7.202858686637355146e-13 5.018371197118280499e-13 -4.406882519560711256e-13 -5.472306269769414076e-13 1.111782236276181375e-13 -4.479512228725432895e-13 1.552475207315696985e-13
2.916485977786955988e-12 1.041785192064167379e-11 -9.645965056253010765e-13 4.647613590318564699e-13 5.829454894807569561e-12 5.395942947341855318e-12 -3.503708855579097724e-12 -3.017055489538623668e-12 5.945349173558158594e-13 2.967371478800336578e-13 1.570946504994241167e-12 -2.209786191068902094e-12 -7.986986651447655700e-14 1.099724979815786484e-12 -6.484568994666562899e-13 2.531994988145516775e-12 7.491896411525914417e-12 1.707720053419017318e-11 7.827016158201172761e-12 2.749547803100531101e-12 1.330462614042518834e-12 -3.057274756458183929e-13 -5.574121991636986938e-13 1.227009418540609514e-13 8.736517335907550138e-14 5.290226087624692156e-13
1.721767471767485118e-11 -3.948629320913634395e-12 1.623210134162004470e-11 5.612202081966648852e-13 -1.086373482967580296e-12 2.399296865164971048e-12 7.163893026884777889e-13 -4.122459422868701153e-12 -3.479596115372630664e-12 -1.222028486895007178e-12 -1.894811905006140251e-12 -4.534529928517256402e-12 -1.376750738790337321e-12 -1.121848884262745546e-12 -1.239346211678445669e-12 2.888376164825503145e-13 2.120271778707854086e-12 7.827016158201172761e-12 1.499159381753130196e-11 5.007716416042327000e-12 2.271229116851171263e-12 7.533260283769081129e-13 5.662886023554604109e-13 7.679541596091344743e-13 4.676496313469873517e-14 1.163509392575584487e-12
-9.633073976379205068e-13 1.663829222402518729e-12 1.616630322161527562e-11 -3.570257737730546387e-12 7.044296856792251007e-12 1.142042365569209435e-12 2.701215235500602427e-12 -4.275682676817144697e-12 -2.869881797186012047e-12 -1.533810061246848171e-12 3.872501000600494028e-13 6.195333655444732411e-14 1.582680024100714009e-12 -2.412686933392326233e-13 6.256706750468638253e-13 4.236677020907495724e-13 7.202858686637355146e-13 2.749547803100531101e-12 5.007716416042327000e-12 1.157146569978730281e-11 3.772960182228992907e-12 8.287355337858716157e-13 -1.005983070206784486e-12 -3.214914715958519562e-13 -4.754268934360578448e-13 5.377156240537455707e-14
-3.909646407558408436e-12 1.367555317416099737e-11 1.360046152117985300e-12 -5.333058054322485991e-12 3.337204220493838670e-12 -2.672719777719843582e-12 -1.757181246422728704e-12 3.044791813006159037e-13 -1.325721122439034054e-12 3.589537243728199666e-13 -5.166229304463922675e-13 -4.462426743075374977e-13 2.448349841730668830e-13 5.733346034171708281e-13 6.352004865525237168e-13 -3.691157329675195809e-13 5.018371197118280499e-13 1.330462614042518834e-12 2.271229116851171263e-12 3.772960182228992907e-12 9.746584583476638817e-12 3.778591156916402651e-12 1.029079280164238691e-12 3.090706637842819554e-13 -1.216444966136575972e-13 3.602109253632709929e-13
-8.342088897275749538e-12 -1.954240381052887040e-12 1.303875606865824437e-12 -7.925950372756504811e-12 2.505402358120358919e-12 -5.176498286989750960e-12 -5.850228712469913999e-12 -9.635929787252695208e-13 -1.187250310522098058e-12 -5.449361754406900757e-13 -1.359852941270441689e-12 -1.622854891781914871e-12 -2.235938365598518536e-12 -2.440844694685292080e-13 -1.717012174987616035e-13 -3.755289750422516226e-13 -4.406882519560711256e-13 -3.057274756458183929e-13 7.533260283769081129e-13 8.287355337858716157e-13 3.778591156916402651e-12 7.088398506010457010e-12 2.304744780751218033e-12 1.650818366777504268e-13 3.774394917251378090e-13 2.702157635800721129e-13
-6.434242719979393965e-12 -5.133661180521735561e-12 -4.654710163849675585e-13 -1.627923888284333239e-12 -3.764966929531013984e-12 -4.132670668076392437e-12 -3.560143068620893352e-12 1.580192889274919069e-13 6.430192081708773308e-13 4.761880084781910913e-13 -1.907455938605818209e-12 -7.713809286873652033e-13 -7.197413766222848602e-13 -2.747559420134412557e-14 -5.157207467658413151e-13 -6.758799081143703770e-13 -5.472306269769414076e-13 -5.574121991636986938e-13 5.662886023554604109e-13 -1.005983070206784486e-12 1.029079280164238691e-12 2.304744780751218033e-12 5.665780509895684859e-12 1.602326688424149774e-12 4.025871581075222446e-13 -5.498734108111813149e-14
-4.004433910944115242e-12 -6.653469072655111179e-12 -8.106419346962617968e-12 -2.223744847427600669e-14 -2.928204298233576039e-12 3.859451668860538908e-12 1.315742554267678290e-13 1.634239282882609466e-12 1.400884583537269306e-12 4.314466207935319937e-13 -4.097925475017395331e-13 5.414939066581377816e-13 -3.220611425732467686e-13 2.873468138363453783e-13 9.433170261422279418e-13 7.153556588065389675e-14 1.111782236276181375e-13 1.227009418540609514e-13 7.679541596091344743e-13 -3.214914715958519562e-13 3.090706637842819554e-13 1.650818366777504268e-13 1.602326688424149774e-12 4.652344556162158862e-12 6.319561280413267750e-13 7.064327670002241252e-14
5.016819009206157369e-12 5.860131673978242061e-13 -2.048643555632780966e-12 -6.125828027401737923e-12 1.579404456260521776e-13 -1.153307053074418668e-12 -2.082221523927440842e-12 1.582104175543909704e-12 7.581787808133405330e-13 9.185543676292016289e-13 -6.251093228849508353e-13 2.708666110941961984e-13 -9.003901120586680712e-13 7.964713816762572441e-13 -6.859345430929369100e-14 2.680474857806414502e-13 -4.479512228725432895e-13 8.736517335907550138e-14 4.676496313469873517e-14 -4.754268934360578448e-13 -1.216444966136575972e-13 3.774394917251378090e-13 4.025871581075222446e-13 6.319561280413267750e-13 3.471757287563023843e-12 3.443996830282000628e-13
-1.389581115772732478e-12 7.922858795568385666e-12 4.956025103743552109e-13 1.196245164255280805e-12 -2.338719058851832413e-12 -9.764467078569167437e-13 -4.954216241634625655e-13 8.527997926264218971e-13 -9.883841207948850162e-13 -9.163745917106612117e-13 -4.814762953927126049e-13 -4.581379647798330979e-13 -5.758535315695335837e-13 -3.337835652173485475e-13 5.862431326954412207e-14 -8.423659039724163534e-14 1.552475207315696985e-13 5.290226087624692156e-13 1.163509392575584487e-12 5.377156240537455707e-14 3.602109253632709929e-13 2.702157635800721129e-13 -5.498734108111813149e-14 7.064327670002241252e-14 3.443996830282000628e-13 1.745338766921190109e-12
