2.463916814527587107e-09 1.708957381481245840e-10 2.084715833428595343e-11 1.010070614665343876e-10 -3.769111816848247392e-11 3.729123345142511022e-11 1.933586284019052246e-11 5.693526022687159227e-11 -1.501190312033789785e-11 3.431362129579624439e-11 -7.656854693452803575e-12 1.613638303641891865e-11 -2.816867592418028214e-11 2.743791351480224051e-11 -1.795098868966626413e-11 6.308900613465762705e-12 -3.631674828411233930e-11 -1.953687811574353025e-11 -1.444459589386610611e-11 2.729421321792115888e-12 4.284666664976984923e-12 -1.096599958642921676e-13 -2.292047466110757537e-12 1.817023628645081369e-12 -9.516939417125624784e-12 7.444356115115048279e-13
1.708957381481245840e-10 1.931282699744165451e-09 1.455803427011887591e-10 8.664014202483338569e-11 6.106164269914742423e-11 6.613319011835149152e-11 4.648949774318847308e-11 -9.369475611375874138e-12 -6.172827560539526886e-12 -6.311497450516557630e-11 5.472848143117610313e-12 1.858296797410228000e-11 -1.079871969366852218e-11 1.017691863570368949e-11 3.076079748163954745e-11 2.336798930178368420e-12 -4.851427091377995573e-12 5.239631310086982796e-12 2.419593454515925997e-11 1.347681275565390891e-11 1.491351745902108171e-12 -4.093274672934062963e-12 2.166979570176323600e-12 1.667220796146664032e-12 1.615465183884688014e-12 -1.470235447469172660e-12
2.084715833428595343e-11 1.455803427011887591e-10 1.235283127971834598e-09 7.031419692605841562e-11 1.767374768374875144e-11 1.258189844258910699e-10 5.013281465670975973e-11 2.286628486164988912e-12 -1.146550032651690197e-11 -4.149607290558720616e-12 1.793573347784260450e-11 -1.172797710403272179e-11 -2.551256990427711644e-11 -3.072331321924924704e-11 -1.311739033044971376e-11 -1.004592449194184865e-11 -2.094944043889270386e-11 -1.255686566740215454e-11 -1.300608812162061833e-11 -4.768031442680763697e-12 -4.444420323974920005e-12 -9.596072091142505092e-12 4.946486823477677525e-12 2.114116327928343548e-12 -5.259059334950828908e-12 -2.158260963509725282e-12
1.010070614665343876e-10 8.664014202483338569e-11 7.031419692605841562e-11 7.666339094967776579e-10 -2.569202037362224711e-12 -8.282761146544668265e-12 -4.111401564244633897e-12 4.379204946301913488e-11 -2.834420181851009013e-11 -3.090688619593860985e-12 2.814257944547316071e-11 1.358184285012562709e-11 -1.681961297818623122e-12 -1.843545757838383402e-12 1.211270588257667677e-11 8.851799778021793951e-12 -3.135275616788682915e-12 -9.223627172124047231e-12 -8.731140791651269461e-13 -4.338789937010023419e-12 -2.246066919720432279e-12 -2.265820059916937260e-12 3.674101480037726536e-12 6.467717758435930941e-12 5.450759615100019980e-12 -1.189122615974322534e-12
-3.769111816848247392e-11 6.106164269914742423e-11 1.767374768374875144e-11 -2.569202037362224711e-12 5.624520855716256845e-10 6.656917809256886444e-11 2.379674928926727213e-11 1.946805224130870679e-11 1.881760157471509304e-11 2.387071804011719418e-12 1.192855430274369524e-11 4.253256964039229697e-13 2.118909920917669991e-11 2.396635949373238887e-12 -4.922118255904517835e-13 1.389996308160366175e-12 1.056392830126060188e-11 8.891759611969489903e-12 5.635371184009683867e-12 -9.756311371750749374e-13 -5.928184496005660803e-12 -4.153463981609955773e-13 -3.736656431303463124e-12 1.041174178710148882e-12 2.855633416026620697e-12 2.330669301640934286e-12
3.729123345142511022e-11 6.613319011835149152e-11 1.258189844258910699e-10 -8.282761146544668265e-12 6.656917809256886444e-11 3.919011194022430345e-10 2.477933040493002414e-11 3.366160429880977306e-11 -1.701785556447579744e-11 -4.014499249348765995e-12 1.977367548364000209e-12 -1.009993881692916040e-11 -7.091685326994679176e-12 -6.345828448370816232e-12 -4.612628562826489848e-12 -6.012919504255718745e-13 -9.600507906910585363e-12 9.834763186296399109e-12 -3.711939861265316568e-12 -5.196979707750900609e-12 1.223886197585559126e-12 2.419510920237658060e-12 1.820381807097062025e-12 -1.631301869806266622e-12 1.079576341329514876e-12 2.730670937194012494e-12
1.933586284019052246e-11 4.648949774318847308e-11 5.013281465670975973e-11 -4.111401564244633897e-12 2.379674928926727213e-11 2.477933040493002414e-11 1.744317240800349448e-10 -7.470212953109409303e-13 -1.092658648474963031e-13 2.817870153611041690e-12 1.698475177587665607e-11 9.233729020234822435e-12 1.721421103659621492e-12 -8.998959504340160100e-12 -5.932287729313427673e-12 -2.661853131615800030e-12 -5.581829989842436806e-12 -1.039831481433962938e-12 -3.764108926183994732e-12 -3.642394733073371730e-12 4.190450069529179924e-13 3.085404130819879280e-14 3.770032484705032707e-12 -1.746755711979657825e-12 -1.802911063770798066e-12 2.258536176138589476e-12
5.693526022687159227e-11 -9.369475611375874138e-12 2.286628486164988912e-12 4.379204946301913488e-11 1.946805224130870679e-11 3.366160429880977306e-11 -7.470212953109409303e-13 1.541965232268268413e-10 1.990604121005596499e-11 2.070142855846843211e-11 3.954727999827985721e-12 -2.890889659828849848e-12 4.532200262409090270e-12 8.824543547565209931e-13 8.372884739365681306e-13 4.494477650622896795e-13 -3.462604681080651213e-12 -1.365646580608204162e-12 -1.444174181934090822e-13 -4.322678997944413913e-12 -2.964798783181927528e-12 7.777847125027749102e-13 4.033180013652560461e-13 1.431970023051375351e-12 2.032852101037755601e-12 1.080841852582382268e-12
-1.501190312033789785e-11 -6.172827560539526886e-12 -1.146550032651690197e-11 -2.834420181851009013e-11 1.881760157471509304e-11 -1.701785556447579744e-11 -1.092658648474963031e-13 1.990604121005596499e-11 1.174004386411739919e-10 2.283112226243079294e-11 3.260898942924220874e-12 1.506138057966914751e-11 5.892286285291917697e-12 1.401403455859130344e-12 -2.521567460585050303e-13 -3.481937692982936279e-12 -3.995164924401028066e-12 -4.168006197428045419e-12 -5.107907398266568210e-12 4.006855746642139491e-13 1.185603794940563303e-13 -1.174814861559989911e-12 -4.171802392661113279e-12 -1.138348310704862092e-12 -6.044448274525507887e-14 1.261923247278799742e-12
3.431362129579624439e-11 -6.311497450516557630e-11 -4.149607290558720616e-12 -3.090688619593860985e-12 2.387071804011719418e-12 -4.014499249348765995e-12 2.817870153611041690e-12 2.070142855846843211e-11 2.283112226243079294e-11 7.934949830335066363e-11 1.091458967271731599e-11 9.812203596677309377e-12 6.635492110960402047e-12 2.450767554281876880e-12 -5.511175138953055200e-13 -1.861335901676803628e-12 8.439062430975389143e-13 -1.732373092099286152e-12 -5.634965194291085599e-12 -1.909320715758688771e-13 -1.078512662590941211e-13 -1.789655726067745602e-12 2.957088157352826859e-13 -8.105433973543579954e-14 -5.998745505761334664e-13 -7.278427854366003351e-15
-7.656854693452803575e-12 5.472848143117610313e-12 1.793573347784260450e-11 2.814257944547316071e-11 1.192855430274369524e-11 1.977367548364000209e-12 1.698475177587665607e-11 3.954727999827985721e-12 3.260898942924220874e-12 1.091458967271731599e-11 6.066985101821488564e-11 1.697776008716324439e-11 9.353728161849364407e-12 4.928265327209617207e-12 4.533952124792857190e-12 -1.162050620896774851e-12 -3.641340464554839200e-14 -4.400929254969239750e-12 -8.137100607259819384e-13 -2.137981644383317511e-12 -4.370823118857459094e-13 -6.369071326107872519e-13 1.818732781395023034e-13 1.159321276997253722e-12 9.724167968148136028e-13 -1.029210698298666805e-12
1.613638303641891865e-11 1.858296797410228000e-11 -1.172797710403272179e-11 1.358184285012562709e-11 4.253256964039229697e-13 -1.009993881692916040e-11 9.233729020234822435e-12 -2.890889659828849848e-12 1.506138057966914751e-11 9.812203596677309377e-12 1.697776008716324439e-11 4.783372395742996621e-11 1.022030169916982182e-11 6.311072578009454279e-12 4.985903869683639325e-12 2.668403348451013158e-13 2.735710915070806242e-13 -1.172705185867251501e-12 2.110821139725285421e-12 3.056199075856015020e-13 2.148743864995477992e-13 4.044039011848333884e-13 -2.023929735908753797e-12 -5.701606223032416838e-14 -5.515438662458098545e-13 -4.726255230775314016e-13
-2.816867592418028214e-11 -1.079871969366852218e-11 -2.551256990427711644e-11 -1.681961297818623122e-12 2.118909920917669991e-11 -7.091685326994679176e-12 1.721421103659621492e-12 4.532200262409090270e-12 5.892286285291917697e-12 6.635492110960402047e-12 9.353728161849364407e-12 1.022030169916982182e-11 3.687514881749803384e-11 1.245720412632409385e-11 5.326499862567652200e-12 1.245909796264223925e-12 2.832700013471355349e-13 -1.419057463533574255e-12 2.555096053563640925e-13 -4.131852578246070265e-13 -7.214007252704976026e-13 -4.183475104053637225e-13 -1.072719696327756233e-12 2.235007013272972605e-14 2.509324246773878566e-13 -2.792772310490566696e-13
2.743791351480224051e-11 1.017691863570368949e-11 -3.072331321924924704e-11 -1.843545757838383402e-12 2.396635949373238887e-12 -6.345828448370816232e-12 -8.998959504340160100e-12 8.824543547565209931e-13 1.401403455859130344e-12 2.450767554281876880e-12 4.928265327209617207e-12 6.311072578009454279e-12 1.245720412632409385e-11 3.121835235746155394e-11 1.352432108576054670e-11 6.222007271198955747e-12 7.395983153850778749e-13 -1.248355974117523134e-12 2.284612928351474085e-12 1.518770249950728776e-12 5.075741290685153940e-13 3.120590844000673608e-13 -6.579523829197833168e-13 7.019431513824581495e-13 8.832655500318781470e-13 4.680388130314440697e-13
-1.795098868966626413e-11 3.076079748163954745e-11 -1.311739033044971376e-11 1.211270588257667677e-11 -4.922118255904517835e-13 -4.612628562826489848e-12 -5.932287729313427673e-12 8.372884739365681306e-13 -2.521567460585050303e-13 -5.511175138953055200e-13 4.533952124792857190e-12 4.985903869683639325e-12 5.326499862567652200e-12 1.352432108576054670e-11 2.366331371236678534e-11 9.124216812418458741e-12 4.575349578782142840e-12 1.194103605968987594e-12 4.679280897391222138e-12 2.803516572832327358e-12 1.143222451651479674e-12 -2.207392012469409664e-13 -1.123743750703812319e-12 7.414705420943432567e-13 3.535710747911115927e-13 -1.070354050806464033e-12
6.308900613465762705e-12 2.336798930178368420e-12 -1.004592449194184865e-11 8.851799778021793951e-12 1.389996308160366175e-12 -6.012919504255718745e-13 -2.661853131615800030e-12 4.494477650622896795e-13 -3.481937692982936279e-12 -1.861335901676803628e-12 -1.162050620896774851e-12 2.668403348451013158e-13 1.245909796264223925e-12 6.222007271198955747e-12 9.124216812418458741e-12 1.762670538450878070e-11 6.684461162819764517e-12 3.438496198466809998e-12 4.197052745698203347e-12 1.800295989042732453e-12 3.247170028294757820e-14 -3.400259104972018961e-13 -3.478542272764100754e-13 9.101232319198141566e-13 4.284495328662772814e-13 -5.558354075184438627e-13
-3.631674828411233930e-11 -4.851427091377995573e-12 -2.094944043889270386e-11 -3.135275616788682915e-12 1.056392830126060188e-11 -9.600507906910585363e-12 -5.581829989842436806e-12 -3.462604681080651213e-12 -3.995164924401028066e-12 8.439062430975389143e-13 -3.641340464554839200e-14 2.735710915070806242e-13 2.832700013471355349e-13 7.395983153850778749e-13 4.575349578782142840e-12 6.684461162819764517e-12 1.825860387335969720e-11 8.592202227734966222e-12 5.142567762419806989e-12 2.612238813703487111e-12 1.397333163283378483e-12 4.457021320480698807e-13 -1.211769542302987150e-13 -3.186661922788103770e-13 -2.781941135605659067e-13 -8.195289336765185059e-13
-1.953687811574353025e-11 5.239631310086982796e-12 -1.255686566740215454e-11 -9.223627172124047231e-12 8.891759611969489903e-12 9.834763186296399109e-12 -1.039831481433962938e-12 -1.365646580608204162e-12 -4.168006197428045419e-12 -1.732373092099286152e-12 -4.400929254969239750e-12 -1.172705185867251501e-12 -1.419057463533574255e-12 -1.248355974117523134e-12 1.194103605968987594e-12 3.438496198466809998e-12 8.592202227734966222e-12 1.674766739130349921e-11 6.872344798308256635e-12 3.087378003200183040e-12 1.905033669471702876e-12 1.223026803536704676e-12 2.369465210238899436e-13 -1.236468037817886316e-12 -2.888554542553264476e-13 3.718735934736971783e-14
-1.444459589386610611e-11 2.419593454515925997e-11 -1.300608812162061833e-11 -8.731140791651269461e-13 5.635371184009683867e-12 -3.711939861265316568e-12 -3.764108926183994732e-12 -1.444174181934090822e-13 -5.107907398266568210e-12 -5.634965194291085599e-12 -8.137100607259819384e-13 2.110821139725285421e-12 2.555096053563640925e-13 2.284612928351474085e-12 4.679280897391222138e-12 4.197052745698203347e-12 5.142567762419806989e-12 6.872344798308256635e-12 1.661686227792845084e-11 6.594893449601840121e-12 2.926716331737280442e-12 9.451895091360863222e-13 -4.719474539442704631e-13 -2.189974513840673059e-13 4.860651718635143948e-13 -1.121522762863380110e-12
2.729421321792115888e-12 1.347681275565390891e-11 -4.768031442680763697e-12 -4.338789937010023419e-12 -9.756311371750749374e-13 -5.196979707750900609e-12 -3.642394733073371730e-12 -4.322678997944413913e-12 4.006855746642139491e-13 -1.909320715758688771e-13 -2.137981644383317511e-12 3.056199075856015020e-13 -4.131852578246070265e-13 1.518770249950728776e-12 2.803516572832327358e-12 1.800295989042732453e-12 2.612238813703487111e-12 3.087378003200183040e-12 6.594893449601840121e-12 1.192545022626050609e-11 4.041995700143095667e-12 1.152769485303558452e-12 -8.249432043706625613e-13 -9.161843036144055694e-13 -5.122043734446646279e-14 -4.432042021475864676e-13
4.284666664976984923e-12 1.491351745902108171e-12 -4.444420323974920005e-12 -2.246066919720432279e-12 -5.928184496005660803e-12 1.223886197585559126e-12 4.190450069529179924e-13 -2.964798783181927528e-12 1.185603794940563303e-13 -1.078512662590941211e-13 -4.370823118857459094e-13 2.148743864995477992e-13 -7.214007252704976026e-13 5.075741290685153940e-13 1.143222451651479674e-12 3.247170028294757820e-14 1.397333163283378483e-12 1.905033669471702876e-12 2.926716331737280442e-12 4.041995700143095667e-12 6.705361447751529674e-12 1.922612964775998075e-12 5.461303652519941769e-13 -6.466045653565001232e-13 2.862764241751130407e-13 -1.926120731666741907e-13
-1.096599958642921676e-13 -4.093274672934062963e-12 -9.596072091142505092e-12 -2.265820059916937260e-12 -4.153463981609955773e-13 2.419510920237658060e-12 3.085404130819879280e-14 7.777847125027749102e-13 -1.174814861559989911e-12 -1.789655726067745602e-12 -6.369071326107872519e-13 4.044039011848333884e-13 -4.183475104053637225e-13 3.120590844000673608e-13 -2.207392012469409664e-13 -3.400259104972018961e-13 4.457021320480698807e-13 1.223026803536704676e-12 9.451895091360863222e-13 1.152769485303558452e-12 1.922612964775998075e-12 5.274127367300365734e-12 1.484217844538319156e-12 2.143618985571785729e-13 2.096325453161550301e-13 -4.965826496922836680e-13
-2.292047466110757537e-12 2.166979570176323600e-12 4.946486823477677525e-12 3.674101480037726536e-12 -3.736656431303463124e-12 1.820381807097062025e-12 3.770032484705032707e-12 4.033180013652560461e-13 -4.171802392661113279e-12 2.957088157352826859e-13 1.818732781395023034e-13 -2.023929735908753797e-12 -1.072719696327756233e-12 -6.579523829197833168e-13 -1.123743750703812319e-12 -3.478542272764100754e-13 -1.211769542302987150e-13 2.369465210238899436e-13 -4.719474539442704631e-13 -8.249432043706625613e-13 5.461303652519941769e-13 1.484217844538319156e-12 4.885027857040934119e-12 4.811292437453959385e-13 -7.826863721072595538e-14 1.056526090646178941e-13
1.817023628645081369e-12 1.667220796146664032e-12 2.114116327928343548e-12 6.467717758435930941e-12 1.041174178710148882e-12 -1.631301869806266622e-12 -1.746755711979657825e-12 1.431970023051375351e-12 -1.138348310704862092e-12 -8.105433973543579954e-14 1.159321276997253722e-12 -5.701606223032416838e-14 2.235007013272972605e-14 7.019431513824581495e-13 7.414705420943432567e-13 9.101232319198141566e-13 -3.186661922788103770e-13 -1.236468037817886316e-12 -2.189974513840673059e-13 -9.161843036144055694e-13 -6.466045653565001232e-13 2.143618985571785729e-13 4.811292437453959385e-13 3.603514478186560252e-12 6.464554227912640232e-13 -1.398106645029232059e-13
-9.516939417125624784e-12 1.615465183884688014e-12 -5.259059334950828908e-12 5.450759615100019980e-12 2.855633416026620697e-12 1.079576341329514876e-12 -1.802911063770798066e-12 2.032852101037755601e-12 -6.044448274525507887e-14 -5.998745505761334664e-13 9.724167968148136028e-13 -5.515438662458098545e-13 2.509324246773878566e-13 8.832655500318781470e-13 3.535710747911115927e-13 4.284495328662772814e-13 -2.781941135605659067e-13 -2.888554542553264476e-13 4.860651718635143948e-13 -5.122043734446646279e-14 2.862764241751130407e-13 2.096325453161550301e-13 -7.826863721072595538e-14 6.464554227912640232e-13 2.510758088779050846e-12 8.362992979139300938e-14
7.444356115115048279e-13 -1.470235447469172660e-12 -2.158260963509725282e-12 -1.189122615974322534e-12 2.330669301640934286e-12 2.730670937194012494e-12 2.258536176138589476e-12 1.080841852582382268e-12 1.261923247278799742e-12 -7.278427854366003351e-15 -1.029210698298666805e-12 -4.726255230775314016e-13 -2.792772310490566696e-13 4.680388130314440697e-13 -1.070354050806464033e-12 -5.558354075184438627e-13 -8.195289336765185059e-13 3.718735934736971783e-14 -1.121522762863380110e-12 -4.432042021475864676e-13 -1.926120731666741907e-13 -4.965826496922836680e-13 1.056526090646178941e-13 -1.398106645029232059e-13 8.362992979139300938e-14 2.159221999800716222e-12
