3.450875151766811966e-09 8.723138725495265019e-11 1.623768465045890538e-10 2.682154424010747255e-10 4.568790087002228893e-11 2.650187206205814147e-10 -1.207587390195407500e-11 -3.142065704368173219e-11 2.184420219786605640e-11 4.294893043084723300e-11 7.079757930227916585e-11 2.362620770640571094e-11 3.408499600571797845e-11 2.024145062752803753e-11 -1.161462778818302712e-11 1.680550119342086927e-11 4.273916694996824219e-11 4.516510493564832984e-11 3.753018707692524750e-11 4.155631041883607152e-11 1.632785019394936431e-11 -8.755343404584749595e-12 -1.702265571461696121e-11 -6.718182824490777407e-12 -1.647177899308137911e-11 -1.286451604582427992e-11
8.723138725495265019e-11 2.087551687032972806e-09 -1.407368879639388966e-11 4.663639191037031290e-11 -5.257561595078568766e-12 4.418315892387106962e-11 8.609606100695925099e-11 6.082214025427230639e-11 -6.604727411983615529e-13 2.224075654679925639e-12 3.860892641996983665e-11 -1.785144280632378702e-11 1.562214444660648392e-11 2.091998531524097900e-11 2.486929827237416046e-11 5.318444152519827292e-12 1.164078749712226318e-11 2.585470277121235095e-11 3.109630226776850919e-11 6.762505921562155888e-12 8.729197765969287905e-12 4.007386477773475865e-11 4.673619612019304556e-11 3.342453049169828677e-11 3.064887468794894978e-12 -1.030570385692241222e-11
1.623768465045890538e-10 -1.407368879639388966e-11 1.325914733208453274e-09 1.990122417405598235e-10 4.151600094050489972e-11 1.471107692306107309e-11 -1.042965509135421070e-11 8.907745341776195217e-13 -1.111549528933835292e-11 7.023442103183735187e-12 4.214447468456074247e-12 -8.184569708604873105e-12 -2.312501534261745028e-11 -2.494920561351368719e-11 -2.436753315359984628e-11 -3.673306021608738449e-11 -1.450656985869035383e-11 -1.520894699319352415e-12 1.514581886143504730e-11 2.610912674205553685e-11 2.334231831176256735e-11 -1.414978941344021890e-12 -9.433787129918029281e-12 -1.986804824745971637e-11 9.149308115538530889e-13 1.970181035264463802e-12
2.682154424010747255e-10 4.663639191037031290e-11 1.990122417405598235e-10 9.313505179906562156e-10 8.026596321635867967e-11 3.767904515727498796e-11 -3.334954874707197399e-11 2.576222888007134572e-11 2.753683519610083991e-11 3.535178965442310615e-11 4.720414032078454283e-12 5.883284294401291847e-12 2.104411768482468472e-11 2.329849472055456894e-11 2.185276666694155083e-11 1.419307315440184650e-11 2.478780500739876416e-11 1.243638308813334502e-11 1.616800490666421552e-11 2.231427639783667557e-11 1.454362541031952371e-11 1.141741008038771607e-11 -1.317440440755618039e-12 -5.003292730666755617e-12 -2.570692824938835224e-13 6.283991803700526962e-12
4.568790087002228893e-11 -5.257561595078568766e-12 4.151600094050489972e-11 8.026596321635867967e-11 5.806244224678042801e-10 3.808011134940089562e-11 7.714989389405058420e-12 2.151035391270454682e-11 3.694245060462557774e-11 -2.686718610013903108e-12 6.951525203677910790e-12 2.115011516166120088e-11 6.436136743243758615e-12 -3.375663760142465913e-13 7.098225782445211286e-12 6.621921264313797907e-12 8.436578650078523606e-12 -2.981878381322454526e-12 -1.307032722856221183e-11 -6.698213947466845454e-13 -6.170683873730339487e-12 2.812566963309646912e-12 -1.058345559571204566e-12 -2.657265652571622896e-12 7.962465733235042283e-13 4.409017572335314338e-12
2.650187206205814147e-10 4.418315892387106962e-11 1.471107692306107309e-11 3.767904515727498796e-11 3.808011134940089562e-11 4.226316554123740383e-10 4.275276522744637724e-11 -5.495641050328977562e-12 -9.682979895688038276e-13 2.089923994529708976e-11 5.088058326604928170e-12 1.948404326700013487e-11 9.643427168079616580e-12 2.526939855912906949e-11 1.177305011554053283e-11 4.535904108201798325e-12 6.158772468758748032e-12 1.278250961881158114e-11 6.997095219910491192e-12 1.191660004238305714e-11 6.398168500810334413e-12 1.218486646049784279e-11 5.029491541540881788e-12 -9.621089456506429667e-13 3.958862875189406992e-12 -4.432511249295303083e-13
-1.207587390195407500e-11 8.609606100695925099e-11 -1.042965509135421070e-11 -3.334954874707197399e-11 7.714989389405058420e-12 4.275276522744637724e-11 3.201852976767370101e-10 7.174300182991445389e-11 2.710732235717012211e-11 2.019445328262074361e-11 2.462950639597626319e-11 9.178637258145941571e-12 1.299192337609333059e-11 9.037426178604908047e-12 3.924242412715746745e-12 3.893367224995424670e-12 4.143007507788574224e-12 -2.060300449800286241e-12 -3.357901356211222511e-12 7.413106565883473788e-12 9.605143432850362413e-12 5.619376394103785684e-12 -2.834724885457379114e-12 -1.550264223995089167e-12 9.527072615634093242e-12 4.369176253902331597e-12
-3.142065704368173219e-11 6.082214025427230639e-11 8.907745341776195217e-13 2.576222888007134572e-11 2.151035391270454682e-11 -5.495641050328977562e-12 7.174300182991445389e-11 2.539689400350293267e-10 5.329564649091962826e-11 2.242428958190266118e-11 1.353657404119435932e-11 3.435228522704309300e-12 7.901708186655646530e-12 -5.160967298270851658e-12 4.775731633464994821e-12 1.218431697757537655e-12 -1.663437381908338763e-12 -1.820789177472918932e-12 9.613775264222294996e-13 3.615506597518048476e-12 5.837614511163654160e-12 6.879242414746387736e-13 -5.113745223969932507e-12 -4.569695683443092020e-12 4.331732616098853682e-12 3.757089201218919336e-12
2.184420219786605640e-11 -6.604727411983615529e-13 -1.111549528933835292e-11 2.753683519610083991e-11 3.694245060462557774e-11 -9.682979895688038276e-13 2.710732235717012211e-11 5.329564649091962826e-11 1.816752882340211118e-10 3.175693803135253491e-11 1.443974524183555835e-11 1.897148709041492098e-11 7.415349425904105152e-12 -2.809297270646543385e-12 4.172632941865569520e-12 3.205133354183816945e-12 5.372864926499814366e-12 1.031743711221270787e-12 4.695348581981577608e-13 -6.194180110820514407e-13 -1.391606223995393797e-12 5.022818040412932962e-12 -2.566835606810130607e-12 5.294517242957877998e-13 4.290216295926688170e-12 7.256523032315671359e-12
4.294893043084723300e-11 2.224075654679925639e-12 7.023442103183735187e-12 3.535178965442310615e-11 -2.686718610013903108e-12 2.089923994529708976e-11 2.019445328262074361e-11 2.242428958190266118e-11 3.175693803135253491e-11 1.238205621004599932e-10 3.425335744331087706e-11 2.063908478792868603e-11 4.419259197450784283e-12 9.566418652801201476e-12 7.136237751188648248e-12 5.807902012700846432e-12 9.364768269255386655e-12 4.671756919800415088e-12 4.372139352154000142e-12 -1.396294552704743381e-12 -7.688646353194531411e-12 -7.614069046517351461e-12 -5.553724108250657920e-12 -5.668615512590542721e-13 4.422437889846285567e-12 3.958364162520987777e-12
7.079757930227916585e-11 3.860892641996983665e-11 4.214447468456074247e-12 4.720414032078454283e-12 6.951525203677910790e-12 5.088058326604928170e-12 2.462950639597626319e-11 1.353657404119435932e-11 1.443974524183555835e-11 3.425335744331087706e-11 9.770277174198346463e-11 2.757186236520954658e-11 9.909548810466588549e-12 1.223384802387039772e-11 4.737991352559349383e-12 9.444224567117254858e-12 -1.052701851704801274e-12 2.743904110563701455e-12 7.389400991837333014e-12 1.977180772673491020e-12 -2.274288701059822789e-12 -3.489046840181085179e-12 1.520872626163543493e-12 1.876619983883804386e-12 2.047694355605622286e-12 7.248756792591769700e-13
2.362620770640571094e-11 -1.785144280632378702e-11 -8.184569708604873105e-12 5.883284294401291847e-12 2.115011516166120088e-11 1.948404326700013487e-11 9.178637258145941571e-12 3.435228522704309300e-12 1.897148709041492098e-11 2.063908478792868603e-11 2.757186236520954658e-11 8.184350745576535096e-11 2.521947109134523470e-11 1.908181992300238783e-11 7.981310096397159613e-12 8.646180787799036969e-12 7.707008308349196104e-12 6.625248534362362402e-12 7.803798033401703370e-12 3.157378505880662007e-12 -9.697062514251290715e-15 -1.914269145141841434e-12 -8.170834964066306746e-13 6.578428478279887854e-14 1.309120573601650476e-12 2.682566907483934138e-12
3.408499600571797845e-11 1.562214444660648392e-11 -2.312501534261745028e-11 2.104411768482468472e-11 6.436136743243758615e-12 9.643427168079616580e-12 1.299192337609333059e-11 7.901708186655646530e-12 7.415349425904105152e-12 4.419259197450784283e-12 9.909548810466588549e-12 2.521947109134523470e-11 5.975888910169637045e-11 2.437520989170844316e-11 1.268713927098837192e-11 3.514135082199359790e-12 4.767617877956280320e-12 3.850643218739443631e-12 5.838496033130608192e-12 5.039527666464238345e-12 1.681041418969087636e-12 -2.006807468948320552e-12 -9.309772303923344239e-13 1.271197489957613214e-12 -6.891530614274483531e-13 -4.815229178022489483e-12
2.024145062752803753e-11 2.091998531524097900e-11 -2.494920561351368719e-11 2.329849472055456894e-11 -3.375663760142465913e-13 2.526939855912906949e-11 9.037426178604908047e-12 -5.160967298270851658e-12 -2.809297270646543385e-12 9.566418652801201476e-12 1.223384802387039772e-11 1.908181992300238783e-11 2.437520989170844316e-11 4.780547899279915549e-11 2.071420213111588622e-11 7.610540919257257936e-12 4.868552621497775236e-12 4.724018088976951992e-12 6.426192106175271329e-12 1.199091400002059311e-13 1.330951769938549195e-12 3.109853396651927972e-12 5.814334659502147807e-12 5.142382979567619698e-12 8.496467935138237152e-14 -2.459558282153094619e-13
-1.161462778818302712e-11 2.486929827237416046e-11 -2.436753315359984628e-11 2.185276666694155083e-11 7.098225782445211286e-12 1.177305011554053283e-11 3.924242412715746745e-12 4.775731633464994821e-12 4.172632941865569520e-12 7.136237751188648248e-12 4.737991352559349383e-12 7.981310096397159613e-12 1.268713927098837192e-11 2.071420213111588622e-11 4.383803108218601744e-11 2.311671635995778397e-11 1.619909345547168481e-11 9.269097151732243557e-12 5.039126513887634012e-12 2.113270653248468232e-12 3.172201402636315644e-12 4.809940082193619054e-12 3.982109307510084138e-12 2.623312538487328421e-12 -8.606908732823910036e-13 4.127508250677232971e-13
1.680550119342086927e-11 5.318444152519827292e-12 -3.673306021608738449e-11 1.419307315440184650e-11 6.621921264313797907e-12 4.535904108201798325e-12 3.893367224995424670e-12 1.218431697757537655e-12 3.205133354183816945e-12 5.807902012700846432e-12 9.444224567117254858e-12 8.646180787799036969e-12 3.514135082199359790e-12 7.610540919257257936e-12 2.311671635995778397e-11 3.877665654860632801e-11 2.453781013217996821e-11 1.252647117430083559e-11 6.946030494107898313e-12 5.754179763274742580e-12 2.228014740082521106e-12 3.813143682932871846e-12 3.830427050306495237e-12 2.156353230691869820e-12 -4.369430896571483184e-14 2.066257163508313477e-12
4.273916694996824219e-11 1.164078749712226318e-11 -1.450656985869035383e-11 2.478780500739876416e-11 8.436578650078523606e-12 6.158772468758748032e-12 4.143007507788574224e-12 -1.663437381908338763e-12 5.372864926499814366e-12 9.364768269255386655e-12 -1.052701851704801274e-12 7.707008308349196104e-12 4.767617877956280320e-12 4.868552621497775236e-12 1.619909345547168481e-11 2.453781013217996821e-11 4.854485689420598456e-11 2.869251314961438670e-11 1.451301770362165095e-11 8.640428699313061061e-12 8.454753681365044143e-13 -2.813644648709639112e-13 -1.110810496823930052e-12 -4.973884274244291802e-13 -1.404531464096406591e-12 -3.135377769438469471e-13
4.516510493564832984e-11 2.585470277121235095e-11 -1.520894699319352415e-12 1.243638308813334502e-11 -2.981878381322454526e-12 1.278250961881158114e-11 -2.060300449800286241e-12 -1.820789177472918932e-12 1.031743711221270787e-12 4.671756919800415088e-12 2.743904110563701455e-12 6.625248534362362402e-12 3.850643218739443631e-12 4.724018088976951992e-12 9.269097151732243557e-12 1.252647117430083559e-11 2.869251314961438670e-11 3.559910846721162449e-11 2.286721428721424213e-11 1.358285666341469438e-11 3.877061597854932209e-12 8.866186774596113076e-13 1.796025692012422012e-12 2.529969329625308013e-12 2.122191024838519646e-13 -5.061408061714745520e-13
3.753018707692524750e-11 3.109630226776850919e-11 1.514581886143504730e-11 1.616800490666421552e-11 -1.307032722856221183e-11 6.997095219910491192e-12 -3.357901356211222511e-12 9.613775264222294996e-13 4.695348581981577608e-13 4.372139352154000142e-12 7.389400991837333014e-12 7.803798033401703370e-12 5.838496033130608192e-12 6.426192106175271329e-12 5.039126513887634012e-12 6.946030494107898313e-12 1.451301770362165095e-11 2.286721428721424213e-11 3.642501176463989637e-11 2.026840328778877593e-11 6.818613955672614831e-12 9.866672168830405189e-13 2.643093436232069612e-12 1.561306155765166886e-12 4.129436650106311901e-14 -1.177922560794027186e-12
4.155631041883607152e-11 6.762505921562155888e-12 2.610912674205553685e-11 2.231427639783667557e-11 -6.698213947466845454e-13 1.191660004238305714e-11 7.413106565883473788e-12 3.615506597518048476e-12 -6.194180110820514407e-13 -1.396294552704743381e-12 1.977180772673491020e-12 3.157378505880662007e-12 5.039527666464238345e-12 1.199091400002059311e-13 2.113270653248468232e-12 5.754179763274742580e-12 8.640428699313061061e-12 1.358285666341469438e-11 2.026840328778877593e-11 3.062748776985951508e-11 1.533946218472817977e-11 5.554618530877965598e-12 2.279556826894379935e-12 -6.405367663347561711e-13 -1.381537899225738537e-12 -2.229314099205285685e-12
1.632785019394936431e-11 8.729197765969287905e-12 2.334231831176256735e-11 1.454362541031952371e-11 -6.170683873730339487e-12 6.398168500810334413e-12 9.605143432850362413e-12 5.837614511163654160e-12 -1.391606223995393797e-12 -7.688646353194531411e-12 -2.274288701059822789e-12 -9.697062514251290715e-15 1.681041418969087636e-12 1.330951769938549195e-12 3.172201402636315644e-12 2.228014740082521106e-12 8.454753681365044143e-13 3.877061597854932209e-12 6.818613955672614831e-12 1.533946218472817977e-11 2.694567724520600890e-11 1.506898088648793602e-11 5.462265109600186606e-12 1.543718531541835793e-12 -1.002038308129049683e-12 -1.072707516319848335e-12
-8.755343404584749595e-12 4.007386477773475865e-11 -1.414978941344021890e-12 1.141741008038771607e-11 2.812566963309646912e-12 1.218486646049784279e-11 5.619376394103785684e-12 6.879242414746387736e-13 5.022818040412932962e-12 -7.614069046517351461e-12 -3.489046840181085179e-12 -1.914269145141841434e-12 -2.006807468948320552e-12 3.109853396651927972e-12 4.809940082193619054e-12 3.813143682932871846e-12 -2.813644648709639112e-13 8.866186774596113076e-13 9.866672168830405189e-13 5.554618530877965598e-12 1.506898088648793602e-11 2.716198048971935590e-11 1.532965551228291332e-11 7.074972447019325641e-12 -9.553292469407748931e-14 3.965783579343293797e-13
-1.702265571461696121e-11 4.673619612019304556e-11 -9.433787129918029281e-12 -1.317440440755618039e-12 -1.058345559571204566e-12 5.029491541540881788e-12 -2.834724885457379114e-12 -5.113745223969932507e-12 -2.566835606810130607e-12 -5.553724108250657920e-12 1.520872626163543493e-12 -8.170834964066306746e-13 -9.309772303923344239e-13 5.814334659502147807e-12 3.982109307510084138e-12 3.830427050306495237e-12 -1.110810496823930052e-12 1.796025692012422012e-12 2.643093436232069612e-12 2.279556826894379935e-12 5.462265109600186606e-12 1.532965551228291332e-11 2.797067998486056533e-11 1.427530752102060156e-11 6.043174308458752423e-13 -4.744178946422423338e-13
-6.718182824490777407e-12 3.342453049169828677e-11 -1.986804824745971637e-11 -5.003292730666755617e-12 -2.657265652571622896e-12 -9.621089456506429667e-13 -1.550264223995089167e-12 -4.569695683443092020e-12 5.294517242957877998e-13 -5.668615512590542721e-13 1.876619983883804386e-12 6.578428478279887854e-14 1.271197489957613214e-12 5.142382979567619698e-12 2.623312538487328421e-12 2.156353230691869820e-12 -4.973884274244291802e-13 2.529969329625308013e-12 1.561306155765166886e-12 -6.405367663347561711e-13 1.543718531541835793e-12 7.074972447019325641e-12 1.427530752102060156e-11 2.184577832335551252e-11 5.942028287482245603e-12 -6.848758546507309393e-13
-1.647177899308137911e-11 3.064887468794894978e-12 9.149308115538530889e-13 -2.570692824938835224e-13 7.962465733235042283e-13 3.958862875189406992e-12 9.527072615634093242e-12 4.331732616098853682e-12 4.290216295926688170e-12 4.422437889846285567e-12 2.047694355605622286e-12 1.309120573601650476e-12 -6.891530614274483531e-13 8.496467935138237152e-14 -8.606908732823910036e-13 -4.369430896571483184e-14 -1.404531464096406591e-12 2.122191024838519646e-13 4.129436650106311901e-14 -1.381537899225738537e-12 -1.002038308129049683e-12 -9.553292469407748931e-14 6.043174308458752423e-13 5.942028287482245603e-12 1.234216241453387251e-11 4.480703110995013802e-12
-1.286451604582427992e-11 -1.030570385692241222e-11 1.970181035264463802e-12 6.283991803700526962e-12 4.409017572335314338e-12 -4.432511249295303083e-13 4.369176253902331597e-12 3.757089201218919336e-12 7.256523032315671359e-12 3.958364162520987777e-12 7.248756792591769700e-13 2.682566907483934138e-12 -4.815229178022489483e-12 -2.459558282153094619e-13 4.127508250677232971e-13 2.066257163508313477e-12 -3.135377769438469471e-13 -5.061408061714745520e-13 -1.177922560794027186e-12 -2.229314099205285685e-12 -1.072707516319848335e-12 3.965783579343293797e-13 -4.744178946422423338e-13 -6.848758546507309393e-13 4.480703110995013802e-12 1.187258334308856530e-11
