2.750559930459158818e-09 4.766465919088301696e-11 -2.722655684115871603e-11 1.323935151890336090e-10 7.571409098705480993e-11 -3.533401320176655955e-11 1.138881584510888754e-10 1.210121262142502252e-10 3.518992780545773811e-11 3.571416939103316984e-11 -2.480454613002873543e-11 -1.801984737813950212e-11 -2.370132931490266155e-11 1.447414176729684356e-11 -1.424780489935914701e-11 -1.394571412640827127e-11 -5.624037815584893237e-12 1.318795979345442304e-11 2.144856065377855418e-12 2.006262461626586316e-11 1.443366156500714789e-11 3.567484071052051508e-12 5.848761161247818871e-14 1.652981892791046823e-12 3.008823246868867487e-13 5.423731731535847794e-12
4.766465919088301696e-11 1.947678762255089044e-09 -2.786432437399589388e-11 -1.107970593188136996e-11 -6.516294653844187554e-12 -1.363270086073103584e-11 -1.193146365001603250e-11 -2.564981694154724419e-11 9.950147557437536888e-13 -2.070804098416144497e-11 -2.445809332281884664e-11 1.447122485354433865e-12 1.321776564216898102e-11 -7.670822304667616153e-13 1.989731908558819432e-11 1.204302268885741474e-11 1.029513385975690529e-11 6.128978414502066570e-12 -1.517073146404807130e-11 1.918179999301361691e-11 2.054502139620510016e-11 3.949081166213982220e-13 -5.268437040975886061e-12 -5.316632982055942548e-12 4.710421072697607036e-13 3.333029482677356985e-12
-2.722655684115871603e-11 -2.786432437399589388e-11 1.207860813198285870e-09 6.136918286178998830e-11 1.060749051101756104e-11 -1.531745022755575470e-11 -4.232531850638529106e-11 -6.068635202394907729e-13 1.375536497614344483e-11 -2.792035554445051862e-11 -1.295145948956257883e-11 1.570107815366850575e-11 2.443245708516707785e-11 4.828173869769520730e-12 1.460001669357569201e-11 -2.735202844301791389e-12 -5.014844754053585648e-12 5.252916725228632968e-12 7.627550885018358657e-12 -5.045590699276491322e-12 -2.381371473061375838e-12 -1.159607546135577799e-11 -8.306158406562231105e-13 -5.132182821152580279e-12 5.013296660015269949e-12 4.476267892778129489e-12
1.323935151890336090e-10 -1.107970593188136996e-11 6.136918286178998830e-11 7.865830727395876679e-10 7.603176324763320019e-11 3.437770438235461037e-11 3.656277985546364886e-12 -2.630786604651028575e-12 6.872722690197140081e-12 1.477773320806582170e-11 1.530504126494383717e-11 -1.078886048951693534e-11 -8.515590332813013159e-12 2.146859430898800314e-13 1.264996506298424159e-11 -2.435164619383284647e-12 -4.532947187543082033e-12 -3.022435930794286861e-13 -9.043080626308106604e-13 3.234742455087203387e-12 5.741151659507740957e-12 4.852498468095067933e-12 1.235956623506475711e-12 9.484844941582907590e-13 4.088413718268134447e-12 4.252469737704586750e-13
7.571409098705480993e-11 -6.516294653844187554e-12 1.060749051101756104e-11 7.603176324763320019e-11 5.567804782027404108e-10 4.576193704846894432e-11 9.110784696120562071e-12 -1.980614755298655961e-11 -1.259937014574652707e-13 1.306178233882642919e-11 1.855284942533708511e-11 -1.164172713379683385e-11 -5.994464829578810464e-12 -3.143730388745403409e-12 -3.369132529968910742e-12 -7.579134569699005020e-12 -1.395683991240418163e-11 -6.119368782080248925e-12 -1.291532746819117367e-12 -8.610669538973118843e-12 -6.248885585091834415e-12 -8.812766185452628666e-12 2.504218462594864073e-13 9.213806206578371646e-13 1.271494757853966606e-12 4.735846470530959079e-12
-3.533401320176655955e-11 -1.363270086073103584e-11 -1.531745022755575470e-11 3.437770438235461037e-11 4.576193704846894432e-11 4.095155612919525843e-10 1.204462039630794502e-11 3.103045456628274089e-11 1.649966376981965717e-11 1.301591854759225829e-11 1.291009185114638209e-11 -3.942992427047938981e-13 -7.559077881745133761e-12 -9.589743381766032286e-13 -3.483273634008104340e-12 -2.547853738286973526e-12 -8.214544744571242487e-12 -2.726033063786730736e-12 1.071704410822492753e-12 5.511008206753949222e-12 4.372653064842630125e-12 5.302788820242452525e-12 4.344433809267607254e-12 1.115920959813250026e-12 -2.107088253900652837e-12 -3.308200827394620474e-12
1.138881584510888754e-10 -1.193146365001603250e-11 -4.232531850638529106e-11 3.656277985546364886e-12 9.110784696120562071e-12 1.204462039630794502e-11 2.391349988558080237e-10 2.600829783941016614e-11 -1.604471117266224953e-12 1.755515146720107503e-11 5.540017665588299334e-12 -7.724408919891264668e-12 1.166401280948532138e-12 4.903680669768051070e-12 -6.401554529360118393e-12 -9.224405699670258880e-12 -1.081922233009429575e-11 -7.603240935908096120e-12 -5.958937906719434141e-12 -2.939526775039705732e-12 -1.337465070551264883e-12 -2.879652295633872406e-12 -8.250374878193355393e-14 6.485889249817893809e-14 7.174378214473675912e-14 3.611004364834245887e-12
1.210121262142502252e-10 -2.564981694154724419e-11 -6.068635202394907729e-13 -2.630786604651028575e-12 -1.980614755298655961e-11 3.103045456628274089e-11 2.600829783941016614e-11 1.941922909047874157e-10 3.803756653749863632e-11 2.316722997429786948e-11 9.779008126610481150e-12 -3.064665896648311174e-12 -3.410956169999732023e-12 6.993527972214084809e-12 2.487177176120817103e-12 9.083468852658640086e-13 -2.743453805435577239e-12 2.066327903069252593e-12 -4.552452281506505919e-12 1.138366170840789607e-12 1.407416710544777874e-12 -2.032762927778081226e-12 2.267160111297644380e-12 1.486279086628934671e-12 -5.572383896698945087e-13 -1.006656971406454935e-12
3.518992780545773811e-11 9.950147557437536888e-13 1.375536497614344483e-11 6.872722690197140081e-12 -1.259937014574652707e-13 1.649966376981965717e-11 -1.604471117266224953e-12 3.803756653749863632e-11 1.230363106212769517e-10 1.888877111009621146e-11 1.138887491418496704e-11 5.510670706833838241e-12 -6.045066269012971416e-12 1.530888189862635752e-12 -1.809344500936956745e-12 2.295924381541182399e-13 -1.097379816635998390e-12 7.020609299101211628e-12 6.534723023184632569e-12 4.190363697341916942e-12 5.495688922774676718e-13 1.299901885381749610e-12 5.186481444136278281e-14 6.633038661071098011e-13 -5.762351996365924879e-13 -2.093369931604346883e-12
3.571416939103316984e-11 -2.070804098416144497e-11 -2.792035554445051862e-11 1.477773320806582170e-11 1.306178233882642919e-11 1.301591854759225829e-11 1.755515146720107503e-11 2.316722997429786948e-11 1.888877111009621146e-11 8.982830864379739202e-11 1.493639616359663374e-11 1.059689233894658928e-11 7.331236805626991781e-12 4.713888331850586708e-12 -1.382801854359970440e-12 -3.432946687729826493e-13 -1.130082771134327870e-12 -2.178376720688713222e-12 -3.275224004063920719e-12 2.306609659215589521e-12 2.278448855828342458e-12 5.024354746401676395e-14 -1.055235843880018291e-13 4.179958823677512604e-13 -7.841772950311109680e-13 -1.633175389575412795e-12
-2.480454613002873543e-11 -2.445809332281884664e-11 -1.295145948956257883e-11 1.530504126494383717e-11 1.855284942533708511e-11 1.291009185114638209e-11 5.540017665588299334e-12 9.779008126610481150e-12 1.138887491418496704e-11 1.493639616359663374e-11 6.114277111492676680e-11 1.421735900777184264e-11 4.920970380714958740e-13 9.059765550779036251e-13 -2.504750379257889201e-12 -1.684896546055411986e-12 -6.972747682135301991e-13 -8.309743591602192366e-13 -3.261929516174972961e-12 -3.009217452257614309e-12 -3.872954723083041921e-12 -2.194895359361683639e-12 -7.648689142630432151e-13 1.341474158303176295e-12 1.196604934014352173e-12 -4.828675685723065708e-13
-1.801984737813950212e-11 1.447122485354433865e-12 1.570107815366850575e-11 -1.078886048951693534e-11 -1.164172713379683385e-11 -3.942992427047938981e-13 -7.724408919891264668e-12 -3.064665896648311174e-12 5.510670706833838241e-12 1.059689233894658928e-11 1.421735900777184264e-11 4.802818943232816634e-11 1.213388090137986540e-11 7.492666487523135018e-12 1.037952823712493276e-13 -2.713980594647894309e-12 1.647916233836848993e-12 9.968800960142138065e-13 -1.706032485758450812e-13 -1.070599401610869982e-12 -1.771973576705015855e-13 9.297955500103585311e-13 -6.287049709508685885e-13 -6.114362178951813425e-13 3.913717039072025164e-13 -6.191506910067475252e-13
-2.370132931490266155e-11 1.321776564216898102e-11 2.443245708516707785e-11 -8.515590332813013159e-12 -5.994464829578810464e-12 -7.559077881745133761e-12 1.166401280948532138e-12 -3.410956169999732023e-12 -6.045066269012971416e-12 7.331236805626991781e-12 4.920970380714958740e-13 1.213388090137986540e-11 3.872076263358475161e-11 1.161786867825876778e-11 8.864603010300279298e-12 5.001738186507078136e-12 5.539044264422476625e-12 1.507372619923934044e-12 2.112951780147734797e-12 -2.189025180141445358e-13 -7.623746078717431724e-13 3.160158337504708312e-13 8.071304108179684634e-13 1.028020520879170361e-12 1.266523821258576995e-12 2.934751968206894451e-13
1.447414176729684356e-11 -7.670822304667616153e-13 4.828173869769520730e-12 2.146859430898800314e-13 -3.143730388745403409e-12 -9.589743381766032286e-13 4.903680669768051070e-12 6.993527972214084809e-12 1.530888189862635752e-12 4.713888331850586708e-12 9.059765550779036251e-13 7.492666487523135018e-12 1.161786867825876778e-11 2.625856765510027965e-11 1.173039203270474839e-11 7.280256407464076235e-12 2.725548993449738545e-12 2.535311646453602237e-12 2.168067773286857250e-12 5.311576379375087506e-13 1.795201777114207083e-12 8.901569651298373673e-13 2.833703571300255457e-13 -3.909753138719081631e-13 1.221589213019222440e-12 -5.414120840676523232e-13
-1.424780489935914701e-11 1.989731908558819432e-11 1.460001669357569201e-11 1.264996506298424159e-11 -3.369132529968910742e-12 -3.483273634008104340e-12 -6.401554529360118393e-12 2.487177176120817103e-12 -1.809344500936956745e-12 -1.382801854359970440e-12 -2.504750379257889201e-12 1.037952823712493276e-13 8.864603010300279298e-12 1.173039203270474839e-11 2.603479073708283238e-11 1.415898738260136870e-11 5.204504100070346129e-12 4.478535695311616181e-12 2.055504517938668559e-12 1.273054706015241460e-12 1.596396151574994035e-12 2.790571188057056738e-13 1.503540393225958765e-12 9.622924956388562587e-14 1.087560566534816315e-13 -9.491616297951513653e-13
-1.394571412640827127e-11 1.204302268885741474e-11 -2.735202844301791389e-12 -2.435164619383284647e-12 -7.579134569699005020e-12 -2.547853738286973526e-12 -9.224405699670258880e-12 9.083468852658640086e-13 2.295924381541182399e-13 -3.432946687729826493e-13 -1.684896546055411986e-12 -2.713980594647894309e-12 5.001738186507078136e-12 7.280256407464076235e-12 1.415898738260136870e-11 2.622291923352592694e-11 1.226590478854800068e-11 6.503020123844276378e-12 5.204302857896873162e-12 2.710981913597782692e-12 3.220947440019613611e-12 2.397913769023168100e-12 3.032845937884137369e-12 1.469281003190454149e-12 2.008209343896217509e-13 -9.023662208298177759e-13
-5.624037815584893237e-12 1.029513385975690529e-11 -5.014844754053585648e-12 -4.532947187543082033e-12 -1.395683991240418163e-11 -8.214544744571242487e-12 -1.081922233009429575e-11 -2.743453805435577239e-12 -1.097379816635998390e-12 -1.130082771134327870e-12 -6.972747682135301991e-13 1.647916233836848993e-12 5.539044264422476625e-12 2.725548993449738545e-12 5.204504100070346129e-12 1.226590478854800068e-11 2.226293548285630767e-11 1.069000446480966724e-11 5.628897902856591885e-12 2.988957047663296894e-12 2.198974152930982671e-12 1.963249532258185817e-12 1.400983127697573040e-12 1.156829300437397451e-14 2.452020650521057202e-13 6.690156836935066421e-14
1.318795979345442304e-11 6.128978414502066570e-12 5.252916725228632968e-12 -3.022435930794286861e-13 -6.119368782080248925e-12 -2.726033063786730736e-12 -7.603240935908096120e-12 2.066327903069252593e-12 7.020609299101211628e-12 -2.178376720688713222e-12 -8.309743591602192366e-13 9.968800960142138065e-13 1.507372619923934044e-12 2.535311646453602237e-12 4.478535695311616181e-12 6.503020123844276378e-12 1.069000446480966724e-11 1.996362071972225824e-11 9.882690755318648350e-12 4.123138243326916640e-12 3.413738776409856705e-12 2.552649306286808564e-12 1.502466331836224436e-13 -1.005614296655858681e-12 8.201169574681473504e-13 -6.477183779495034785e-13
2.144856065377855418e-12 -1.517073146404807130e-11 7.627550885018358657e-12 -9.043080626308106604e-13 -1.291532746819117367e-12 1.071704410822492753e-12 -5.958937906719434141e-12 -4.552452281506505919e-12 6.534723023184632569e-12 -3.275224004063920719e-12 -3.261929516174972961e-12 -1.706032485758450812e-13 2.112951780147734797e-12 2.168067773286857250e-12 2.055504517938668559e-12 5.204302857896873162e-12 5.628897902856591885e-12 9.882690755318648350e-12 1.662030514546780626e-11 8.453889638616608838e-12 5.318347084010313400e-12 3.095766459656433583e-12 2.122551484737161348e-13 -9.128672997767308898e-13 3.587180480389528744e-13 -4.130497369924412813e-13
2.006262461626586316e-11 1.918179999301361691e-11 -5.045590699276491322e-12 3.234742455087203387e-12 -8.610669538973118843e-12 5.511008206753949222e-12 -2.939526775039705732e-12 1.138366170840789607e-12 4.190363697341916942e-12 2.306609659215589521e-12 -3.009217452257614309e-12 -1.070599401610869982e-12 -2.189025180141445358e-13 5.311576379375087506e-13 1.273054706015241460e-12 2.710981913597782692e-12 2.988957047663296894e-12 4.123138243326916640e-12 8.453889638616608838e-12 1.489154117319255063e-11 6.726821154095657237e-12 2.777402315244347763e-12 2.120216092043143395e-13 -6.471619056940300502e-13 1.976538039430915921e-13 -1.015531002625415110e-12
1.443366156500714789e-11 2.054502139620510016e-11 -2.381371473061375838e-12 5.741151659507740957e-12 -6.248885585091834415e-12 4.372653064842630125e-12 -1.337465070551264883e-12 1.407416710544777874e-12 5.495688922774676718e-13 2.278448855828342458e-12 -3.872954723083041921e-12 -1.771973576705015855e-13 -7.623746078717431724e-13 1.795201777114207083e-12 1.596396151574994035e-12 3.220947440019613611e-12 2.198974152930982671e-12 3.413738776409856705e-12 5.318347084010313400e-12 6.726821154095657237e-12 1.203629187547032859e-11 5.298165486166526743e-12 7.585745609471401331e-13 -1.558072982168550242e-13 2.999529877726473502e-13 -1.100397040567467170e-12
3.567484071052051508e-12 3.949081166213982220e-13 -1.159607546135577799e-11 4.852498468095067933e-12 -8.812766185452628666e-12 5.302788820242452525e-12 -2.879652295633872406e-12 -2.032762927778081226e-12 1.299901885381749610e-12 5.024354746401676395e-14 -2.194895359361683639e-12 9.297955500103585311e-13 3.160158337504708312e-13 8.901569651298373673e-13 2.790571188057056738e-13 2.397913769023168100e-12 1.963249532258185817e-12 2.552649306286808564e-12 3.095766459656433583e-12 2.777402315244347763e-12 5.298165486166526743e-12 9.161239842022888845e-12 3.314006261905510176e-12 8.749318139122934883e-13 -6.011171867724856236e-14 -8.560171709968113685e-13
5.848761161247818871e-14 -5.268437040975886061e-12 -8.306158406562231105e-13 1.235956623506475711e-12 2.504218462594864073e-13 4.344433809267607254e-12 -8.250374878193355393e-14 2.267160111297644380e-12 5.186481444136278281e-14 -1.055235843880018291e-13 -7.648689142630432151e-13 -6.287049709508685885e-13 8.071304108179684634e-13 2.833703571300255457e-13 1.503540393225958765e-12 3.032845937884137369e-12 1.400983127697573040e-12 1.502466331836224436e-13 2.122551484737161348e-13 2.120216092043143395e-13 7.585745609471401331e-13 3.314006261905510176e-12 7.807780521033235155e-12 2.616499232486288239e-12 -2.187803792780213325e-13 -8.158477194729957382e-13
1.652981892791046823e-12 -5.316632982055942548e-12 -5.132182821152580279e-12 9.484844941582907590e-13 9.213806206578371646e-13 1.115920959813250026e-12 6.485889249817893809e-14 1.486279086628934671e-12 6.633038661071098011e-13 4.179958823677512604e-13 1.341474158303176295e-12 -6.114362178951813425e-13 1.028020520879170361e-12 -3.909753138719081631e-13 9.622924956388562587e-14 1.469281003190454149e-12 1.156829300437397451e-14 -1.005614296655858681e-12 -9.128672997767308898e-13 -6.471619056940300502e-13 -1.558072982168550242e-13 8.749318139122934883e-13 2.616499232486288239e-12 5.821242105219962376e-12 6.930166211684564685e-13 -2.220137737494959394e-13
3.008823246868867487e-13 4.710421072697607036e-13 5.013296660015269949e-12 4.088413718268134447e-12 1.271494757853966606e-12 -2.107088253900652837e-12 7.174378214473675912e-14 -5.572383896698945087e-13 -5.762351996365924879e-13 -7.841772950311109680e-13 1.196604934014352173e-12 3.913717039072025164e-13 1.266523821258576995e-12 1.221589213019222440e-12 1.087560566534816315e-13 2.008209343896217509e-13 2.452020650521057202e-13 8.201169574681473504e-13 3.587180480389528744e-13 1.976538039430915921e-13 2.999529877726473502e-13 -6.011171867724856236e-14 -2.187803792780213325e-13 6.930166211684564685e-13 3.254471220025201567e-12 5.839818513865250090e-13
5.423731731535847794e-12 3.333029482677356985e-12 4.476267892778129489e-12 4.252469737704586750e-13 4.735846470530959079e-12 -3.308200827394620474e-12 3.611004364834245887e-12 -1.006656971406454935e-12 -2.093369931604346883e-12 -1.633175389575412795e-12 -4.828675685723065708e-13 -6.191506910067475252e-13 2.934751968206894451e-13 -5.414120840676523232e-13 -9.491616297951513653e-13 -9.023662208298177759e-13 6.690156836935066421e-14 -6.477183779495034785e-13 -4.130497369924412813e-13 -1.015531002625415110e-12 -1.100397040567467170e-12 -8.560171709968113685e-13 -8.158477194729957382e-13 -2.220137737494959394e-13 5.839818513865250090e-13 2.749783379607046592e-12
