3.955244111302778435e-09 -2.508638688554570422e-10 -3.057159533717497938e-10 -1.372189625249012103e-10 -5.707550113084462389e-11 -1.817363450796559557e-11 2.296694119739208145e-11 -9.758586064570376196e-11 -6.317319759140805971e-11 2.242901846619976442e-11 -6.439101589456697764e-12 5.187938667204190038e-11 -1.196871775132724263e-12 1.584512180510567587e-11 1.660219339545236689e-11 3.232399952216886341e-11 6.015577213237403755e-12 2.121838086393838065e-11 1.300857299185476936e-11 3.271529323115841528e-11 1.346266253451124030e-11 -1.023031029018911734e-11 -4.498902958645341010e-12 -3.236742422060373764e-12 -2.207960929143852583e-11 -2.045523020830075178e-12
-2.508638688554570422e-10 3.043180564855056620e-09 2.677466421977862707e-10 5.929013577985643677e-11 1.246784987291955905e-10 1.369003075970754740e-10 -2.255521935983073999e-11 -4.056196398218603508e-11 -8.638937117841952724e-11 -1.910191255253232741e-11 -2.649077067928264382e-11 -5.184190871745212034e-11 -2.058184394390418429e-11 9.404160408700692019e-13 1.930357906330929111e-11 -2.284209955672947044e-11 -8.822144396404601634e-12 -1.224870870460528512e-11 -2.241402368278840342e-11 -3.402657005181704773e-12 1.528173613067624670e-11 1.432346473070242597e-11 8.157133252587964052e-12 8.451491957367399522e-12 1.691774176388869324e-12 -1.504648272752709521e-11
-3.057159533717497938e-10 2.677466421977862707e-10 2.192626129859517883e-09 -8.258517886375081447e-11 -5.778179897151994962e-11 1.536664342482927243e-11 4.484459373798463393e-11 -1.431675394945645895e-11 1.282381699704239195e-11 5.869737259102824743e-11 6.053378207564982445e-11 1.162316113962947205e-11 2.155833156197622057e-11 6.720445149456104243e-12 2.283436267491547489e-11 -9.983523127014638409e-12 7.679656789501671037e-12 -1.155913747452925236e-11 -8.784900654777032085e-12 -7.374837562322149618e-12 -1.509774086453563569e-11 1.998186295554511946e-12 2.882763636055727511e-12 1.112710479848295768e-11 6.190537286673383675e-12 -6.142653257993196652e-12
-1.372189625249012103e-10 5.929013577985643677e-11 -8.258517886375081447e-11 1.271725763450122818e-09 8.500977244113134608e-11 7.120158991216398866e-11 2.481655560998685861e-11 7.627110151952491786e-11 1.716748856480764445e-11 -5.068338312610000184e-11 -2.917463680899059613e-11 -1.220641132307224533e-11 -1.468872935939527712e-11 -9.719961599236871186e-12 -2.412685305365954970e-11 -4.095065251999526895e-12 -5.256983649111108168e-12 -1.800354903200079970e-11 -2.058521066678120985e-11 -1.464605968070249278e-11 -6.168206608824327317e-13 -4.227005847277780721e-12 5.267117123932961076e-12 5.565364327119457357e-12 -4.481111852136335230e-12 2.141126926880825372e-12
-5.707550113084462389e-11 1.246784987291955905e-10 -5.778179897151994962e-11 8.500977244113134608e-11 8.215724698019476586e-10 9.024126238991676699e-11 2.955089841302422927e-11 2.234268333283838385e-11 5.885899933215183986e-12 9.032781260766055892e-12 -1.701226754453242013e-11 -9.400099108655417787e-12 8.422678608494776752e-12 4.486259388294066691e-12 4.591400626842577492e-12 1.174679148862729321e-11 -1.819258539813068440e-12 1.916657893843068956e-12 4.117136236860237404e-12 -5.430972934253441213e-12 -1.162691090531948048e-11 -1.137329139141678976e-11 3.751939260110516986e-12 -1.079019969391814772e-12 7.786189101471748636e-13 -4.082055251429078263e-12
-1.817363450796559557e-11 1.369003075970754740e-10 1.536664342482927243e-11 7.120158991216398866e-11 9.024126238991676699e-11 5.409815323378227413e-10 1.544097545967143743e-11 2.053956949829268509e-12 5.747969406173432634e-14 2.050335902815517688e-11 5.107085415888864840e-12 -1.646075397774785884e-11 -2.253949387149393675e-11 -7.488300834578973214e-12 -1.657976025392684424e-11 -9.876535568224012798e-12 7.440546972484791454e-12 -4.756187248353829176e-12 3.530234641616046129e-12 3.685072169511091394e-12 1.388195945445393789e-11 4.337412031410976249e-12 8.067198770098630437e-12 1.307141686768874107e-12 3.108801813693355130e-12 -4.021391001612364305e-12
2.296694119739208145e-11 -2.255521935983073999e-11 4.484459373798463393e-11 2.481655560998685861e-11 2.955089841302422927e-11 1.544097545967143743e-11 3.747328096323359130e-10 4.403711918212159775e-11 2.297494491436120349e-11 2.058523530090065686e-11 1.680783678560789398e-11 2.485689327165281869e-12 -6.668054417351008547e-12 -2.043531757013753996e-11 -1.914150477145224972e-11 -1.920784539685823976e-11 -4.026819872362541008e-12 -8.852985070958411692e-13 -1.100250640529824498e-12 -1.339149744855011827e-13 -7.647883407143042718e-13 -9.080561781985593837e-13 3.615156149338049841e-12 1.181229614530853839e-11 3.451394639179947430e-13 3.634585580302856630e-12
-9.758586064570376196e-11 -4.056196398218603508e-11 -1.431675394945645895e-11 7.627110151952491786e-11 2.234268333283838385e-11 2.053956949829268509e-12 4.403711918212159775e-11 2.556448795753297466e-10 4.713610921407383948e-11 7.041054022584848366e-12 3.766788098893391538e-12 -5.404891932104651358e-12 -2.344492290647790531e-12 -2.196381861442114597e-12 -8.747506127980589774e-12 -2.153606070144703759e-12 -1.316005705778261470e-11 -8.679001538889220914e-12 -3.313989972073893096e-12 -3.591793774552502300e-12 5.769418097686963074e-12 -2.148964945863181095e-12 -1.033103210248377615e-13 -1.201716001438806930e-12 6.376053680187295443e-12 2.109199619745766243e-12
-6.317319759140805971e-11 -8.638937117841952724e-11 1.282381699704239195e-11 1.716748856480764445e-11 5.885899933215183986e-12 5.747969406173432634e-14 2.297494491436120349e-11 4.713610921407383948e-11 1.925124294729672848e-10 2.229553381685300061e-11 -2.758497853781328115e-12 1.079401420714933291e-11 -3.235306920887896673e-12 1.093801706303065756e-11 -1.610938557069908425e-12 -2.477214532816709256e-12 -1.780442133712615894e-12 -8.535217312942520140e-13 5.149866381813343801e-12 1.587682431356710284e-12 1.251654925076882600e-12 -1.571156407696083455e-12 -6.061072736179728166e-12 -7.792042215979133421e-12 1.711285704520227021e-12 4.709129481136360865e-12
2.242901846619976442e-11 -1.910191255253232741e-11 5.869737259102824743e-11 -5.068338312610000184e-11 9.032781260766055892e-12 2.050335902815517688e-11 2.058523530090065686e-11 7.041054022584848366e-12 2.229553381685300061e-11 1.352424022238252963e-10 3.029623742071896217e-11 1.981622090180235089e-11 1.107307317049495265e-11 2.797863787401818872e-12 2.818618591308773277e-12 1.867892590083307176e-12 2.548343843836103950e-12 6.942773832752480587e-12 4.273456357677601419e-12 7.369738056050304491e-12 -2.445265423547224391e-12 -9.725742759276295496e-13 -3.675451610788834506e-12 -2.260061885428083256e-12 3.176071818660709181e-12 2.098436992480916496e-12
-6.439101589456697764e-12 -2.649077067928264382e-11 6.053378207564982445e-11 -2.917463680899059613e-11 -1.701226754453242013e-11 5.107085415888864840e-12 1.680783678560789398e-11 3.766788098893391538e-12 -2.758497853781328115e-12 3.029623742071896217e-11 1.021780994926583660e-10 2.636641523101315344e-11 1.644976048441635616e-11 5.251970861175237512e-12 4.406248722732564859e-12 3.695456451038331447e-12 -9.937757580587083172e-14 2.615912340294548965e-12 1.943979939829447160e-12 3.152829012259180018e-12 -3.465466168229195479e-12 -5.653232206811376135e-12 -6.704385273183903326e-14 -3.376046452010589210e-13 1.310851780167094594e-12 1.075792619417875543e-12
5.187938667204190038e-11 -5.184190871745212034e-11 1.162316113962947205e-11 -1.220641132307224533e-11 -9.400099108655417787e-12 -1.646075397774785884e-11 2.485689327165281869e-12 -5.404891932104651358e-12 1.079401420714933291e-11 1.981622090180235089e-11 2.636641523101315344e-11 7.698346069919123670e-11 2.643327483203751257e-11 1.129180113258454733e-11 2.179937357189001444e-12 8.893804053292421019e-12 6.958126132233260008e-12 4.630148716457774969e-12 5.390680518085051704e-12 2.326289856399786631e-12 -5.819774018999384905e-12 -5.167039731879573515e-12 -3.800982619276658306e-12 4.501294669981168038e-13 1.750854705423341472e-12 1.102428401211012272e-12
-1.196871775132724263e-12 -2.058184394390418429e-11 2.155833156197622057e-11 -1.468872935939527712e-11 8.422678608494776752e-12 -2.253949387149393675e-11 -6.668054417351008547e-12 -2.344492290647790531e-12 -3.235306920887896673e-12 1.107307317049495265e-11 1.644976048441635616e-11 2.643327483203751257e-11 5.939359427310322559e-11 2.530854366694834147e-11 8.354112438046648474e-12 9.612882375393432917e-12 4.724886925404081280e-12 1.785660239408528041e-12 3.290335282549677846e-12 2.108018464087278472e-12 -2.475397055427873601e-12 -2.582178453576851070e-12 -1.276560824751739628e-12 -3.215280177422639053e-13 3.114682983097848905e-12 1.124038443502297509e-13
1.584512180510567587e-11 9.404160408700692019e-13 6.720445149456104243e-12 -9.719961599236871186e-12 4.486259388294066691e-12 -7.488300834578973214e-12 -2.043531757013753996e-11 -2.196381861442114597e-12 1.093801706303065756e-11 2.797863787401818872e-12 5.251970861175237512e-12 1.129180113258454733e-11 2.530854366694834147e-11 5.300331227644325362e-11 2.118317285759800544e-11 1.359293609181128373e-11 5.882457355960685348e-12 1.689789622436831428e-12 1.846488926409984210e-12 -7.251456593626636931e-13 -2.320095039218761095e-12 4.626217355263684600e-13 8.381165825395382371e-13 -1.050796205299082131e-12 2.319985614399327436e-12 -3.068252021579742397e-13
1.660219339545236689e-11 1.930357906330929111e-11 2.283436267491547489e-11 -2.412685305365954970e-11 4.591400626842577492e-12 -1.657976025392684424e-11 -1.914150477145224972e-11 -8.747506127980589774e-12 -1.610938557069908425e-12 2.818618591308773277e-12 4.406248722732564859e-12 2.179937357189001444e-12 8.354112438046648474e-12 2.118317285759800544e-11 4.009946153642896806e-11 1.825115151433409721e-11 5.765729636821561348e-12 4.138460860248957423e-12 1.589633208240010959e-12 -1.378015721482111295e-12 -5.320418920537593490e-12 -1.008824536329386892e-12 1.824295129454126295e-12 1.202572536304619451e-12 -4.521377939173425721e-14 -6.481029821544936659e-13
3.232399952216886341e-11 -2.284209955672947044e-11 -9.983523127014638409e-12 -4.095065251999526895e-12 1.174679148862729321e-11 -9.876535568224012798e-12 -1.920784539685823976e-11 -2.153606070144703759e-12 -2.477214532816709256e-12 1.867892590083307176e-12 3.695456451038331447e-12 8.893804053292421019e-12 9.612882375393432917e-12 1.359293609181128373e-11 1.825115151433409721e-11 3.617169875475832692e-11 1.722434594071943691e-11 1.043943651028117101e-11 4.814068137674047645e-12 2.061084157406365896e-12 -3.091917322402072565e-12 -3.440689318422793284e-12 -1.258106421135424834e-12 -9.515807112881921941e-13 -8.698806232766036083e-13 -1.082396099761646859e-12
6.015577213237403755e-12 -8.822144396404601634e-12 7.679656789501671037e-12 -5.256983649111108168e-12 -1.819258539813068440e-12 7.440546972484791454e-12 -4.026819872362541008e-12 -1.316005705778261470e-11 -1.780442133712615894e-12 2.548343843836103950e-12 -9.937757580587083172e-14 6.958126132233260008e-12 4.724886925404081280e-12 5.882457355960685348e-12 5.765729636821561348e-12 1.722434594071943691e-11 3.146252188161249129e-11 1.600279150472820514e-11 8.336685490532964661e-12 4.737925392090055461e-12 -3.458869228161839569e-13 -6.168786143741676098e-13 -3.080057488102297213e-13 -8.709629015123811201e-13 -7.581103867159974524e-14 -4.998819204866880893e-15
2.121838086393838065e-11 -1.224870870460528512e-11 -1.155913747452925236e-11 -1.800354903200079970e-11 1.916657893843068956e-12 -4.756187248353829176e-12 -8.852985070958411692e-13 -8.679001538889220914e-12 -8.535217312942520140e-13 6.942773832752480587e-12 2.615912340294548965e-12 4.630148716457774969e-12 1.785660239408528041e-12 1.689789622436831428e-12 4.138460860248957423e-12 1.043943651028117101e-11 1.600279150472820514e-11 2.326144941759404970e-11 1.375475180265160092e-11 6.295859927940552509e-12 7.361446001991764091e-13 -1.175144135855693123e-12 -1.267403576268826675e-12 -1.123411693635837286e-12 -3.082672353257333727e-13 8.019798845970364160e-14
1.300857299185476936e-11 -2.241402368278840342e-11 -8.784900654777032085e-12 -2.058521066678120985e-11 4.117136236860237404e-12 3.530234641616046129e-12 -1.100250640529824498e-12 -3.313989972073893096e-12 5.149866381813343801e-12 4.273456357677601419e-12 1.943979939829447160e-12 5.390680518085051704e-12 3.290335282549677846e-12 1.846488926409984210e-12 1.589633208240010959e-12 4.814068137674047645e-12 8.336685490532964661e-12 1.375475180265160092e-11 2.735661888437976969e-11 1.301319830518336590e-11 4.431170646483307826e-12 3.199921905013785138e-15 -2.224280659348085092e-12 -2.581968734235986734e-12 -2.888215952181883716e-13 -1.399515575643875236e-12
3.271529323115841528e-11 -3.402657005181704773e-12 -7.374837562322149618e-12 -1.464605968070249278e-11 -5.430972934253441213e-12 3.685072169511091394e-12 -1.339149744855011827e-13 -3.591793774552502300e-12 1.587682431356710284e-12 7.369738056050304491e-12 3.152829012259180018e-12 2.326289856399786631e-12 2.108018464087278472e-12 -7.251456593626636931e-13 -1.378015721482111295e-12 2.061084157406365896e-12 4.737925392090055461e-12 6.295859927940552509e-12 1.301319830518336590e-11 2.280990013296612053e-11 1.041035780102910237e-11 2.835179057271456684e-12 -7.104955976749019635e-13 -2.377232776773790218e-12 -2.091220856433840829e-12 -1.229806886052382843e-12
1.346266253451124030e-11 1.528173613067624670e-11 -1.509774086453563569e-11 -6.168206608824327317e-13 -1.162691090531948048e-11 1.388195945445393789e-11 -7.647883407143042718e-13 5.769418097686963074e-12 1.251654925076882600e-12 -2.445265423547224391e-12 -3.465466168229195479e-12 -5.819774018999384905e-12 -2.475397055427873601e-12 -2.320095039218761095e-12 -5.320418920537593490e-12 -3.091917322402072565e-12 -3.458869228161839569e-13 7.361446001991764091e-13 4.431170646483307826e-12 1.041035780102910237e-11 2.216498737606646053e-11 1.040954435960879473e-11 1.610355953840384005e-12 -3.076594357250788991e-12 -1.211664632287025950e-12 -2.048922849482366839e-12
-1.023031029018911734e-11 1.432346473070242597e-11 1.998186295554511946e-12 -4.227005847277780721e-12 -1.137329139141678976e-11 4.337412031410976249e-12 -9.080561781985593837e-13 -2.148964945863181095e-12 -1.571156407696083455e-12 -9.725742759276295496e-13 -5.653232206811376135e-12 -5.167039731879573515e-12 -2.582178453576851070e-12 4.626217355263684600e-13 -1.008824536329386892e-12 -3.440689318422793284e-12 -6.168786143741676098e-13 -1.175144135855693123e-12 3.199921905013785138e-15 2.835179057271456684e-12 1.040954435960879473e-11 2.148172718236087264e-11 8.551035125424831053e-12 7.148648810703817850e-13 -1.244943976227194955e-12 -1.134923018451050445e-12
-4.498902958645341010e-12 8.157133252587964052e-12 2.882763636055727511e-12 5.267117123932961076e-12 3.751939260110516986e-12 8.067198770098630437e-12 3.615156149338049841e-12 -1.033103210248377615e-13 -6.061072736179728166e-12 -3.675451610788834506e-12 -6.704385273183903326e-14 -3.800982619276658306e-12 -1.276560824751739628e-12 8.381165825395382371e-13 1.824295129454126295e-12 -1.258106421135424834e-12 -3.080057488102297213e-13 -1.267403576268826675e-12 -2.224280659348085092e-12 -7.104955976749019635e-13 1.610355953840384005e-12 8.551035125424831053e-12 1.849868760917655677e-11 8.943881111692743908e-12 -1.723484250992324589e-12 -1.081757406773884162e-12
-3.236742422060373764e-12 8.451491957367399522e-12 1.112710479848295768e-11 5.565364327119457357e-12 -1.079019969391814772e-12 1.307141686768874107e-12 1.181229614530853839e-11 -1.201716001438806930e-12 -7.792042215979133421e-12 -2.260061885428083256e-12 -3.376046452010589210e-13 4.501294669981168038e-13 -3.215280177422639053e-13 -1.050796205299082131e-12 1.202572536304619451e-12 -9.515807112881921941e-13 -8.709629015123811201e-13 -1.123411693635837286e-12 -2.581968734235986734e-12 -2.377232776773790218e-12 -3.076594357250788991e-12 7.148648810703817850e-13 8.943881111692743908e-12 1.448666474709859969e-11 9.624777454474277945e-13 -5.717482555889466434e-13
-2.207960929143852583e-11 1.691774176388869324e-12 6.190537286673383675e-12 -4.481111852136335230e-12 7.786189101471748636e-13 3.108801813693355130e-12 3.451394639179947430e-13 6.376053680187295443e-12 1.711285704520227021e-12 3.176071818660709181e-12 1.310851780167094594e-12 1.750854705423341472e-12 3.114682983097848905e-12 2.319985614399327436e-12 -4.521377939173425721e-14 -8.698806232766036083e-13 -7.581103867159974524e-14 -3.082672353257333727e-13 -2.888215952181883716e-13 -2.091220856433840829e-12 -1.211664632287025950e-12 -1.244943976227194955e-12 -1.723484250992324589e-12 9.624777454474277945e-13 9.929737620715236231e-12 1.985205854227452536e-12
-2.045523020830075178e-12 -1.504648272752709521e-11 -6.142653257993196652e-12 2.141126926880825372e-12 -4.082055251429078263e-12 -4.021391001612364305e-12 3.634585580302856630e-12 2.109199619745766243e-12 4.709129481136360865e-12 2.098436992480916496e-12 1.075792619417875543e-12 1.102428401211012272e-12 1.124038443502297509e-13 -3.068252021579742397e-13 -6.481029821544936659e-13 -1.082396099761646859e-12 -4.998819204866880893e-15 8.019798845970364160e-14 -1.399515575643875236e-12 -1.229806886052382843e-12 -2.048922849482366839e-12 -1.134923018451050445e-12 -1.081757406773884162e-12 -5.717482555889466434e-13 1.985205854227452536e-12 8.287323033171833191e-12
