3.069719653671751255e-09 8.402018399658528275e-11 -1.355781678096201436e-11 5.317265882573622454e-11 4.664978028947665443e-11 6.681946764323738781e-11 -3.959689477111413090e-11 -1.481613665193147440e-11 9.691937219544447009e-12 -1.655756315565382733e-11 -3.938471925871649264e-11 5.221816426683156657e-12 8.514759157749030275e-12 -5.572321959499966724e-12 1.738932478686452900e-11 -1.024502272206018744e-11 -1.623986368657292555e-11 -3.946535808498349673e-12 -1.729121174276401382e-11 -3.480651619984398521e-11 -1.029282822979462727e-11 2.032150759780296804e-12 5.430263876053938508e-12 -9.383843460120809756e-12 -4.472532783282298671e-12 1.922031330699249942e-11
8.402018399658528275e-11 2.252551202356484549e-09 8.443148228838272544e-12 8.385139123589534930e-11 5.989768335438210886e-11 -3.833683666981063451e-11 -9.834741631485391135e-13 8.397544991337565342e-12 3.744444570222019759e-12 -1.007607337287262538e-11 -3.150430034104912743e-11 4.846701312749990993e-11 -1.610793878868040070e-11 1.195365361694312001e-11 -3.437221303784465719e-12 -1.200900511550852490e-11 3.577111471405371472e-12 1.185949351179197822e-11 -4.072459429873965635e-13 -9.167503922643533796e-12 -3.122705440716527679e-12 -3.806419686873060177e-12 -6.550302429154039901e-12 -9.363735444229303746e-12 -3.495852793580307704e-13 -8.009891185144953577e-13
-1.355781678096201436e-11 8.443148228838272544e-12 1.401782470030342984e-09 7.742604006448913266e-11 4.309759642398829632e-11 4.168649560707760291e-11 -1.700736121194973853e-11 -2.286631553863176130e-11 7.047815370086976815e-12 4.485700863014279042e-11 2.913844371645453413e-11 4.210672973621496210e-11 7.038548227891141319e-11 -1.552372590237652644e-12 7.899298471679255566e-12 -8.199825587996393676e-12 1.111878426544327345e-11 1.347663431674709884e-12 -9.600057466935482940e-12 2.453243507327609503e-12 -5.041811241262497466e-12 4.315416968544642185e-12 -8.573558801001308782e-12 -7.112329009728496706e-12 8.409933844850531381e-12 2.287491673815457711e-12
5.317265882573622454e-11 8.385139123589534930e-11 7.742604006448913266e-11 8.708676056551892844e-10 9.502782701431424386e-11 1.071966025335731564e-10 1.590649127485883115e-11 -3.756798718126391216e-12 2.002600970751459138e-11 -9.483335838539559921e-13 1.015411352210550183e-11 5.356961018344768750e-13 9.313843357069885371e-12 -5.268322474113500003e-12 -3.877258746064394366e-13 1.393412109708624481e-11 -3.535215144324263051e-12 3.208710593858238386e-12 9.711327916315716297e-12 1.641747353131241996e-11 6.198983003068233846e-12 5.164119583383067339e-12 4.255073907978991249e-12 -5.924522275909136908e-13 -3.623906646556765117e-12 -5.020386119707476259e-12
4.664978028947665443e-11 5.989768335438210886e-11 4.309759642398829632e-11 9.502782701431424386e-11 6.082703284721431572e-10 5.475692093411390731e-11 -1.125035984383175219e-11 -2.218543790847350857e-11 7.161310654960223156e-12 4.373505954959181725e-12 6.932689018264669200e-12 1.399470908053515351e-11 1.414166717825055106e-11 9.534878212820643597e-12 8.202756552018023128e-12 -6.006929745531843758e-12 -3.078619753278932154e-12 -1.169135336369654844e-11 -1.148305231829327347e-11 -8.937163419854895207e-13 -1.443812911035066759e-11 -1.149092605092431489e-11 -4.617740194396353379e-13 3.415021422413086477e-12 2.435988402553322262e-12 -1.395976118297861438e-12
6.681946764323738781e-11 -3.833683666981063451e-11 4.168649560707760291e-11 1.071966025335731564e-10 5.475692093411390731e-11 3.904604956709928827e-10 7.757441287601672017e-11 3.650744444703765452e-11 3.833329404901140774e-11 2.784433919069854629e-11 -8.192795488965308255e-12 -8.064001602655180786e-12 -5.988278814252373572e-13 -1.164104805922154724e-11 -4.805133414058924954e-12 7.806792996049366526e-14 -8.814600239225719850e-13 1.281438919681712758e-12 -9.258020479778078791e-13 -7.696300034659159918e-12 -5.684623361006797214e-12 3.172856496924384833e-12 6.207430572662516498e-13 6.326264577422309931e-12 7.687569561037721057e-12 4.596764398785452897e-12
-3.959689477111413090e-11 -9.834741631485391135e-13 -1.700736121194973853e-11 1.590649127485883115e-11 -1.125035984383175219e-11 7.757441287601672017e-11 3.130323548540165801e-10 2.480898885003028482e-11 3.350019415315781816e-11 3.522603541148815878e-11 5.851770641284898360e-12 9.669815196877429280e-12 2.914329279688706643e-12 -2.048990118277645139e-12 -1.303299301696151527e-12 -1.594109682346334175e-12 2.288595552628892288e-12 -3.162839432625240836e-12 -7.574185810271558129e-13 -1.805932695213107112e-12 -5.030789198297255329e-12 -3.789759716605756646e-12 5.264485936785309079e-13 -2.644582986023344609e-13 -2.371301075543565117e-12 3.738347368750780344e-12
-1.481613665193147440e-11 8.397544991337565342e-12 -2.286631553863176130e-11 -3.756798718126391216e-12 -2.218543790847350857e-11 3.650744444703765452e-11 2.480898885003028482e-11 1.809997562057829263e-10 3.668069672603900057e-11 2.059142007848072105e-11 5.051313615907699655e-12 4.946716408488424140e-12 3.249316963815867847e-12 2.411580924556329721e-12 2.933897900031718669e-12 -5.238054229634015936e-12 -4.960736247783571144e-12 -1.770360587455362617e-12 -1.362120860993691734e-12 -6.645829699997327612e-13 1.239102902319310736e-12 3.126793421447898038e-12 3.110514750083588112e-13 2.428053987919632015e-12 1.383538970307154568e-12 7.787654013044735123e-13
9.691937219544447009e-12 3.744444570222019759e-12 7.047815370086976815e-12 2.002600970751459138e-11 7.161310654960223156e-12 3.833329404901140774e-11 3.350019415315781816e-11 3.668069672603900057e-11 1.617451342167671573e-10 4.223138127263790424e-11 2.199594749177511210e-11 1.775660018878098550e-11 -1.657722355620095578e-12 -2.849955214348477824e-12 -3.021618165956774504e-13 3.128429659387864652e-12 -2.632478735913302982e-12 -1.243299038563331401e-12 -1.249497561564968126e-12 5.731040144479318306e-13 1.692185830260624636e-12 -2.578666467836566965e-12 -1.901945046382247194e-12 2.389101193332263058e-13 6.702026457601673547e-13 2.294054890561789548e-12
-1.655756315565382733e-11 -1.007607337287262538e-11 4.485700863014279042e-11 -9.483335838539559921e-13 4.373505954959181725e-12 2.784433919069854629e-11 3.522603541148815878e-11 2.059142007848072105e-11 4.223138127263790424e-11 1.059500299127390090e-10 2.204059208058024349e-11 1.506410951631605825e-11 9.622313573658432666e-12 1.589788574892482898e-12 1.437370374962084369e-12 6.520128138902986404e-15 -2.827632043947316410e-12 -4.897162464281488055e-12 -7.114510152386539084e-12 -6.516135772653959197e-12 -1.712368449107067028e-12 -4.013101195624890098e-12 -1.724729954632414423e-12 -1.114560818120456299e-12 -1.882135873848287855e-12 1.996309720115917168e-13
-3.938471925871649264e-11 -3.150430034104912743e-11 2.913844371645453413e-11 1.015411352210550183e-11 6.932689018264669200e-12 -8.192795488965308255e-12 5.851770641284898360e-12 5.051313615907699655e-12 2.199594749177511210e-11 2.204059208058024349e-11 8.109381030324785393e-11 2.515431537400653907e-11 9.007366254113843508e-12 5.935637938400313760e-12 6.356224561031792338e-12 5.336529057236386770e-12 5.983967834717776355e-12 -7.680888817097809240e-14 -1.199766798122919402e-12 2.856072128356468686e-12 2.300376896502773030e-12 1.784616461369813901e-12 2.113834149624403116e-12 2.518883426312225232e-13 -6.140761983567304593e-13 -7.799802028300471953e-13
5.221816426683156657e-12 4.846701312749990993e-11 4.210672973621496210e-11 5.356961018344768750e-13 1.399470908053515351e-11 -8.064001602655180786e-12 9.669815196877429280e-12 4.946716408488424140e-12 1.775660018878098550e-11 1.506410951631605825e-11 2.515431537400653907e-11 5.957755137836251050e-11 2.173978405965079416e-11 8.464310082418380251e-12 6.985355405225459675e-12 2.717378876968229452e-12 3.763155381811714455e-12 2.154074243602841575e-12 -3.080190575126633308e-12 1.837365910823038265e-12 5.238247038795291458e-13 3.682647284346780552e-13 2.864445653124592258e-12 1.744692492091738683e-12 6.269407493343845441e-13 -1.697792507668688826e-13
8.514759157749030275e-12 -1.610793878868040070e-11 7.038548227891141319e-11 9.313843357069885371e-12 1.414166717825055106e-11 -5.988278814252373572e-13 2.914329279688706643e-12 3.249316963815867847e-12 -1.657722355620095578e-12 9.622313573658432666e-12 9.007366254113843508e-12 2.173978405965079416e-11 5.351908701100312681e-11 2.147868846669667656e-11 1.117632145176826800e-11 3.958750659683314959e-12 3.812871183051595905e-12 7.027064874673979904e-13 -2.115933901985790122e-12 -7.234677564266520972e-13 -7.705274681987261293e-13 -7.915997896179389666e-13 -2.255590043431616960e-12 -2.164486486694862651e-12 -1.884510383581821776e-12 -4.649543035033603215e-13
-5.572321959499966724e-12 1.195365361694312001e-11 -1.552372590237652644e-12 -5.268322474113500003e-12 9.534878212820643597e-12 -1.164104805922154724e-11 -2.048990118277645139e-12 2.411580924556329721e-12 -2.849955214348477824e-12 1.589788574892482898e-12 5.935637938400313760e-12 8.464310082418380251e-12 2.147868846669667656e-11 4.041537989056380119e-11 1.694098412874724807e-11 9.120231681079130017e-12 5.207309526861581359e-12 1.143863002866745925e-12 -3.785583241998596177e-13 8.684097687231161254e-13 -5.301272737502117079e-13 -2.092607259727819228e-12 -6.382062931367983951e-13 -1.445828578220904884e-12 -1.425692152488223084e-12 -1.113119175460691876e-12
1.738932478686452900e-11 -3.437221303784465719e-12 7.899298471679255566e-12 -3.877258746064394366e-13 8.202756552018023128e-12 -4.805133414058924954e-12 -1.303299301696151527e-12 2.933897900031718669e-12 -3.021618165956774504e-13 1.437370374962084369e-12 6.356224561031792338e-12 6.985355405225459675e-12 1.117632145176826800e-11 1.694098412874724807e-11 3.018146775502644877e-11 1.388738063099695372e-11 6.355397810869333895e-12 2.070282936372713595e-12 1.120641322630003490e-13 4.267491692335467831e-12 2.890322349126658317e-12 1.742707237909166600e-12 9.793376146818104187e-13 9.219450073328495681e-13 1.761865952105335136e-12 6.511303450393292782e-13
-1.024502272206018744e-11 -1.200900511550852490e-11 -8.199825587996393676e-12 1.393412109708624481e-11 -6.006929745531843758e-12 7.806792996049366526e-14 -1.594109682346334175e-12 -5.238054229634015936e-12 3.128429659387864652e-12 6.520128138902986404e-15 5.336529057236386770e-12 2.717378876968229452e-12 3.958750659683314959e-12 9.120231681079130017e-12 1.388738063099695372e-11 3.300863374137201408e-11 1.663764918907281187e-11 6.909817780849284173e-12 3.946265794046776593e-12 4.345066295002976947e-12 1.148971080396168984e-12 -6.150099668702186323e-13 -1.006114460821288032e-12 -1.618441266871222810e-13 5.295789492262764908e-13 1.336124852989223674e-12
-1.623986368657292555e-11 3.577111471405371472e-12 1.111878426544327345e-11 -3.535215144324263051e-12 -3.078619753278932154e-12 -8.814600239225719850e-13 2.288595552628892288e-12 -4.960736247783571144e-12 -2.632478735913302982e-12 -2.827632043947316410e-12 5.983967834717776355e-12 3.763155381811714455e-12 3.812871183051595905e-12 5.207309526861581359e-12 6.355397810869333895e-12 1.663764918907281187e-11 3.317367558294888250e-11 1.709452250783103758e-11 3.824961607255606671e-12 5.562265770607312561e-13 -1.931401623433425497e-12 -6.112840161645333934e-13 -4.750348527060675740e-13 -1.704113112917377520e-12 -7.322454128217946772e-13 5.351895769324885100e-13
-3.946535808498349673e-12 1.185949351179197822e-11 1.347663431674709884e-12 3.208710593858238386e-12 -1.169135336369654844e-11 1.281438919681712758e-12 -3.162839432625240836e-12 -1.770360587455362617e-12 -1.243299038563331401e-12 -4.897162464281488055e-12 -7.680888817097809240e-14 2.154074243602841575e-12 7.027064874673979904e-13 1.143863002866745925e-12 2.070282936372713595e-12 6.909817780849284173e-12 1.709452250783103758e-11 2.478194753679999278e-11 1.146960196518391133e-11 2.655211264063025495e-12 2.030143851386443334e-13 1.636589050085551451e-12 4.369844614842633782e-13 -9.386103782196557278e-13 -1.469491586455720413e-13 5.309379561310175501e-13
-1.729121174276401382e-11 -4.072459429873965635e-13 -9.600057466935482940e-12 9.711327916315716297e-12 -1.148305231829327347e-11 -9.258020479778078791e-13 -7.574185810271558129e-13 -1.362120860993691734e-12 -1.249497561564968126e-12 -7.114510152386539084e-12 -1.199766798122919402e-12 -3.080190575126633308e-12 -2.115933901985790122e-12 -3.785583241998596177e-13 1.120641322630003490e-13 3.946265794046776593e-12 3.824961607255606671e-12 1.146960196518391133e-11 2.043892389126095814e-11 8.421016669440016350e-12 2.298190318577258503e-12 1.714549428758596088e-12 -9.826985980976783028e-13 -1.782446367804102276e-12 -2.236344143219620323e-13 1.497572753225190559e-13
-3.480651619984398521e-11 -9.167503922643533796e-12 2.453243507327609503e-12 1.641747353131241996e-11 -8.937163419854895207e-13 -7.696300034659159918e-12 -1.805932695213107112e-12 -6.645829699997327612e-13 5.731040144479318306e-13 -6.516135772653959197e-12 2.856072128356468686e-12 1.837365910823038265e-12 -7.234677564266520972e-13 8.684097687231161254e-13 4.267491692335467831e-12 4.345066295002976947e-12 5.562265770607312561e-13 2.655211264063025495e-12 8.421016669440016350e-12 2.418983525061387094e-11 9.557138779156696383e-12 4.114528396056765521e-12 8.704089340070320717e-13 -7.163331073808187174e-13 2.420784509884054329e-13 1.008139747762321388e-12
-1.029282822979462727e-11 -3.122705440716527679e-12 -5.041811241262497466e-12 6.198983003068233846e-12 -1.443812911035066759e-11 -5.684623361006797214e-12 -5.030789198297255329e-12 1.239102902319310736e-12 1.692185830260624636e-12 -1.712368449107067028e-12 2.300376896502773030e-12 5.238247038795291458e-13 -7.705274681987261293e-13 -5.301272737502117079e-13 2.890322349126658317e-12 1.148971080396168984e-12 -1.931401623433425497e-12 2.030143851386443334e-13 2.298190318577258503e-12 9.557138779156696383e-12 1.694186583607089363e-11 5.985486932603008807e-12 1.228683905057123570e-12 -8.400186772957589418e-13 -2.034980871749222328e-13 9.297121918985075973e-13
2.032150759780296804e-12 -3.806419686873060177e-12 4.315416968544642185e-12 5.164119583383067339e-12 -1.149092605092431489e-11 3.172856496924384833e-12 -3.789759716605756646e-12 3.126793421447898038e-12 -2.578666467836566965e-12 -4.013101195624890098e-12 1.784616461369813901e-12 3.682647284346780552e-13 -7.915997896179389666e-13 -2.092607259727819228e-12 1.742707237909166600e-12 -6.150099668702186323e-13 -6.112840161645333934e-13 1.636589050085551451e-12 1.714549428758596088e-12 4.114528396056765521e-12 5.985486932603008807e-12 1.354288902494740992e-11 3.911134669284358863e-12 1.977194084489752127e-14 8.029981419214833793e-13 9.648819741486622738e-13
5.430263876053938508e-12 -6.550302429154039901e-12 -8.573558801001308782e-12 4.255073907978991249e-12 -4.617740194396353379e-13 6.207430572662516498e-13 5.264485936785309079e-13 3.110514750083588112e-13 -1.901945046382247194e-12 -1.724729954632414423e-12 2.113834149624403116e-12 2.864445653124592258e-12 -2.255590043431616960e-12 -6.382062931367983951e-13 9.793376146818104187e-13 -1.006114460821288032e-12 -4.750348527060675740e-13 4.369844614842633782e-13 -9.826985980976783028e-13 8.704089340070320717e-13 1.228683905057123570e-12 3.911134669284358863e-12 8.468817291002184471e-12 2.077835347316498968e-12 7.928616005021051254e-13 6.020391412389144636e-13
-9.383843460120809756e-12 -9.363735444229303746e-12 -7.112329009728496706e-12 -5.924522275909136908e-13 3.415021422413086477e-12 6.326264577422309931e-12 -2.644582986023344609e-13 2.428053987919632015e-12 2.389101193332263058e-13 -1.114560818120456299e-12 2.518883426312225232e-13 1.744692492091738683e-12 -2.164486486694862651e-12 -1.445828578220904884e-12 9.219450073328495681e-13 -1.618441266871222810e-13 -1.704113112917377520e-12 -9.386103782196557278e-13 -1.782446367804102276e-12 -7.163331073808187174e-13 -8.400186772957589418e-13 1.977194084489752127e-14 2.077835347316498968e-12 8.801996461470029107e-12 3.282738779232030401e-12 5.105990660033708411e-13
-4.472532783282298671e-12 -3.495852793580307704e-13 8.409933844850531381e-12 -3.623906646556765117e-12 2.435988402553322262e-12 7.687569561037721057e-12 -2.371301075543565117e-12 1.383538970307154568e-12 6.702026457601673547e-13 -1.882135873848287855e-12 -6.140761983567304593e-13 6.269407493343845441e-13 -1.884510383581821776e-12 -1.425692152488223084e-12 1.761865952105335136e-12 5.295789492262764908e-13 -7.322454128217946772e-13 -1.469491586455720413e-13 -2.236344143219620323e-13 2.420784509884054329e-13 -2.034980871749222328e-13 8.029981419214833793e-13 7.928616005021051254e-13 3.282738779232030401e-12 6.885394996329752836e-12 9.870743358004821385e-13
1.922031330699249942e-11 -8.009891185144953577e-13 2.287491673815457711e-12 -5.020386119707476259e-12 -1.395976118297861438e-12 4.596764398785452897e-12 3.738347368750780344e-12 7.787654013044735123e-13 2.294054890561789548e-12 1.996309720115917168e-13 -7.799802028300471953e-13 -1.697792507668688826e-13 -4.649543035033603215e-13 -1.113119175460691876e-12 6.511303450393292782e-13 1.336124852989223674e-12 5.351895769324885100e-13 5.309379561310175501e-13 1.497572753225190559e-13 1.008139747762321388e-12 9.297121918985075973e-13 9.648819741486622738e-13 6.020391412389144636e-13 5.105990660033708411e-13 9.870743358004821385e-13 3.625318547749075669e-12
