4.217322321992221147e-09 -8.973167671235215733e-11 -1.331510885153772991e-11 -9.969699561723370673e-12 1.420950408013690736e-10 1.122641754826618083e-10 -2.300172097567791047e-11 -6.731075824400130523e-12 8.160147248631614649e-11 -2.257962540884397414e-11 5.240622635574531629e-11 -4.615741170040747116e-11 6.201922174189408979e-12 -2.172902103417564799e-11 3.276806696577882319e-11 2.283160014555594778e-11 1.948498572495870409e-11 -1.429571561670855267e-12 1.619249217170667677e-11 -4.669343994531107760e-12 2.123531016371435608e-12 1.134424334376898098e-11 6.165938600098000988e-12 6.249616145146182501e-12 -1.686594210089180645e-11 -4.179012654388512124e-12
-8.973167671235215733e-11 2.505423945746811656e-09 -1.542803871211644401e-10 -6.977331385498693650e-11 9.795524494488056644e-11 9.021731405367967916e-11 1.355297473074374351e-11 -1.959488719936442552e-11 -7.892040553415173364e-12 1.361640853903350289e-11 -5.916237373124095998e-11 -3.280311014716901923e-11 -1.608530952311943919e-11 -2.734386338712162193e-11 -1.610230901108400988e-11 -3.888866677754604041e-11 -1.451142599740256827e-11 -1.422349838295705057e-11 -2.509572785084908485e-11 -3.280707285552961546e-12 -4.385306403934888847e-12 -3.408035785053436510e-12 8.954757433862582146e-12 1.328510574077676542e-12 -6.317690718548061023e-12 -4.103612114137578231e-12
-1.331510885153772991e-11 -1.542803871211644401e-10 1.609533869866941791e-09 -7.253594686944127149e-11 4.698957509254517790e-11 -3.738506314543835867e-11 5.754775552198198649e-12 -7.395757741810123828e-12 -7.710109379068364769e-11 -3.327623671856815871e-11 -6.349716144340402469e-11 -3.310843814405296638e-11 1.221519939291138239e-12 3.928107582731465056e-12 1.260540020399437733e-11 2.463603828809480216e-11 8.166471625966262840e-13 -1.171292503139394963e-11 -1.370066024881558081e-11 -1.429213197024152593e-11 -1.952936940498851430e-12 -4.547613459155110033e-12 5.212235730912386892e-12 -8.544485218846150802e-13 5.001730363372214843e-12 -7.208441645566664592e-12
-9.969699561723370673e-12 -6.977331385498693650e-11 -7.253594686944127149e-11 1.087771225843663671e-09 1.600811551280374622e-12 9.550687922019656766e-11 -1.145368263051308166e-11 2.153253884694342788e-11 -8.017817854091227868e-12 1.053472534524977036e-11 2.956202945593870392e-11 8.215354059632317943e-12 1.716929311891590199e-14 1.246877045504870924e-11 1.282170960096507791e-11 1.076429294106686465e-11 6.906180762759332026e-12 1.589609575315633185e-11 1.689417699586258808e-11 6.724912595157241372e-12 6.653215665824856227e-12 4.692841951696199620e-12 5.657257682669070087e-12 1.060900329824133406e-11 4.388540628400964959e-12 -8.707398299690748616e-13
1.420950408013690736e-10 9.795524494488056644e-11 4.698957509254517790e-11 1.600811551280374622e-12 7.103653693449276016e-10 2.531239996280633455e-11 7.193865920727118970e-11 2.936071218882430531e-11 3.949850567191701083e-11 -1.158635642571343063e-12 -1.592497720132938816e-11 -2.946571404433505961e-12 -6.945222143393615202e-12 -2.149148867702637499e-11 -1.647411688748056076e-11 -1.604307854279671928e-11 -1.113367692138883652e-11 -9.590723885200794108e-12 9.225773278961840563e-13 1.727702760890335183e-12 -3.025706134199501121e-12 3.873250409415896381e-12 2.718528309239697468e-12 9.696536162878903252e-13 4.416404930762265616e-13 -1.991878729086283799e-12
1.122641754826618083e-10 9.021731405367967916e-11 -3.738506314543835867e-11 9.550687922019656766e-11 2.531239996280633455e-11 4.849106312388148928e-10 -8.375665281607097765e-13 3.429018709751259623e-15 5.190383690798763215e-12 1.998035227361094957e-11 1.935842836405948608e-11 5.733685523724992991e-12 -3.070356794677507586e-12 -5.156269914688642100e-12 -1.102333550401011748e-11 -1.374037230015262700e-11 -1.551636352388219621e-12 -7.498412476782308223e-13 -2.563784456109258687e-12 -4.388356562303272912e-12 5.278836547288846657e-12 1.954810607980696480e-12 -4.422405906448282821e-12 4.271559101195765823e-12 -1.425425034451466120e-12 5.157366526580156176e-13
-2.300172097567791047e-11 1.355297473074374351e-11 5.754775552198198649e-12 -1.145368263051308166e-11 7.193865920727118970e-11 -8.375665281607097765e-13 3.203618566658532040e-10 7.855261334858603245e-12 2.776731632480142411e-11 2.980928589480699541e-11 3.407733495038788448e-12 1.347159854358025939e-11 -5.690670104207190120e-12 -1.695808777852725729e-12 3.899817991528644623e-13 -4.811241447317282055e-12 -2.754292481604107406e-13 -6.924162361578002601e-12 -1.844464968785709564e-12 -4.685633173300749599e-12 -4.063014370490884367e-12 -2.763234077348093593e-12 6.258816934174941976e-12 2.277612880043512520e-12 -5.154830663855598105e-12 -1.166329616007871350e-12
-6.731075824400130523e-12 -1.959488719936442552e-11 -7.395757741810123828e-12 2.153253884694342788e-11 2.936071218882430531e-11 3.429018709751259623e-15 7.855261334858603245e-12 2.482897665055581179e-10 4.743744307156332752e-11 2.500514207706938355e-11 8.909818412454029667e-12 -4.395664621120146209e-12 -1.207871128820140824e-12 4.309496033863305787e-13 -3.182048243344642476e-12 1.963539001970620646e-12 1.414422203251336798e-11 7.867963281942856059e-13 7.265733717867125965e-12 -2.103447183972701011e-12 -5.848369320103587631e-12 -3.157671425388478658e-12 -5.965574943231326677e-13 1.429701142846123539e-12 3.007277900894556942e-13 -1.586084647663826018e-13
8.160147248631614649e-11 -7.892040553415173364e-12 -7.710109379068364769e-11 -8.017817854091227868e-12 3.949850567191701083e-11 5.190383690798763215e-12 2.776731632480142411e-11 4.743744307156332752e-11 1.713986492842577090e-10 2.198308876133832205e-11 2.187781050166371784e-11 5.572536681842235777e-12 6.483990157189930834e-12 -9.429141428127559357e-13 -7.224752760723137150e-12 -3.842120666453385105e-12 4.076327701063293567e-13 -1.270903030319495673e-13 4.913947640744413528e-12 1.634028235869598788e-12 2.965161313876059185e-12 2.438727845560787437e-12 -1.496557253044342687e-13 1.125493612407598664e-12 -2.073702419965829002e-12 -1.781321416723821431e-12
-2.257962540884397414e-11 1.361640853903350289e-11 -3.327623671856815871e-11 1.053472534524977036e-11 -1.158635642571343063e-12 1.998035227361094957e-11 2.980928589480699541e-11 2.500514207706938355e-11 2.198308876133832205e-11 1.183243607276953108e-10 2.137215804131797022e-11 1.941694588559107962e-11 5.969287972432582381e-12 1.365848852690905596e-12 2.503201298465816263e-12 4.230654823114910627e-12 8.189983423875316048e-12 3.802156702942102251e-12 5.366433732264676889e-12 2.007573925334836029e-12 -1.399677301109771850e-12 1.114530545202982538e-12 1.673994531649910736e-12 1.090005878971494008e-12 1.017504308916758924e-12 3.962167834628525436e-13
5.240622635574531629e-11 -5.916237373124095998e-11 -6.349716144340402469e-11 2.956202945593870392e-11 -1.592497720132938816e-11 1.935842836405948608e-11 3.407733495038788448e-12 8.909818412454029667e-12 2.187781050166371784e-11 2.137215804131797022e-11 7.960769032128794362e-11 2.150009270370415867e-11 9.898884476920059960e-12 4.184886005889452519e-12 -4.147056390540164145e-13 8.541907308303047902e-12 4.868229026080210224e-12 5.007905144290808138e-12 6.223760837746893023e-12 3.740923257823275148e-12 3.581897393698552158e-13 3.277478615626459879e-12 1.571908130862464313e-12 2.255099010370788423e-12 -3.557545311146093192e-13 6.141855898111324417e-13
-4.615741170040747116e-11 -3.280311014716901923e-11 -3.310843814405296638e-11 8.215354059632317943e-12 -2.946571404433505961e-12 5.733685523724992991e-12 1.347159854358025939e-11 -4.395664621120146209e-12 5.572536681842235777e-12 1.941694588559107962e-11 2.150009270370415867e-11 6.343880438670141484e-11 2.464016360454022227e-11 7.814824547643328323e-12 2.189439115585473250e-12 5.217984810846842688e-12 6.111836012047113018e-12 2.565552322529217405e-12 2.534335264062089364e-12 2.499679494512713050e-12 -1.479718414015790673e-12 -1.372313749863580610e-12 -7.962476493984568520e-13 4.477303864955641072e-13 1.661898247012502535e-12 3.531453572144578691e-13
6.201922174189408979e-12 -1.608530952311943919e-11 1.221519939291138239e-12 1.716929311891590199e-14 -6.945222143393615202e-12 -3.070356794677507586e-12 -5.690670104207190120e-12 -1.207871128820140824e-12 6.483990157189930834e-12 5.969287972432582381e-12 9.898884476920059960e-12 2.464016360454022227e-11 5.142724192145565425e-11 1.522148816515799561e-11 4.739496193006102676e-12 1.072441387749840469e-12 1.632374438189767028e-12 -2.915354827232311421e-13 5.624493137022114972e-13 1.463044668618484809e-12 9.912095661880888898e-13 4.141210294404310315e-13 1.573392499994856630e-12 2.242855849673960001e-12 1.006008294440631487e-12 -7.475537284007021777e-13
-2.172902103417564799e-11 -2.734386338712162193e-11 3.928107582731465056e-12 1.246877045504870924e-11 -2.149148867702637499e-11 -5.156269914688642100e-12 -1.695808777852725729e-12 4.309496033863305787e-13 -9.429141428127559357e-13 1.365848852690905596e-12 4.184886005889452519e-12 7.814824547643328323e-12 1.522148816515799561e-11 3.493092273977582824e-11 1.405765708199270705e-11 7.545502871838015021e-12 3.180940984163978307e-12 2.340643747867561253e-12 3.414952578719507266e-13 1.297795194097833725e-12 -9.756019258777290812e-14 -1.485898788926321976e-12 7.892234331536021994e-13 1.061505317556745025e-12 -4.897224294622929055e-13 -1.213413726457250412e-12
3.276806696577882319e-11 -1.610230901108400988e-11 1.260540020399437733e-11 1.282170960096507791e-11 -1.647411688748056076e-11 -1.102333550401011748e-11 3.899817991528644623e-13 -3.182048243344642476e-12 -7.224752760723137150e-12 2.503201298465816263e-12 -4.147056390540164145e-13 2.189439115585473250e-12 4.739496193006102676e-12 1.405765708199270705e-11 3.160649864184891166e-11 1.273663195719928602e-11 5.016453357705723388e-12 2.974574024797201221e-12 1.436985513612267475e-12 3.114450008331369110e-12 -1.545216003027610003e-13 -1.063172214438690896e-12 1.507142087059451574e-12 9.831413554578818334e-13 -1.196465584248514295e-13 -1.592699148613230676e-12
2.283160014555594778e-11 -3.888866677754604041e-11 2.463603828809480216e-11 1.076429294106686465e-11 -1.604307854279671928e-11 -1.374037230015262700e-11 -4.811241447317282055e-12 1.963539001970620646e-12 -3.842120666453385105e-12 4.230654823114910627e-12 8.541907308303047902e-12 5.217984810846842688e-12 1.072441387749840469e-12 7.545502871838015021e-12 1.273663195719928602e-11 2.631784291909622834e-11 8.653013565960884645e-12 3.676670039095719800e-12 4.506694172259417791e-12 2.294818579190114589e-12 -2.116750193903141659e-12 1.428696229912939034e-13 9.899978435503885445e-13 -9.641158886581804732e-13 2.064378093888600962e-13 6.811074539137493860e-13
1.948498572495870409e-11 -1.451142599740256827e-11 8.166471625966262840e-13 6.906180762759332026e-12 -1.113367692138883652e-11 -1.551636352388219621e-12 -2.754292481604107406e-13 1.414422203251336798e-11 4.076327701063293567e-13 8.189983423875316048e-12 4.868229026080210224e-12 6.111836012047113018e-12 1.632374438189767028e-12 3.180940984163978307e-12 5.016453357705723388e-12 8.653013565960884645e-12 2.534273901765464278e-11 1.128047048687457005e-11 4.758189806160317176e-12 1.934294377968737821e-12 -7.540856066573230994e-13 -9.495654212153202753e-13 -1.154183702026123729e-12 -7.635325246180548275e-13 -1.487946261800694068e-13 -3.939055999236978081e-14
-1.429571561670855267e-12 -1.422349838295705057e-11 -1.171292503139394963e-11 1.589609575315633185e-11 -9.590723885200794108e-12 -7.498412476782308223e-13 -6.924162361578002601e-12 7.867963281942856059e-13 -1.270903030319495673e-13 3.802156702942102251e-12 5.007905144290808138e-12 2.565552322529217405e-12 -2.915354827232311421e-13 2.340643747867561253e-12 2.974574024797201221e-12 3.676670039095719800e-12 1.128047048687457005e-11 2.260299730560470741e-11 8.187140365636385747e-12 2.255481041334054226e-12 -1.869822644082462452e-13 -7.187840600837448617e-13 -9.453484219251427795e-13 2.288646918013129583e-13 5.905052211842686895e-13 -2.258249696736400569e-14
1.619249217170667677e-11 -2.509572785084908485e-11 -1.370066024881558081e-11 1.689417699586258808e-11 9.225773278961840563e-13 -2.563784456109258687e-12 -1.844464968785709564e-12 7.265733717867125965e-12 4.913947640744413528e-12 5.366433732264676889e-12 6.223760837746893023e-12 2.534335264062089364e-12 5.624493137022114972e-13 3.414952578719507266e-13 1.436985513612267475e-12 4.506694172259417791e-12 4.758189806160317176e-12 8.187140365636385747e-12 1.894563327162664134e-11 7.091153341506426314e-12 1.908487018756282791e-12 7.613292887545039557e-13 -6.436283770160748527e-13 1.499306733269651869e-12 6.784884854402552525e-13 3.509537172756999596e-13
-4.669343994531107760e-12 -3.280707285552961546e-12 -1.429213197024152593e-11 6.724912595157241372e-12 1.727702760890335183e-12 -4.388356562303272912e-12 -4.685633173300749599e-12 -2.103447183972701011e-12 1.634028235869598788e-12 2.007573925334836029e-12 3.740923257823275148e-12 2.499679494512713050e-12 1.463044668618484809e-12 1.297795194097833725e-12 3.114450008331369110e-12 2.294818579190114589e-12 1.934294377968737821e-12 2.255481041334054226e-12 7.091153341506426314e-12 1.310038842153017845e-11 6.129805743751607788e-12 2.301346198193930610e-12 -7.961723903949647733e-14 1.142671951086018605e-12 9.654544568730162800e-13 1.173226652257239450e-13
2.123531016371435608e-12 -4.385306403934888847e-12 -1.952936940498851430e-12 6.653215665824856227e-12 -3.025706134199501121e-12 5.278836547288846657e-12 -4.063014370490884367e-12 -5.848369320103587631e-12 2.965161313876059185e-12 -1.399677301109771850e-12 3.581897393698552158e-13 -1.479718414015790673e-12 9.912095661880888898e-13 -9.756019258777290812e-14 -1.545216003027610003e-13 -2.116750193903141659e-12 -7.540856066573230994e-13 -1.869822644082462452e-13 1.908487018756282791e-12 6.129805743751607788e-12 1.700164171501686344e-11 6.905689811078078672e-12 1.582769371516612762e-12 1.385123632886980673e-12 5.082458023977648389e-13 6.915911414156782758e-13
1.134424334376898098e-11 -3.408035785053436510e-12 -4.547613459155110033e-12 4.692841951696199620e-12 3.873250409415896381e-12 1.954810607980696480e-12 -2.763234077348093593e-12 -3.157671425388478658e-12 2.438727845560787437e-12 1.114530545202982538e-12 3.277478615626459879e-12 -1.372313749863580610e-12 4.141210294404310315e-13 -1.485898788926321976e-12 -1.063172214438690896e-12 1.428696229912939034e-13 -9.495654212153202753e-13 -7.187840600837448617e-13 7.613292887545039557e-13 2.301346198193930610e-12 6.905689811078078672e-12 1.225019395336942509e-11 4.019916738762242309e-12 2.804951450090172489e-13 7.383184081197996858e-13 9.148350037322951755e-13
6.165938600098000988e-12 8.954757433862582146e-12 5.212235730912386892e-12 5.657257682669070087e-12 2.718528309239697468e-12 -4.422405906448282821e-12 6.258816934174941976e-12 -5.965574943231326677e-13 -1.496557253044342687e-13 1.673994531649910736e-12 1.571908130862464313e-12 -7.962476493984568520e-13 1.573392499994856630e-12 7.892234331536021994e-13 1.507142087059451574e-12 9.899978435503885445e-13 -1.154183702026123729e-12 -9.453484219251427795e-13 -6.436283770160748527e-13 -7.961723903949647733e-14 1.582769371516612762e-12 4.019916738762242309e-12 7.540545066883937483e-12 2.718501265570333380e-12 9.107650320541446877e-13 3.375165611293691410e-13
6.249616145146182501e-12 1.328510574077676542e-12 -8.544485218846150802e-13 1.060900329824133406e-11 9.696536162878903252e-13 4.271559101195765823e-12 2.277612880043512520e-12 1.429701142846123539e-12 1.125493612407598664e-12 1.090005878971494008e-12 2.255099010370788423e-12 4.477303864955641072e-13 2.242855849673960001e-12 1.061505317556745025e-12 9.831413554578818334e-13 -9.641158886581804732e-13 -7.635325246180548275e-13 2.288646918013129583e-13 1.499306733269651869e-12 1.142671951086018605e-12 1.385123632886980673e-12 2.804951450090172489e-13 2.718501265570333380e-12 7.718924487672031107e-12 1.746556313735126939e-12 -1.061731584422607457e-13
-1.686594210089180645e-11 -6.317690718548061023e-12 5.001730363372214843e-12 4.388540628400964959e-12 4.416404930762265616e-13 -1.425425034451466120e-12 -5.154830663855598105e-12 3.007277900894556942e-13 -2.073702419965829002e-12 1.017504308916758924e-12 -3.557545311146093192e-13 1.661898247012502535e-12 1.006008294440631487e-12 -4.897224294622929055e-13 -1.196465584248514295e-13 2.064378093888600962e-13 -1.487946261800694068e-13 5.905052211842686895e-13 6.784884854402552525e-13 9.654544568730162800e-13 5.082458023977648389e-13 7.383184081197996858e-13 9.107650320541446877e-13 1.746556313735126939e-12 4.497618717605398765e-12 4.659961086158535885e-13
-4.179012654388512124e-12 -4.103612114137578231e-12 -7.208441645566664592e-12 -8.707398299690748616e-13 -1.991878729086283799e-12 5.157366526580156176e-13 -1.166329616007871350e-12 -1.586084647663826018e-13 -1.781321416723821431e-12 3.962167834628525436e-13 6.141855898111324417e-13 3.531453572144578691e-13 -7.475537284007021777e-13 -1.213413726457250412e-12 -1.592699148613230676e-12 6.811074539137493860e-13 -3.939055999236978081e-14 -2.258249696736400569e-14 3.509537172756999596e-13 1.173226652257239450e-13 6.915911414156782758e-13 9.148350037322951755e-13 3.375165611293691410e-13 -1.061731584422607457e-13 4.659961086158535885e-13 2.945725335416068640e-12
