2.318721353963191523e-09 2.022923494001901280e-11 1.200640758832125899e-10 -2.426986134791261590e-11 -2.170772526074444499e-11 7.043648156330431730e-12 -2.464231015669778393e-11 -6.869973755932977462e-11 2.120681118359519705e-11 2.228063465802581280e-12 -7.261544280121872282e-12 -9.113646359742742836e-12 -1.030813778184826511e-11 3.308177421369012622e-12 -6.381196704933333472e-12 2.969229975823066769e-12 1.523777799173117360e-11 -6.794530781394310276e-12 -4.377160836880551560e-12 -6.873401244660813385e-12 1.833721091635261803e-11 1.966363027906608955e-11 7.089756902069930728e-12 6.412984615455093692e-12 -1.187316094384165893e-11 -7.073515095492259393e-12
2.022923494001901280e-11 1.623067399798217622e-09 3.812222373877996631e-11 9.294062662032496263e-11 7.225379865350002390e-11 -1.443633223213344789e-11 -8.133445551045004267e-12 1.711348149459122062e-11 -6.444641343485797442e-12 1.396545525914173824e-11 1.204158580955185579e-11 9.466967234025657270e-12 -2.486296105332133404e-11 -2.569327036312237368e-11 -1.678653871060657484e-12 3.341627522202999865e-11 3.780003624602984448e-11 3.823050850706201528e-11 8.617726956632034996e-12 1.045752354692611332e-11 1.998335507635040604e-12 -1.049480166875216047e-11 -9.184538048056153071e-12 -2.809597107631540872e-12 -4.885282031868696082e-12 2.848000560354750605e-12
1.200640758832125899e-10 3.812222373877996631e-11 1.068965605541858149e-09 1.407526400043502760e-10 -7.384440661335204050e-12 2.360341627288917066e-11 4.011442560923175552e-11 2.512783467969774878e-11 1.607263651425019833e-11 1.527341652598902344e-11 1.544118846694087208e-11 1.160794494460941131e-11 -1.864057728642209215e-11 2.889467826937610972e-12 -8.249883560686559199e-12 -1.268365504734504595e-11 -1.265999791992856797e-11 -3.921673471511678561e-12 -6.643848214712595438e-12 -1.103950284777848408e-11 -1.207862946462975288e-11 -6.847141759302052757e-12 -3.959279875434056157e-12 -6.787518553980263570e-12 7.930305519911334923e-12 1.005081672410935015e-11
-2.426986134791261590e-11 9.294062662032496263e-11 1.407526400043502760e-10 7.832760236693633342e-10 6.815450257501676082e-12 -1.127739054549764279e-11 4.492620745436252472e-11 3.903289235135667056e-11 -1.431288032924215708e-12 1.095301594667118833e-12 5.632787925048758709e-12 5.426480808741163444e-12 9.878713812632412511e-13 9.568383756526362755e-12 8.126031973848782478e-12 5.442068598363962414e-12 2.383458274399559042e-11 1.974140324731141919e-11 2.730792983905936940e-11 4.947250120643792668e-12 -7.328449515148044309e-12 -9.819134293591606464e-12 -9.975197950510928798e-12 -4.618517847998470875e-12 -1.226533164410841734e-11 3.551202241717543965e-13
-2.170772526074444499e-11 7.225379865350002390e-11 -7.384440661335204050e-12 6.815450257501676082e-12 4.264410392464713511e-10 3.246377312457231824e-11 2.534009010575288301e-11 2.565457977380096595e-12 8.067261722333144951e-12 -7.783355061926785287e-12 3.979857042903822988e-12 2.968966205389911545e-12 2.906229365896659931e-12 -3.256755766502730141e-12 -5.380913373722131030e-12 -1.174045817707271105e-11 -8.483568176469486485e-12 -2.776152580992315988e-12 -5.143861746994289051e-12 3.178667812887060522e-12 2.354558679568866337e-12 4.706501286318618998e-12 -2.943191702563809832e-12 2.489479891271172904e-12 1.074733584523390825e-12 6.364021882149350762e-12
7.043648156330431730e-12 -1.443633223213344789e-11 2.360341627288917066e-11 -1.127739054549764279e-11 3.246377312457231824e-11 3.178842947397108145e-10 4.117072352693237318e-11 8.442893952513521217e-12 1.291811332783446490e-11 -9.221476055038357256e-13 -2.366821038972318911e-14 -6.354840402766383016e-12 2.422139551752820921e-12 1.059368853057348786e-11 -1.145518135100246741e-13 -3.783334976056763460e-12 1.514952028359048676e-12 -1.276490408670651549e-12 1.034534797162038819e-12 1.691642691285604378e-13 1.127865425189264118e-12 4.958466839841672954e-12 -1.745249818675948914e-12 -8.256220564510352271e-12 -3.843459400400535474e-12 3.683729394828191911e-12
-2.464231015669778393e-11 -8.133445551045004267e-12 4.011442560923175552e-11 4.492620745436252472e-11 2.534009010575288301e-11 4.117072352693237318e-11 2.107056223435232307e-10 4.053352582225470717e-11 4.766030838361246194e-12 -4.202366383500445554e-12 -8.396469805214151522e-12 -5.732826549851066238e-12 -7.508653428328097255e-12 -2.857439060296026386e-12 -1.440206081371820136e-11 -4.507113369979798147e-12 8.910079395364155511e-13 8.363383514194278002e-13 3.065136023572216521e-12 3.362116751340904563e-12 -1.390765352543284006e-12 -1.084847881341150978e-12 -3.390920979420227023e-12 -8.984378707769608932e-13 -2.389789636545877659e-14 1.763588055883236931e-12
-6.869973755932977462e-11 1.711348149459122062e-11 2.512783467969774878e-11 3.903289235135667056e-11 2.565457977380096595e-12 8.442893952513521217e-12 4.053352582225470717e-11 1.285998545438171308e-10 2.568726908642882669e-11 1.060743963849231470e-11 8.598762971125197332e-12 6.840579954605649048e-12 -4.987993661644253513e-12 1.114741226688880520e-12 -6.244953197796387406e-12 -1.249598526052094175e-12 -3.801235403988211577e-12 6.678515752017675340e-12 7.132060711296874496e-12 4.745781493115212645e-12 2.050007840703201618e-12 3.974811812398899324e-12 3.194779620438510548e-14 6.407265378963736583e-13 1.046407382340911161e-12 1.181228705604107516e-12
2.120681118359519705e-11 -6.444641343485797442e-12 1.607263651425019833e-11 -1.431288032924215708e-12 8.067261722333144951e-12 1.291811332783446490e-11 4.766030838361246194e-12 2.568726908642882669e-11 1.171790993524340321e-10 2.951751777344675307e-11 1.266638749071661689e-11 1.409691482720116024e-11 1.618897562490850632e-11 8.115062199515803300e-12 -7.890596341113665358e-13 1.136956039679377939e-12 3.149747932320981395e-12 1.715154480808403470e-12 3.739120885300597870e-12 3.416364607689017423e-12 -8.784759614127036244e-14 -1.140182729457299942e-12 -3.148110040393449534e-12 -2.813924867897261983e-12 -2.222880162867728643e-12 -5.410472135277165855e-12
2.228063465802581280e-12 1.396545525914173824e-11 1.527341652598902344e-11 1.095301594667118833e-12 -7.783355061926785287e-12 -9.221476055038357256e-13 -4.202366383500445554e-12 1.060743963849231470e-11 2.951751777344675307e-11 8.167788308304446987e-11 2.002375441323599960e-11 1.639692699230572707e-11 1.029556106765014323e-11 6.871451061385012208e-12 2.753519295452681781e-12 -4.093346941197019902e-13 3.012016406030892527e-12 4.188679025266604717e-12 2.319282241802932829e-12 2.945536018446459361e-12 2.006536653002954950e-12 3.700006312566451517e-12 3.361081066434784941e-12 -1.910023881519231934e-12 -3.086009449615589802e-12 -2.388954413234458388e-12
-7.261544280121872282e-12 1.204158580955185579e-11 1.544118846694087208e-11 5.632787925048758709e-12 3.979857042903822988e-12 -2.366821038972318911e-14 -8.396469805214151522e-12 8.598762971125197332e-12 1.266638749071661689e-11 2.002375441323599960e-11 6.845293617816395892e-11 2.304649262290393824e-11 1.085518046899717864e-11 -5.040180249875315629e-12 2.131941911715485221e-12 -1.806668645613988543e-12 -1.040527260868760296e-12 1.179025612862098078e-12 -1.186828638524920676e-13 2.391872013481135097e-12 -1.010565917806620576e-12 3.704368397151696237e-12 3.401109696808087391e-12 -7.430025281428784002e-13 -2.996870063531957057e-12 -2.752062998950273071e-12
-9.113646359742742836e-12 9.466967234025657270e-12 1.160794494460941131e-11 5.426480808741163444e-12 2.968966205389911545e-12 -6.354840402766383016e-12 -5.732826549851066238e-12 6.840579954605649048e-12 1.409691482720116024e-11 1.639692699230572707e-11 2.304649262290393824e-11 4.938873702673960661e-11 1.783914644700624913e-11 3.257172361175238841e-12 8.978029918597307243e-12 2.660151808310169412e-12 -7.271896288002688140e-13 -3.190364252568825224e-13 -2.011850086686930688e-13 5.219288171485934834e-13 -2.569274015894215192e-12 -2.485166109860944252e-12 3.639787743293795042e-13 1.100007947038782570e-12 -8.552009237299963042e-13 -7.302647041152985181e-13
-1.030813778184826511e-11 -2.486296105332133404e-11 -1.864057728642209215e-11 9.878713812632412511e-13 2.906229365896659931e-12 2.422139551752820921e-12 -7.508653428328097255e-12 -4.987993661644253513e-12 1.618897562490850632e-11 1.029556106765014323e-11 1.085518046899717864e-11 1.783914644700624913e-11 4.388021678602764352e-11 1.311113996168365572e-11 9.687212447803810511e-12 5.273999454793420399e-12 2.411025825042085328e-12 7.730965070945722164e-13 -1.813909726553934395e-13 1.026711976679200578e-12 3.703212435381927325e-13 1.885109779595170968e-12 1.317422274902668504e-12 -7.229231697062143509e-13 -1.265703058075677576e-12 -8.155427941492700182e-13
3.308177421369012622e-12 -2.569327036312237368e-11 2.889467826937610972e-12 9.568383756526362755e-12 -3.256755766502730141e-12 1.059368853057348786e-11 -2.857439060296026386e-12 1.114741226688880520e-12 8.115062199515803300e-12 6.871451061385012208e-12 -5.040180249875315629e-12 3.257172361175238841e-12 1.311113996168365572e-11 3.155327238111064477e-11 1.488713906607476015e-11 7.674728395986526372e-12 3.134116196989027235e-12 6.538637076114622668e-13 -4.648351531907660038e-13 -1.900285324840302343e-12 -2.365312710956780766e-12 -1.432146892682330292e-12 -1.079802406010578548e-12 -1.978974914525853780e-12 5.390731768603795174e-14 1.652759564497968202e-12
-6.381196704933333472e-12 -1.678653871060657484e-12 -8.249883560686559199e-12 8.126031973848782478e-12 -5.380913373722131030e-12 -1.145518135100246741e-13 -1.440206081371820136e-11 -6.244953197796387406e-12 -7.890596341113665358e-13 2.753519295452681781e-12 2.131941911715485221e-12 8.978029918597307243e-12 9.687212447803810511e-12 1.488713906607476015e-11 3.318808218063138677e-11 1.371742915028604572e-11 5.472297396015912581e-12 3.868747724216145747e-12 1.172590776807877745e-12 -8.811893015184120964e-13 -9.976200587623882189e-13 -3.018814755182849220e-12 -1.815404233615054510e-12 -8.619417661580256851e-13 1.043564212123567447e-12 1.706605405615629321e-12
2.969229975823066769e-12 3.341627522202999865e-11 -1.268365504734504595e-11 5.442068598363962414e-12 -1.174045817707271105e-11 -3.783334976056763460e-12 -4.507113369979798147e-12 -1.249598526052094175e-12 1.136956039679377939e-12 -4.093346941197019902e-13 -1.806668645613988543e-12 2.660151808310169412e-12 5.273999454793420399e-12 7.674728395986526372e-12 1.371742915028604572e-11 2.546924410106155078e-11 1.103028984570540323e-11 7.325908079294982993e-12 4.925904644936635722e-12 1.711104523495532582e-12 1.751416952167345258e-13 -2.931705903266918216e-12 -2.489752622688356001e-12 -2.031700595188720132e-13 -3.004811043446332620e-13 2.181883318086467041e-13
1.523777799173117360e-11 3.780003624602984448e-11 -1.265999791992856797e-11 2.383458274399559042e-11 -8.483568176469486485e-12 1.514952028359048676e-12 8.910079395364155511e-13 -3.801235403988211577e-12 3.149747932320981395e-12 3.012016406030892527e-12 -1.040527260868760296e-12 -7.271896288002688140e-13 2.411025825042085328e-12 3.134116196989027235e-12 5.472297396015912581e-12 1.103028984570540323e-11 2.609876288044055733e-11 1.612024074653571591e-11 9.857303370356297244e-12 3.344486035297259786e-12 2.127520273021003871e-12 -1.829473688778971463e-12 -1.998940915972589115e-12 -3.440583640433414235e-13 -1.890914368781830666e-12 -1.230328442690905873e-12
-6.794530781394310276e-12 3.823050850706201528e-11 -3.921673471511678561e-12 1.974140324731141919e-11 -2.776152580992315988e-12 -1.276490408670651549e-12 8.363383514194278002e-13 6.678515752017675340e-12 1.715154480808403470e-12 4.188679025266604717e-12 1.179025612862098078e-12 -3.190364252568825224e-13 7.730965070945722164e-13 6.538637076114622668e-13 3.868747724216145747e-12 7.325908079294982993e-12 1.612024074653571591e-11 2.650569169619000135e-11 1.535991858582963097e-11 7.192722275225560371e-12 2.503112955498167255e-12 -7.564862385117320487e-13 -8.287324105212773693e-13 -1.554625044319963416e-13 -1.228888295204043215e-12 -1.741254112199490156e-14
-4.377160836880551560e-12 8.617726956632034996e-12 -6.643848214712595438e-12 2.730792983905936940e-11 -5.143861746994289051e-12 1.034534797162038819e-12 3.065136023572216521e-12 7.132060711296874496e-12 3.739120885300597870e-12 2.319282241802932829e-12 -1.186828638524920676e-13 -2.011850086686930688e-13 -1.813909726553934395e-13 -4.648351531907660038e-13 1.172590776807877745e-12 4.925904644936635722e-12 9.857303370356297244e-12 1.535991858582963097e-11 2.228283465809315706e-11 1.148493422554114862e-11 5.264844562337217701e-12 -4.151608426478594854e-13 -1.208280037332413328e-12 -5.905578063960389853e-13 -2.299605523025103838e-12 -9.713381207248277799e-13
-6.873401244660813385e-12 1.045752354692611332e-11 -1.103950284777848408e-11 4.947250120643792668e-12 3.178667812887060522e-12 1.691642691285604378e-13 3.362116751340904563e-12 4.745781493115212645e-12 3.416364607689017423e-12 2.945536018446459361e-12 2.391872013481135097e-12 5.219288171485934834e-13 1.026711976679200578e-12 -1.900285324840302343e-12 -8.811893015184120964e-13 1.711104523495532582e-12 3.344486035297259786e-12 7.192722275225560371e-12 1.148493422554114862e-11 1.807330835598782527e-11 9.711723568341008848e-12 2.883921817488498406e-12 1.109791339738213564e-13 -7.447372236028268461e-13 -2.274902274489289512e-12 -1.710849304654413561e-12
1.833721091635261803e-11 1.998335507635040604e-12 -1.207862946462975288e-11 -7.328449515148044309e-12 2.354558679568866337e-12 1.127865425189264118e-12 -1.390765352543284006e-12 2.050007840703201618e-12 -8.784759614127036244e-14 2.006536653002954950e-12 -1.010565917806620576e-12 -2.569274015894215192e-12 3.703212435381927325e-13 -2.365312710956780766e-12 -9.976200587623882189e-13 1.751416952167345258e-13 2.127520273021003871e-12 2.503112955498167255e-12 5.264844562337217701e-12 9.711723568341008848e-12 1.613583020929204499e-11 8.278466856916178032e-12 1.817382484793362344e-12 -4.004203401121005310e-13 -1.051961189164906942e-12 -1.389975346585586892e-12
1.966363027906608955e-11 -1.049480166875216047e-11 -6.847141759302052757e-12 -9.819134293591606464e-12 4.706501286318618998e-12 4.958466839841672954e-12 -1.084847881341150978e-12 3.974811812398899324e-12 -1.140182729457299942e-12 3.700006312566451517e-12 3.704368397151696237e-12 -2.485166109860944252e-12 1.885109779595170968e-12 -1.432146892682330292e-12 -3.018814755182849220e-12 -2.931705903266918216e-12 -1.829473688778971463e-12 -7.564862385117320487e-13 -4.151608426478594854e-13 2.883921817488498406e-12 8.278466856916178032e-12 1.709018082700501417e-11 8.833614322274721027e-12 2.111359205075322901e-12 1.306082213270371661e-13 -1.196436519714548846e-12
7.089756902069930728e-12 -9.184538048056153071e-12 -3.959279875434056157e-12 -9.975197950510928798e-12 -2.943191702563809832e-12 -1.745249818675948914e-12 -3.390920979420227023e-12 3.194779620438510548e-14 -3.148110040393449534e-12 3.361081066434784941e-12 3.401109696808087391e-12 3.639787743293795042e-13 1.317422274902668504e-12 -1.079802406010578548e-12 -1.815404233615054510e-12 -2.489752622688356001e-12 -1.998940915972589115e-12 -8.287324105212773693e-13 -1.208280037332413328e-12 1.109791339738213564e-13 1.817382484793362344e-12 8.833614322274721027e-12 1.496100956835994783e-11 5.679196805961234649e-12 4.987018329188018805e-13 -7.581002832270065285e-13
6.412984615455093692e-12 -2.809597107631540872e-12 -6.787518553980263570e-12 -4.618517847998470875e-12 2.489479891271172904e-12 -8.256220564510352271e-12 -8.984378707769608932e-13 6.407265378963736583e-13 -2.813924867897261983e-12 -1.910023881519231934e-12 -7.430025281428784002e-13 1.100007947038782570e-12 -7.229231697062143509e-13 -1.978974914525853780e-12 -8.619417661580256851e-13 -2.031700595188720132e-13 -3.440583640433414235e-13 -1.554625044319963416e-13 -5.905578063960389853e-13 -7.447372236028268461e-13 -4.004203401121005310e-13 2.111359205075322901e-12 5.679196805961234649e-12 1.134382166447188243e-11 3.929261975148770624e-12 2.138930148250970963e-13
-1.187316094384165893e-11 -4.885282031868696082e-12 7.930305519911334923e-12 -1.226533164410841734e-11 1.074733584523390825e-12 -3.843459400400535474e-12 -2.389789636545877659e-14 1.046407382340911161e-12 -2.222880162867728643e-12 -3.086009449615589802e-12 -2.996870063531957057e-12 -8.552009237299963042e-13 -1.265703058075677576e-12 5.390731768603795174e-14 1.043564212123567447e-12 -3.004811043446332620e-13 -1.890914368781830666e-12 -1.228888295204043215e-12 -2.299605523025103838e-12 -2.274902274489289512e-12 -1.051961189164906942e-12 1.306082213270371661e-13 4.987018329188018805e-13 3.929261975148770624e-12 9.716460826159105868e-12 2.971465659089391739e-12
-7.073515095492259393e-12 2.848000560354750605e-12 1.005081672410935015e-11 3.551202241717543965e-13 6.364021882149350762e-12 3.683729394828191911e-12 1.763588055883236931e-12 1.181228705604107516e-12 -5.410472135277165855e-12 -2.388954413234458388e-12 -2.752062998950273071e-12 -7.302647041152985181e-13 -8.155427941492700182e-13 1.652759564497968202e-12 1.706605405615629321e-12 2.181883318086467041e-13 -1.230328442690905873e-12 -1.741254112199490156e-14 -9.713381207248277799e-13 -1.710849304654413561e-12 -1.389975346585586892e-12 -1.196436519714548846e-12 -7.581002832270065285e-13 2.138930148250970963e-13 2.971465659089391739e-12 7.966191936300084366e-12
