3.645693835506257979e-09 -7.087384710968588199e-11 -4.550172453090905265e-11 -9.490154086601353733e-11 -3.789683387116944453e-11 -1.188451780844706247e-11 3.382243791159502465e-11 2.845928402754250499e-11 4.418830142476448845e-11 2.108095802404056373e-11 6.869562015880544198e-12 -1.592619367201434743e-11 2.440821819580185336e-11 4.578880334782569765e-11 1.376045710912999476e-11 -1.492746944424708979e-11 -8.696213572918046784e-12 -1.200853328467647169e-11 1.389781329191645624e-11 1.030244487507404343e-11 1.963334088099232792e-12 7.965146844090850352e-12 -1.575864366819833181e-11 -2.080857813000392199e-11 1.256068800301256395e-13 9.134596080432877864e-13
-7.087384710968588199e-11 2.961078787339564289e-09 2.282715364111133255e-10 4.884648177739177851e-12 -1.314529924538360205e-10 -1.359515259784717151e-10 -2.489768783901810853e-11 -7.154868625333193884e-11 -5.916288666882647709e-12 -6.762823993506732703e-12 -7.588465193041597483e-12 1.543777097992716324e-11 2.046922754267766132e-11 5.870799580935728666e-12 -2.563409561758316369e-11 -2.408502464393922802e-11 -3.859751962583374302e-12 -2.863051786370998131e-11 1.305198358159967822e-11 -9.174642868311162118e-12 -8.902728244648273281e-12 -1.013408587693803422e-12 2.903684906663417244e-12 5.685771528017835570e-12 1.188662440664176616e-11 -1.032371595003806732e-11
-4.550172453090905265e-11 2.282715364111133255e-10 1.668348755815243848e-09 1.378059064257711504e-10 5.134013842924513502e-11 7.054010249710883627e-11 3.662158239055264352e-12 2.398890026065871923e-11 3.824964505504031264e-11 1.371014153513903757e-11 2.425293078651793081e-11 -1.037272535477382906e-11 1.040824202302877533e-11 4.110694373573894809e-12 -1.162158635399058976e-11 -1.426559132528345311e-11 -7.514110630008285113e-12 -1.141414757455506084e-11 -1.260436382140869683e-11 -2.388891861149650871e-11 1.234115137100104154e-11 -4.276182899612047162e-12 1.549402514322170239e-11 8.908090501546019293e-12 -4.777943335427995812e-12 6.194889918178149832e-13
-9.490154086601353733e-11 4.884648177739177851e-12 1.378059064257711504e-10 1.219440254718712143e-09 3.589695174851937238e-11 -3.975791882421524472e-12 2.627403926919806126e-11 1.753074367798836140e-11 1.348610996039900300e-11 -1.577750036772769784e-11 -8.391717449376794386e-12 8.628840133697521702e-12 8.796295458436040442e-12 1.323001513593995062e-13 -1.722108604869665560e-11 -2.749630387304591999e-12 1.115523720027293127e-11 -9.025370829890969535e-12 9.841929769694620384e-12 -5.125252732313196444e-12 -1.647511323226024209e-12 -1.097828603947470651e-11 -6.744265467925038708e-12 -2.702298664556660134e-12 -1.104536339792282392e-11 -1.826237534450715291e-12
-3.789683387116944453e-11 -1.314529924538360205e-10 5.134013842924513502e-11 3.589695174851937238e-11 7.806388571694911278e-10 9.915076570567031092e-11 6.154062493805848987e-12 2.923550948604700536e-13 3.959450673917449469e-11 -6.054006926411487398e-12 -9.399401538799908066e-12 -2.025982664335542434e-11 -2.053885191720566992e-12 7.125589784675280406e-12 2.906636402348767479e-11 1.172050315465490295e-11 1.319948628823083165e-11 1.818662810689395520e-11 2.272486383283585039e-12 -6.685329962276626629e-12 5.396445676247329011e-12 1.139005205532290431e-12 -8.369150181223024180e-12 -2.213850255811460433e-12 -4.588807717027891156e-13 -3.590741032340001192e-12
-1.188451780844706247e-11 -1.359515259784717151e-10 7.054010249710883627e-11 -3.975791882421524472e-12 9.915076570567031092e-11 5.042247113609533695e-10 3.045771308615149612e-11 4.030273700696438483e-11 1.485726308479628243e-11 -4.327510155151528759e-11 -2.120069331878844603e-11 -5.014772763945292160e-12 -1.337277492295008306e-11 -1.078973125729145071e-11 1.650838042302626731e-11 1.878223433210778055e-11 1.243755993622103996e-11 1.039468796860033468e-11 1.009116620865730979e-11 -1.978806148854293788e-12 -7.565265748449837788e-12 -6.099182759328490019e-12 3.363020505643685605e-14 2.196063468012254270e-12 2.810891048123724706e-12 -6.463140911648690983e-12
3.382243791159502465e-11 -2.489768783901810853e-11 3.662158239055264352e-12 2.627403926919806126e-11 6.154062493805848987e-12 3.045771308615149612e-11 2.822629128300921240e-10 1.606722438072894021e-11 1.052669884845115167e-11 -7.726229121837151120e-12 2.575716776851398647e-12 2.842943658166651182e-13 -3.521358040011585629e-12 -6.387860133450802555e-12 -8.713540235632218284e-12 -1.196531288573820797e-11 -4.260323374078884401e-12 -2.548209968559736227e-12 -1.013512269891360376e-11 8.198358531850283492e-13 6.075405549783799419e-12 1.809306662064566535e-12 -7.821676942792438983e-13 -1.063382891115898055e-13 3.939311005213688983e-12 3.674594953523533366e-12
2.845928402754250499e-11 -7.154868625333193884e-11 2.398890026065871923e-11 1.753074367798836140e-11 2.923550948604700536e-13 4.030273700696438483e-11 1.606722438072894021e-11 2.245800975151266870e-10 2.195594485657387354e-11 1.409624201534341081e-11 -1.079789899161640947e-11 -8.795225615618597902e-12 -1.544739961689984312e-11 -3.708394107513326395e-12 3.220453564030151364e-12 -5.091203864369337069e-12 -3.452951364206794422e-12 1.101193557167386425e-11 8.885359791297065867e-12 4.982779720345643456e-12 -1.287373450845377747e-12 1.237164639616891707e-12 -5.203219670428892227e-13 1.453236892925596581e-12 -1.169418617796350358e-13 4.142600893365833422e-13
4.418830142476448845e-11 -5.916288666882647709e-12 3.824964505504031264e-11 1.348610996039900300e-11 3.959450673917449469e-11 1.485726308479628243e-11 1.052669884845115167e-11 2.195594485657387354e-11 1.606129882059193444e-10 2.606167018611651303e-11 1.972530280220321048e-11 7.570024562049106087e-12 6.051640648861156092e-13 9.463549132656238245e-12 6.626076023626659355e-12 3.811689766408057771e-12 3.302752660931461752e-12 3.907954085374907232e-12 2.982877537766281981e-12 -2.928046482768250450e-12 1.565951725632803865e-12 2.438898110675776104e-12 -1.365442611985380547e-12 -4.095193738296127188e-12 -2.944168951727703393e-12 1.567973148643380814e-12
2.108095802404056373e-11 -6.762823993506732703e-12 1.371014153513903757e-11 -1.577750036772769784e-11 -6.054006926411487398e-12 -4.327510155151528759e-11 -7.726229121837151120e-12 1.409624201534341081e-11 2.606167018611651303e-11 1.199713587497008235e-10 3.289610546656685395e-11 1.772717965194662922e-11 -3.273113612095240937e-12 -1.264488755926327908e-12 -5.166962334725062454e-12 -2.901797363811879883e-12 -3.133605739342378789e-12 -2.635732791450551711e-12 -3.129861071448139733e-12 -7.381357332215403419e-13 2.039677341730256710e-12 -1.091902909567944912e-12 -2.320256491111988393e-12 -1.818772234195413264e-12 -7.468578498896361946e-13 3.505072019523295816e-12
6.869562015880544198e-12 -7.588465193041597483e-12 2.425293078651793081e-11 -8.391717449376794386e-12 -9.399401538799908066e-12 -2.120069331878844603e-11 2.575716776851398647e-12 -1.079789899161640947e-11 1.972530280220321048e-11 3.289610546656685395e-11 8.817492771371218803e-11 2.533922994707355418e-11 1.762309302067518059e-11 1.255854953900809543e-11 -2.764111271234497376e-14 4.094019460367423015e-12 1.985971551079137842e-12 2.177837818526647998e-12 -4.103900344230822468e-12 -3.920943123794068651e-12 -1.735893018541606338e-12 -2.973670513949734274e-12 -2.123950114278944113e-12 -2.169473503173933102e-13 -1.994659592245946815e-12 8.816144184142542030e-14
-1.592619367201434743e-11 1.543777097992716324e-11 -1.037272535477382906e-11 8.628840133697521702e-12 -2.025982664335542434e-11 -5.014772763945292160e-12 2.842943658166651182e-13 -8.795225615618597902e-12 7.570024562049106087e-12 1.772717965194662922e-11 2.533922994707355418e-11 6.910612872889747610e-11 2.527216256552090024e-11 1.703082277203659548e-11 2.488078559789219691e-12 1.859124800089666906e-12 -2.768375242645706051e-12 -1.049798896480529460e-12 -5.192284329590597781e-12 -5.945710767639479893e-13 2.542422773834385762e-13 3.897855670571551509e-13 1.758416358994989988e-12 9.218578217658516669e-13 4.472095224893926878e-13 9.206243858915445497e-13
2.440821819580185336e-11 2.046922754267766132e-11 1.040824202302877533e-11 8.796295458436040442e-12 -2.053885191720566992e-12 -1.337277492295008306e-11 -3.521358040011585629e-12 -1.544739961689984312e-11 6.051640648861156092e-13 -3.273113612095240937e-12 1.762309302067518059e-11 2.527216256552090024e-11 6.459440651203457400e-11 2.896130090006303446e-11 9.433504645866837377e-12 1.025487901028446646e-11 4.164994102511730952e-13 -2.043744056777679084e-12 -4.242535008523261112e-12 -8.021875208327510358e-13 -3.482980678223716065e-13 -7.833801433287014472e-13 -2.467206154176783016e-13 -7.058517858726314880e-13 -1.028552378502449980e-12 -1.206681216451203848e-12
4.578880334782569765e-11 5.870799580935728666e-12 4.110694373573894809e-12 1.323001513593995062e-13 7.125589784675280406e-12 -1.078973125729145071e-11 -6.387860133450802555e-12 -3.708394107513326395e-12 9.463549132656238245e-12 -1.264488755926327908e-12 1.255854953900809543e-11 1.703082277203659548e-11 2.896130090006303446e-11 5.456050717814684356e-11 1.763488413346556595e-11 1.165677097680908719e-11 1.883240255473129889e-12 4.286771693437774748e-12 3.605029234474856715e-12 2.063082599592101020e-12 -1.022638880381632147e-12 -7.552269409982673264e-13 6.507989659506016165e-13 8.751072403598955976e-13 -7.118999460198995128e-13 6.324309173514408325e-13
1.376045710912999476e-11 -2.563409561758316369e-11 -1.162158635399058976e-11 -1.722108604869665560e-11 2.906636402348767479e-11 1.650838042302626731e-11 -8.713540235632218284e-12 3.220453564030151364e-12 6.626076023626659355e-12 -5.166962334725062454e-12 -2.764111271234497376e-14 2.488078559789219691e-12 9.433504645866837377e-12 1.763488413346556595e-11 3.590549557468597217e-11 1.599730964074251691e-11 8.457475193599171894e-12 7.958642321273418693e-12 5.916504123803446531e-12 1.660775742463979600e-12 -9.044197988278949504e-13 1.946626818731199955e-12 2.642669362440619219e-12 5.925523001658037185e-13 -1.205678195972708962e-12 -4.597719432747622007e-13
-1.492746944424708979e-11 -2.408502464393922802e-11 -1.426559132528345311e-11 -2.749630387304591999e-12 1.172050315465490295e-11 1.878223433210778055e-11 -1.196531288573820797e-11 -5.091203864369337069e-12 3.811689766408057771e-12 -2.901797363811879883e-12 4.094019460367423015e-12 1.859124800089666906e-12 1.025487901028446646e-11 1.165677097680908719e-11 1.599730964074251691e-11 3.425822136928432231e-11 1.430345959716818947e-11 4.540700314298721617e-12 1.698275517828367062e-12 1.761386081507281029e-12 4.099558853770132414e-13 8.701335570277527412e-14 1.287525598165208946e-12 7.545956714717156869e-13 -9.309474098997045383e-13 -5.115229687619376972e-13
-8.696213572918046784e-12 -3.859751962583374302e-12 -7.514110630008285113e-12 1.115523720027293127e-11 1.319948628823083165e-11 1.243755993622103996e-11 -4.260323374078884401e-12 -3.452951364206794422e-12 3.302752660931461752e-12 -3.133605739342378789e-12 1.985971551079137842e-12 -2.768375242645706051e-12 4.164994102511730952e-13 1.883240255473129889e-12 8.457475193599171894e-12 1.430345959716818947e-11 2.723090844298093170e-11 1.088878955425260160e-11 4.142899970174027199e-12 3.105017519641942243e-12 -3.901810210245497766e-13 -6.971375810868264198e-13 7.035849449594435163e-13 1.051997265495478276e-13 9.559488098305123693e-13 -3.639918261588692747e-13
-1.200853328467647169e-11 -2.863051786370998131e-11 -1.141414757455506084e-11 -9.025370829890969535e-12 1.818662810689395520e-11 1.039468796860033468e-11 -2.548209968559736227e-12 1.101193557167386425e-11 3.907954085374907232e-12 -2.635732791450551711e-12 2.177837818526647998e-12 -1.049798896480529460e-12 -2.043744056777679084e-12 4.286771693437774748e-12 7.958642321273418693e-12 4.540700314298721617e-12 1.088878955425260160e-11 2.634593521373058503e-11 1.381368864027045961e-11 5.585728151762558319e-12 3.297773856298164285e-12 1.316405802510084255e-12 3.007179963147291846e-13 5.954370256202220170e-13 -6.449870586868955701e-13 -1.032025373768709727e-13
1.389781329191645624e-11 1.305198358159967822e-11 -1.260436382140869683e-11 9.841929769694620384e-12 2.272486383283585039e-12 1.009116620865730979e-11 -1.013512269891360376e-11 8.885359791297065867e-12 2.982877537766281981e-12 -3.129861071448139733e-12 -4.103900344230822468e-12 -5.192284329590597781e-12 -4.242535008523261112e-12 3.605029234474856715e-12 5.916504123803446531e-12 1.698275517828367062e-12 4.142899970174027199e-12 1.381368864027045961e-11 2.778339257751691460e-11 1.320663719332972172e-11 6.388156607487280013e-12 3.682664318962890612e-12 7.745447891224717429e-13 3.896213180559211125e-13 -1.040361602692197372e-12 -1.929922318623852781e-12
1.030244487507404343e-11 -9.174642868311162118e-12 -2.388891861149650871e-11 -5.125252732313196444e-12 -6.685329962276626629e-12 -1.978806148854293788e-12 8.198358531850283492e-13 4.982779720345643456e-12 -2.928046482768250450e-12 -7.381357332215403419e-13 -3.920943123794068651e-12 -5.945710767639479893e-13 -8.021875208327510358e-13 2.063082599592101020e-12 1.660775742463979600e-12 1.761386081507281029e-12 3.105017519641942243e-12 5.585728151762558319e-12 1.320663719332972172e-11 2.326114467100216971e-11 1.044002185517936680e-11 5.181252660970273126e-12 -9.074181817464901665e-13 -1.351367510112508663e-12 -7.734590644475264561e-13 -1.119572397770624472e-12
1.963334088099232792e-12 -8.902728244648273281e-12 1.234115137100104154e-11 -1.647511323226024209e-12 5.396445676247329011e-12 -7.565265748449837788e-12 6.075405549783799419e-12 -1.287373450845377747e-12 1.565951725632803865e-12 2.039677341730256710e-12 -1.735893018541606338e-12 2.542422773834385762e-13 -3.482980678223716065e-13 -1.022638880381632147e-12 -9.044197988278949504e-13 4.099558853770132414e-13 -3.901810210245497766e-13 3.297773856298164285e-12 6.388156607487280013e-12 1.044002185517936680e-11 2.071891377516526282e-11 8.920865381859032823e-12 9.486847588099913882e-13 -1.814718921130235182e-13 -1.169042691942961120e-12 -1.659385273848147321e-12
7.965146844090850352e-12 -1.013408587693803422e-12 -4.276182899612047162e-12 -1.097828603947470651e-11 1.139005205532290431e-12 -6.099182759328490019e-12 1.809306662064566535e-12 1.237164639616891707e-12 2.438898110675776104e-12 -1.091902909567944912e-12 -2.973670513949734274e-12 3.897855670571551509e-13 -7.833801433287014472e-13 -7.552269409982673264e-13 1.946626818731199955e-12 8.701335570277527412e-14 -6.971375810868264198e-13 1.316405802510084255e-12 3.682664318962890612e-12 5.181252660970273126e-12 8.920865381859032823e-12 1.480616255720873187e-11 5.775402768897902146e-12 3.250826119117802319e-13 -4.300182299177236478e-13 -1.718161454272501208e-12
-1.575864366819833181e-11 2.903684906663417244e-12 1.549402514322170239e-11 -6.744265467925038708e-12 -8.369150181223024180e-12 3.363020505643685605e-14 -7.821676942792438983e-13 -5.203219670428892227e-13 -1.365442611985380547e-12 -2.320256491111988393e-12 -2.123950114278944113e-12 1.758416358994989988e-12 -2.467206154176783016e-13 6.507989659506016165e-13 2.642669362440619219e-12 1.287525598165208946e-12 7.035849449594435163e-13 3.007179963147291846e-13 7.745447891224717429e-13 -9.074181817464901665e-13 9.486847588099913882e-13 5.775402768897902146e-12 1.279982754895694564e-11 3.296636385676290015e-12 4.987557337398360064e-13 -6.201622841888331288e-13
-2.080857813000392199e-11 5.685771528017835570e-12 8.908090501546019293e-12 -2.702298664556660134e-12 -2.213850255811460433e-12 2.196063468012254270e-12 -1.063382891115898055e-13 1.453236892925596581e-12 -4.095193738296127188e-12 -1.818772234195413264e-12 -2.169473503173933102e-13 9.218578217658516669e-13 -7.058517858726314880e-13 8.751072403598955976e-13 5.925523001658037185e-13 7.545956714717156869e-13 1.051997265495478276e-13 5.954370256202220170e-13 3.896213180559211125e-13 -1.351367510112508663e-12 -1.814718921130235182e-13 3.250826119117802319e-13 3.296636385676290015e-12 8.851534979437981095e-12 2.418395871857267330e-12 -3.186330106562684344e-13
1.256068800301256395e-13 1.188662440664176616e-11 -4.777943335427995812e-12 -1.104536339792282392e-11 -4.588807717027891156e-13 2.810891048123724706e-12 3.939311005213688983e-12 -1.169418617796350358e-13 -2.944168951727703393e-12 -7.468578498896361946e-13 -1.994659592245946815e-12 4.472095224893926878e-13 -1.028552378502449980e-12 -7.118999460198995128e-13 -1.205678195972708962e-12 -9.309474098997045383e-13 9.559488098305123693e-13 -6.449870586868955701e-13 -1.040361602692197372e-12 -7.734590644475264561e-13 -1.169042691942961120e-12 -4.300182299177236478e-13 4.987557337398360064e-13 2.418395871857267330e-12 6.920915850923521290e-12 5.715778146060463928e-13
9.134596080432877864e-13 -1.032371595003806732e-11 6.194889918178149832e-13 -1.826237534450715291e-12 -3.590741032340001192e-12 -6.463140911648690983e-12 3.674594953523533366e-12 4.142600893365833422e-13 1.567973148643380814e-12 3.505072019523295816e-12 8.816144184142542030e-14 9.206243858915445497e-13 -1.206681216451203848e-12 6.324309173514408325e-13 -4.597719432747622007e-13 -5.115229687619376972e-13 -3.639918261588692747e-13 -1.032025373768709727e-13 -1.929922318623852781e-12 -1.119572397770624472e-12 -1.659385273848147321e-12 -1.718161454272501208e-12 -6.201622841888331288e-13 -3.186330106562684344e-13 5.715778146060463928e-13 4.754017664492688835e-12
