3.126041027590980736e-09 -1.613630874363517616e-10 3.998548150010085933e-11 -3.914026310005351031e-13 5.203386017742371339e-11 -5.427058367124451487e-11 1.501239710923006828e-10 2.900554421744276567e-11 2.760136495159696089e-11 -2.636062948319119785e-12 2.710099688719725629e-11 -3.649481124716630377e-11 2.801829763239540758e-11 1.439563685488911244e-11 2.823637429946016290e-11 1.516911158980918523e-11 -9.180097060003904904e-12 2.697471675440814942e-12 -8.259922610148526761e-12 4.687364390099484182e-12 1.131142248420449316e-11 -2.497122178641484094e-11 -2.059537369447195866e-11 2.284035596399277658e-13 -1.332584819256023415e-12 4.812005660611750762e-12
-1.613630874363517616e-10 1.989295877225588659e-09 -1.644344797985813616e-10 -7.654088678144950176e-11 -4.250898347612199221e-11 -3.092724969783394572e-11 -2.997060965383618809e-11 -2.105395755836550320e-11 5.656450842502297887e-12 -4.807067864562789742e-12 3.596583026295246718e-11 4.221022723185484572e-11 2.121139955724998484e-11 -2.212157877818382912e-11 -1.051214661861009789e-11 -5.452793316641951141e-12 6.447113910952611058e-12 -1.839347608974988872e-12 2.576829994770142537e-12 1.581224830552098835e-12 -1.505647338645609231e-12 -2.964320961664768296e-12 1.791113174538237251e-11 9.585291941476702452e-12 -6.190806437422211818e-12 -3.181111433285755082e-12
3.998548150010085933e-11 -1.644344797985813616e-10 9.309856523666059876e-10 4.371239769949251955e-11 5.632007138668472015e-11 -1.642113667636243527e-11 5.461557940214837735e-11 -2.185148028817107720e-11 -3.081789901255558591e-11 -9.371288285756020912e-13 -1.302429077353203883e-11 -2.107447506771542148e-11 -2.400024757320843934e-11 -2.603037715028848809e-11 -5.289851266006116950e-12 -1.281558849143898143e-12 -1.891470417577207188e-12 1.354420329859331865e-11 3.974549444147388133e-12 6.066952395486591057e-13 -2.693606752541846871e-12 5.742948401160820525e-12 4.838386109155105890e-12 4.331844812884546290e-12 7.596303326205408296e-12 6.425536782545743758e-12
-3.914026310005351031e-13 -7.654088678144950176e-11 4.371239769949251955e-11 7.465808358814965155e-10 1.196821585928378496e-11 6.210037230556507324e-11 -8.493106383550698747e-12 5.593505847888923612e-11 2.967861125455206459e-11 8.670319701254301041e-12 4.670360306456725964e-12 2.409451476475688073e-11 2.319622641838783480e-11 1.776258066924660302e-11 1.130222276988132344e-12 5.023174673236775429e-12 4.309817241461848518e-13 9.601614234094866925e-12 -1.467312990787502564e-12 5.955089531308374551e-12 8.120343064166709826e-12 6.394215767916668819e-12 4.872828066224763239e-12 3.677532594985721063e-12 3.759759665237679378e-12 -4.134007297047733554e-12
5.203386017742371339e-11 -4.250898347612199221e-11 5.632007138668472015e-11 1.196821585928378496e-11 4.977677216452034110e-10 4.320471951999504660e-11 3.730878846434359790e-11 -1.462869086907210469e-12 -1.069218203913440443e-11 -7.172265005672919786e-13 7.571322339329565824e-12 8.840477408816987239e-12 -8.005737423556407366e-12 4.893787090091100685e-12 4.855149585376448977e-12 7.115048148115874620e-12 3.478540055825923797e-12 -2.147509679501688367e-12 -5.712569524420546138e-12 -1.094858662402635634e-13 -9.508539743253378861e-13 1.954730528681805133e-12 -5.655886456204223166e-14 -1.034014211337021583e-12 3.610548119004412285e-12 4.117929522222630963e-12
-5.427058367124451487e-11 -3.092724969783394572e-11 -1.642113667636243527e-11 6.210037230556507324e-11 4.320471951999504660e-11 3.549434770693172458e-10 3.849817442789675244e-11 5.375101592096664732e-11 2.246646970250858547e-11 1.443502269871865519e-11 1.007214965064675411e-11 -3.439765325685860077e-12 -8.088435311980267977e-12 -4.228362782454599699e-12 -1.409259889105870317e-12 -1.152069211700233277e-14 1.098056783759103379e-12 3.256484670461838911e-12 1.912270630987361724e-12 5.468048846630170039e-12 1.148708311554141522e-11 4.865642483079195091e-12 -2.285355543894917278e-12 2.965238763549830822e-13 -3.379750307251401478e-12 -2.077037880547564516e-13
1.501239710923006828e-10 -2.997060965383618809e-11 5.461557940214837735e-11 -8.493106383550698747e-12 3.730878846434359790e-11 3.849817442789675244e-11 2.644984915148297225e-10 4.670175496922129710e-11 -3.591454244711373133e-12 1.645464699570991444e-11 2.395517492265651697e-12 -3.741360512773045451e-13 -3.128275196129408385e-12 -4.249600418827154410e-12 -2.040717380489045248e-12 1.943382806702660403e-12 -3.457986488554643045e-12 1.696216761250963096e-12 2.907222786421695148e-12 6.690377384505396277e-13 2.096567640979532075e-14 -5.003011441355259549e-12 -7.741281505965950519e-14 -3.425490899135461855e-13 3.136858759858740125e-12 1.356807415896931561e-12
2.900554421744276567e-11 -2.105395755836550320e-11 -2.185148028817107720e-11 5.593505847888923612e-11 -1.462869086907210469e-12 5.375101592096664732e-11 4.670175496922129710e-11 1.618826405158273611e-10 3.157310727895764422e-11 1.710211552342079597e-11 2.668318120481407372e-12 7.970732767624695990e-12 6.519844104716147805e-12 -6.668735490987009899e-13 5.200379870564393437e-12 5.848734074510545548e-12 1.606991609367187446e-12 2.666029305002007310e-12 7.965350895762053118e-13 1.394362019437414233e-12 2.140830982100886767e-12 -4.861191163368087757e-12 -4.571986169200408527e-12 -6.965996161475411210e-13 -8.111838212039954369e-13 -1.912189937793296635e-12
2.760136495159696089e-11 5.656450842502297887e-12 -3.081789901255558591e-11 2.967861125455206459e-11 -1.069218203913440443e-11 2.246646970250858547e-11 -3.591454244711373133e-12 3.157310727895764422e-11 1.071223747842515168e-10 2.732139800443437788e-11 8.750062533891359781e-12 1.025004462413696714e-11 1.209494478820157244e-11 4.147919824680999352e-12 1.634721605248232220e-12 3.238253757206483126e-12 3.490271597620764354e-12 -1.414276511870834344e-13 1.980638985225164308e-13 3.333670175368325666e-13 5.947893542296809503e-12 -2.600753608992805463e-13 -7.558310386184005075e-13 -4.122783714965769543e-14 -1.368143999721197473e-12 -1.866193437782347392e-12
-2.636062948319119785e-12 -4.807067864562789742e-12 -9.371288285756020912e-13 8.670319701254301041e-12 -7.172265005672919786e-13 1.443502269871865519e-11 1.645464699570991444e-11 1.710211552342079597e-11 2.732139800443437788e-11 6.854981483677554030e-11 2.526637020153027648e-11 7.034573251447764629e-12 8.673094257507544739e-12 3.796639762387402594e-12 4.391341556109553008e-12 6.931399181002505240e-12 3.165215199678191373e-12 -3.369876663366381893e-12 -2.095209520699718261e-12 -1.347119968549020760e-12 1.491563345997988795e-12 -9.395927913476181052e-14 -2.254464929900499600e-13 2.679716979594316760e-14 1.482825611615102330e-13 -1.109022737839383177e-12
2.710099688719725629e-11 3.596583026295246718e-11 -1.302429077353203883e-11 4.670360306456725964e-12 7.571322339329565824e-12 1.007214965064675411e-11 2.395517492265651697e-12 2.668318120481407372e-12 8.750062533891359781e-12 2.526637020153027648e-11 6.444536836449938191e-11 2.217990062946001366e-11 8.735141016515027716e-12 6.448530179515078827e-12 5.410498684173142249e-12 4.950469359385596780e-12 2.100055670042205926e-12 -1.938038461127348714e-12 -4.362674838915244630e-12 -2.499723843051290647e-12 -7.695374135014308649e-13 3.135072528481478124e-13 3.394852839013412346e-14 -9.694119630545770955e-14 1.319087750917138019e-12 9.144826004094235489e-13
-3.649481124716630377e-11 4.221022723185484572e-11 -2.107447506771542148e-11 2.409451476475688073e-11 8.840477408816987239e-12 -3.439765325685860077e-12 -3.741360512773045451e-13 7.970732767624695990e-12 1.025004462413696714e-11 7.034573251447764629e-12 2.217990062946001366e-11 5.343372617973332756e-11 1.833035760972180132e-11 1.026368324739160267e-11 8.123457409282775037e-12 4.364384595401578028e-12 5.209894809154300879e-12 2.475607648609511861e-12 1.645140729106704163e-12 1.545091657349323417e-12 4.197998479099948588e-12 1.312308026764590272e-12 7.279926009297935160e-13 -3.029140652598558942e-13 7.949492573878176642e-13 -5.438580864839320822e-13
2.801829763239540758e-11 2.121139955724998484e-11 -2.400024757320843934e-11 2.319622641838783480e-11 -8.005737423556407366e-12 -8.088435311980267977e-12 -3.128275196129408385e-12 6.519844104716147805e-12 1.209494478820157244e-11 8.673094257507544739e-12 8.735141016515027716e-12 1.833035760972180132e-11 4.172751694072323138e-11 1.862909151458564686e-11 1.276519583031210198e-11 1.022011527470900446e-11 5.208002945809816147e-12 3.041519617834490121e-12 3.987214360398371176e-12 4.762320276067001603e-12 3.102535550548757678e-12 -9.433937577219103744e-13 -9.286594987676504475e-13 -4.678348917133936202e-13 3.002418667618705994e-13 -4.123930517741818673e-13
1.439563685488911244e-11 -2.212157877818382912e-11 -2.603037715028848809e-11 1.776258066924660302e-11 4.893787090091100685e-12 -4.228362782454599699e-12 -4.249600418827154410e-12 -6.668735490987009899e-13 4.147919824680999352e-12 3.796639762387402594e-12 6.448530179515078827e-12 1.026368324739160267e-11 1.862909151458564686e-11 3.747222013831736443e-11 1.681253680674915275e-11 7.913914305165383669e-12 7.332077814761895441e-12 3.856433705070632980e-12 3.821852205542312027e-12 3.898716902955420201e-12 2.784898932130980842e-12 -4.192581148818632353e-13 -1.550087608131340457e-12 -8.901625597494954996e-13 -1.182977962198222570e-12 -1.014550756108639141e-12
2.823637429946016290e-11 -1.051214661861009789e-11 -5.289851266006116950e-12 1.130222276988132344e-12 4.855149585376448977e-12 -1.409259889105870317e-12 -2.040717380489045248e-12 5.200379870564393437e-12 1.634721605248232220e-12 4.391341556109553008e-12 5.410498684173142249e-12 8.123457409282775037e-12 1.276519583031210198e-11 1.681253680674915275e-11 2.761101257189166788e-11 1.116794429930222249e-11 6.321885242966601108e-12 2.598801378974374823e-12 5.174040489383239953e-13 1.365953731290686122e-12 5.423934978104488545e-13 -2.470491855084066277e-12 -2.118873153635436213e-12 -5.084453954299969437e-13 -2.164079395750945517e-13 4.275100420255231394e-13
1.516911158980918523e-11 -5.452793316641951141e-12 -1.281558849143898143e-12 5.023174673236775429e-12 7.115048148115874620e-12 -1.152069211700233277e-14 1.943382806702660403e-12 5.848734074510545548e-12 3.238253757206483126e-12 6.931399181002505240e-12 4.950469359385596780e-12 4.364384595401578028e-12 1.022011527470900446e-11 7.913914305165383669e-12 1.116794429930222249e-11 2.143573165860107139e-11 1.009286316179047985e-11 4.515801155857006274e-12 2.596347711843816190e-12 2.403247887506781705e-13 -9.998775799403828487e-13 -2.562155360044482049e-13 -6.218639664374193008e-13 9.476496026861330041e-13 6.203091254180244963e-13 2.938764912150100984e-13
-9.180097060003904904e-12 6.447113910952611058e-12 -1.891470417577207188e-12 4.309817241461848518e-13 3.478540055825923797e-12 1.098056783759103379e-12 -3.457986488554643045e-12 1.606991609367187446e-12 3.490271597620764354e-12 3.165215199678191373e-12 2.100055670042205926e-12 5.209894809154300879e-12 5.208002945809816147e-12 7.332077814761895441e-12 6.321885242966601108e-12 1.009286316179047985e-11 2.103497349829016838e-11 1.032676024748430350e-11 5.331380254597926643e-12 3.001713017026990121e-12 8.941494125934855919e-13 2.953235845099173755e-13 3.715553046408960160e-13 1.050918960161463207e-12 1.044986951203576700e-12 8.674659615826798542e-13
2.697471675440814942e-12 -1.839347608974988872e-12 1.354420329859331865e-11 9.601614234094866925e-12 -2.147509679501688367e-12 3.256484670461838911e-12 1.696216761250963096e-12 2.666029305002007310e-12 -1.414276511870834344e-13 -3.369876663366381893e-12 -1.938038461127348714e-12 2.475607648609511861e-12 3.041519617834490121e-12 3.856433705070632980e-12 2.598801378974374823e-12 4.515801155857006274e-12 1.032676024748430350e-11 1.937844323304549530e-11 1.117418614844001316e-11 6.187302814560508630e-12 2.508939463337419500e-12 1.429224155615841275e-12 1.102607209512276225e-12 -4.445911340593877616e-15 2.006412378101962626e-13 1.115609919739709267e-13
-8.259922610148526761e-12 2.576829994770142537e-12 3.974549444147388133e-12 -1.467312990787502564e-12 -5.712569524420546138e-12 1.912270630987361724e-12 2.907222786421695148e-12 7.965350895762053118e-13 1.980638985225164308e-13 -2.095209520699718261e-12 -4.362674838915244630e-12 1.645140729106704163e-12 3.987214360398371176e-12 3.821852205542312027e-12 5.174040489383239953e-13 2.596347711843816190e-12 5.331380254597926643e-12 1.117418614844001316e-11 1.645642734775195056e-11 9.361748693215653868e-12 3.548956958487019409e-12 1.243265463945859425e-12 5.286337062832884247e-13 -6.229777013925226368e-13 2.301535901297158254e-14 1.495928382219481268e-13
4.687364390099484182e-12 1.581224830552098835e-12 6.066952395486591057e-13 5.955089531308374551e-12 -1.094858662402635634e-13 5.468048846630170039e-12 6.690377384505396277e-13 1.394362019437414233e-12 3.333670175368325666e-13 -1.347119968549020760e-12 -2.499723843051290647e-12 1.545091657349323417e-12 4.762320276067001603e-12 3.898716902955420201e-12 1.365953731290686122e-12 2.403247887506781705e-13 3.001713017026990121e-12 6.187302814560508630e-12 9.361748693215653868e-12 1.614399784975635759e-11 8.684988777525721111e-12 1.321207422896799497e-12 -1.383063969460351534e-13 -7.037809582591954574e-13 -1.574140281269047879e-14 -3.110696324467661073e-13
1.131142248420449316e-11 -1.505647338645609231e-12 -2.693606752541846871e-12 8.120343064166709826e-12 -9.508539743253378861e-13 1.148708311554141522e-11 2.096567640979532075e-14 2.140830982100886767e-12 5.947893542296809503e-12 1.491563345997988795e-12 -7.695374135014308649e-13 4.197998479099948588e-12 3.102535550548757678e-12 2.784898932130980842e-12 5.423934978104488545e-13 -9.998775799403828487e-13 8.941494125934855919e-13 2.508939463337419500e-12 3.548956958487019409e-12 8.684988777525721111e-12 1.567123913540947961e-11 4.505618773723598963e-12 9.541621346507758424e-13 -6.664018004827905449e-13 -5.907320976935709942e-13 -1.090410908019458595e-12
-2.497122178641484094e-11 -2.964320961664768296e-12 5.742948401160820525e-12 6.394215767916668819e-12 1.954730528681805133e-12 4.865642483079195091e-12 -5.003011441355259549e-12 -4.861191163368087757e-12 -2.600753608992805463e-13 -9.395927913476181052e-14 3.135072528481478124e-13 1.312308026764590272e-12 -9.433937577219103744e-13 -4.192581148818632353e-13 -2.470491855084066277e-12 -2.562155360044482049e-13 2.953235845099173755e-13 1.429224155615841275e-12 1.243265463945859425e-12 1.321207422896799497e-12 4.505618773723598963e-12 8.544814360630216702e-12 2.579662539129402612e-12 -6.409826910612272057e-14 3.219601091462614359e-14 -5.809197580043569540e-13
-2.059537369447195866e-11 1.791113174538237251e-11 4.838386109155105890e-12 4.872828066224763239e-12 -5.655886456204223166e-14 -2.285355543894917278e-12 -7.741281505965950519e-14 -4.571986169200408527e-12 -7.558310386184005075e-13 -2.254464929900499600e-13 3.394852839013412346e-14 7.279926009297935160e-13 -9.286594987676504475e-13 -1.550087608131340457e-12 -2.118873153635436213e-12 -6.218639664374193008e-13 3.715553046408960160e-13 1.102607209512276225e-12 5.286337062832884247e-13 -1.383063969460351534e-13 9.541621346507758424e-13 2.579662539129402612e-12 6.423834339597170417e-12 1.619389785595614860e-12 -5.002988015211616702e-14 -4.695112733942041467e-13
2.284035596399277658e-13 9.585291941476702452e-12 4.331844812884546290e-12 3.677532594985721063e-12 -1.034014211337021583e-12 2.965238763549830822e-13 -3.425490899135461855e-13 -6.965996161475411210e-13 -4.122783714965769543e-14 2.679716979594316760e-14 -9.694119630545770955e-14 -3.029140652598558942e-13 -4.678348917133936202e-13 -8.901625597494954996e-13 -5.084453954299969437e-13 9.476496026861330041e-13 1.050918960161463207e-12 -4.445911340593877616e-15 -6.229777013925226368e-13 -7.037809582591954574e-13 -6.664018004827905449e-13 -6.409826910612272057e-14 1.619389785595614860e-12 5.164219147465376326e-12 4.359791547374101242e-13 -7.647240429628314059e-14
-1.332584819256023415e-12 -6.190806437422211818e-12 7.596303326205408296e-12 3.759759665237679378e-12 3.610548119004412285e-12 -3.379750307251401478e-12 3.136858759858740125e-12 -8.111838212039954369e-13 -1.368143999721197473e-12 1.482825611615102330e-13 1.319087750917138019e-12 7.949492573878176642e-13 3.002418667618705994e-13 -1.182977962198222570e-12 -2.164079395750945517e-13 6.203091254180244963e-13 1.044986951203576700e-12 2.006412378101962626e-13 2.301535901297158254e-14 -1.574140281269047879e-14 -5.907320976935709942e-13 3.219601091462614359e-14 -5.002988015211616702e-14 4.359791547374101242e-13 3.836347673445283117e-12 1.240137938279806979e-12
4.812005660611750762e-12 -3.181111433285755082e-12 6.425536782545743758e-12 -4.134007297047733554e-12 4.117929522222630963e-12 -2.077037880547564516e-13 1.356807415896931561e-12 -1.912189937793296635e-12 -1.866193437782347392e-12 -1.109022737839383177e-12 9.144826004094235489e-13 -5.438580864839320822e-13 -4.123930517741818673e-13 -1.014550756108639141e-12 4.275100420255231394e-13 2.938764912150100984e-13 8.674659615826798542e-13 1.115609919739709267e-13 1.495928382219481268e-13 -3.110696324467661073e-13 -1.090410908019458595e-12 -5.809197580043569540e-13 -4.695112733942041467e-13 -7.647240429628314059e-14 1.240137938279806979e-12 3.225408873875533425e-12
