4.693178295237795478e-09 3.017734882599180161e-10 -2.709836105396226794e-10 1.987942003295903869e-10 2.278879430743989081e-10 -3.959577274783475962e-11 3.175900253766787741e-11 -1.470363046130337973e-11 -8.604623976384962894e-12 2.399457153121107393e-11 2.806534115383755289e-11 2.663184152226819909e-11 -2.129444171618392122e-11 -2.261970845674095802e-12 6.220401056711497992e-11 6.647641891717991787e-11 4.537835211956502959e-11 4.751454607925557999e-11 3.878887223659004132e-11 3.024712088661824785e-11 -1.029062674933069445e-12 3.794566285562047024e-11 4.367924043278823003e-11 3.826530127777622176e-11 4.339777918129747143e-12 -1.251445998289008404e-11
3.017734882599180161e-10 3.077572479286406213e-09 1.411837718490272632e-10 -4.278153160378375543e-11 -5.562123114657182016e-11 2.614206243681939351e-11 1.410554726070393386e-11 -5.884397665702308039e-11 -5.009775111899118566e-11 1.969367002006313089e-11 -2.371450990848392669e-11 -2.594888885560866084e-11 1.160350046374259799e-11 -1.085596207655330434e-11 -3.964991357864366544e-11 -5.024071011887764326e-11 -4.967227357914866579e-11 -6.328815868355880674e-12 -2.011567144118477305e-12 3.319724660554751201e-11 1.249466879207488497e-11 1.086708600141950172e-11 9.573297640652005511e-12 -7.900765323259413068e-12 -1.915484151657313110e-12 1.359269138956757783e-12
-2.709836105396226794e-10 1.411837718490272632e-10 1.803661309043724616e-09 1.391985071695474871e-10 -1.344878091058947259e-11 3.643380945226258850e-11 8.036074014752419352e-11 6.388683066840711071e-11 3.415900754899160753e-11 1.683504793983502572e-11 3.001258798322233553e-12 -2.237838452043326670e-11 -4.981547619615704320e-11 -1.340296337366783128e-11 -1.180409084655040817e-11 1.518249119581852703e-12 -9.405452673921289438e-12 -1.840253934321034935e-11 2.507997846258807439e-11 2.766961435071862786e-11 9.219669129719518095e-12 5.685462790351613359e-12 1.418727117438975181e-12 1.800665676045899291e-11 1.370459095280591863e-11 2.583297256424390050e-12
1.987942003295903869e-10 -4.278153160378375543e-11 1.391985071695474871e-10 1.342042865524378011e-09 1.673638280837170860e-11 1.435787245046920468e-10 1.874449349613133104e-12 -9.173641008012816530e-11 -3.462085786236472320e-11 -9.316113625698110999e-12 1.684630492775059590e-11 -6.699780963309416933e-13 -1.700934152580445735e-12 -9.170214322962929641e-12 1.181477705479967732e-11 8.202728157386282894e-12 2.916267677369742080e-11 2.142351935705599886e-11 7.565815328180320325e-12 -9.918507142776973954e-12 -7.196632032879061093e-12 -6.067156606620253422e-12 1.802644426207021718e-12 1.168905705601956516e-11 7.555524673352983207e-12 1.365867542655753253e-11
2.278879430743989081e-10 -5.562123114657182016e-11 -1.344878091058947259e-11 1.673638280837170860e-11 7.292448519619664840e-10 2.469917423537303883e-11 1.477473665320159630e-11 3.225759669816945487e-11 -9.468283286890583166e-12 2.516622848304036057e-11 5.088584960924110013e-12 1.223563736505094044e-11 -2.278887027422165310e-11 -1.792894354238297414e-11 -1.367659120016303039e-11 -1.517665797136632494e-11 1.132976576747365737e-11 1.575798377720101374e-11 8.841202747265612216e-12 8.663820081710232690e-12 -1.451697228564657481e-12 2.595315176285166782e-12 -6.598510022757098089e-13 -2.748754787579043724e-12 -3.801741969154810439e-12 -4.717974337489239401e-12
-3.959577274783475962e-11 2.614206243681939351e-11 3.643380945226258850e-11 1.435787245046920468e-10 2.469917423537303883e-11 5.788344835050352160e-10 4.049445469100707016e-11 8.433796073197079102e-12 1.743603484975628095e-12 2.627660422945907436e-11 1.307794273322879502e-11 2.529100948381804521e-11 2.029135184079895523e-11 4.988460797192188310e-12 -1.102634256648379181e-11 -2.926275968339690368e-12 -2.149124445928290292e-11 -4.158300145974870727e-12 5.995070212199099261e-12 -3.726893452737647596e-12 -6.535613158313234685e-12 -1.584521377400227745e-11 -3.583891359229844814e-12 -2.233405950186917329e-12 5.566908370382343017e-12 3.003575676274356894e-12
3.175900253766787741e-11 1.410554726070393386e-11 8.036074014752419352e-11 1.874449349613133104e-12 1.477473665320159630e-11 4.049445469100707016e-11 4.269527115164520548e-10 3.715421334807782591e-11 8.523411912033784995e-12 2.257066208434702163e-12 1.094064921152621231e-11 2.433981670973528987e-11 -4.093135897287894210e-12 2.677507767028203050e-12 1.681162489698044565e-12 1.940522059464266412e-12 8.723151332731995653e-12 1.128954509027492447e-11 1.556426652518794033e-11 1.080650523235671883e-11 3.775727371713643947e-12 -5.304591450909098097e-13 1.021508441671405250e-12 7.654937507442901142e-12 -4.859448248781975597e-13 2.086853277286078424e-12
-1.470363046130337973e-11 -5.884397665702308039e-11 6.388683066840711071e-11 -9.173641008012816530e-11 3.225759669816945487e-11 8.433796073197079102e-12 3.715421334807782591e-11 2.473956370361753241e-10 3.162135998644274207e-11 -2.288113677859225046e-13 2.045237723166407009e-11 8.959195213764616274e-12 -3.045608496337576985e-12 -7.166826368985973254e-12 -1.196037542650796253e-11 -8.676515684705748150e-12 -6.597386054774350952e-12 1.974052238999501275e-12 -7.734553705962221436e-12 -4.872794091095865817e-12 -7.740655170888125462e-12 -1.189475328535068655e-12 6.858495870484448046e-12 -6.773874221846445717e-13 -4.087351009338596605e-12 -2.508234604529908350e-12
-8.604623976384962894e-12 -5.009775111899118566e-11 3.415900754899160753e-11 -3.462085786236472320e-11 -9.468283286890583166e-12 1.743603484975628095e-12 8.523411912033784995e-12 3.162135998644274207e-11 1.992722181786544442e-10 3.013428208748355242e-11 2.730471973225111235e-11 2.810356378075346608e-11 1.276313957201818538e-11 7.422573587570570459e-12 1.391537235032664875e-11 2.673593938452035076e-13 -2.972320361223319232e-12 -1.151473181320661095e-12 4.164710081050822117e-12 3.198090826383984064e-12 -5.115118777780638531e-14 -1.041705067834211493e-12 2.666527177549339077e-12 2.965110027998329477e-12 2.961972873692410612e-12 -2.553973918839515555e-12
2.399457153121107393e-11 1.969367002006313089e-11 1.683504793983502572e-11 -9.316113625698110999e-12 2.516622848304036057e-11 2.627660422945907436e-11 2.257066208434702163e-12 -2.288113677859225046e-13 3.013428208748355242e-11 1.425970494029474127e-10 3.888124198457821144e-11 1.918080514861984245e-11 2.037693947339910815e-11 6.338712394486236917e-12 4.294098305576758670e-13 2.067274112772326484e-12 -4.531131656998728355e-12 -8.950000765377904197e-13 9.894467015495250722e-12 6.944362533872985839e-12 -9.134409673631365573e-14 -8.562274199530728108e-13 -5.069344471478678041e-13 -8.943215641368465070e-13 3.030261409030049287e-12 4.564638054874615851e-13
2.806534115383755289e-11 -2.371450990848392669e-11 3.001258798322233553e-12 1.684630492775059590e-11 5.088584960924110013e-12 1.307794273322879502e-11 1.094064921152621231e-11 2.045237723166407009e-11 2.730471973225111235e-11 3.888124198457821144e-11 9.810034759689463105e-11 5.363148726674898946e-11 2.389903892798537531e-11 1.729782863089327456e-11 1.107436171551540358e-11 4.322003889859383037e-12 5.334582418752684356e-12 5.433744744877193871e-12 -1.223931939979099195e-12 -3.191903131541025556e-12 1.856551158809834262e-12 -2.744811926249090581e-12 -1.654277395573523503e-12 -2.618849848259419643e-13 2.239127951503528799e-12 -1.061796847932147805e-12
2.663184152226819909e-11 -2.594888885560866084e-11 -2.237838452043326670e-11 -6.699780963309416933e-13 1.223563736505094044e-11 2.529100948381804521e-11 2.433981670973528987e-11 8.959195213764616274e-12 2.810356378075346608e-11 1.918080514861984245e-11 5.363148726674898946e-11 9.592128184319784023e-11 3.402271610474712816e-11 2.398634054082527946e-11 9.999055552885212704e-12 8.361598493919940757e-12 4.395412285691636018e-12 4.740611431138309766e-12 -1.665584786225319719e-12 1.037760028489928548e-12 4.788755440138978053e-12 -2.721537201318143136e-12 -3.491421338064601806e-13 -7.277586346960543626e-13 1.219378351600936643e-12 -4.529411471492691827e-13
-2.129444171618392122e-11 1.160350046374259799e-11 -4.981547619615704320e-11 -1.700934152580445735e-12 -2.278887027422165310e-11 2.029135184079895523e-11 -4.093135897287894210e-12 -3.045608496337576985e-12 1.276313957201818538e-11 2.037693947339910815e-11 2.389903892798537531e-11 3.402271610474712816e-11 7.825790517217262532e-11 3.728299056560441527e-11 1.231851088290532784e-11 9.864589738653029114e-12 -1.085094888420126520e-12 -1.158827145474668334e-12 -4.549953066841265761e-12 -4.293409138207851212e-12 -1.877227174082505294e-12 -1.381738991097730338e-12 -1.509925907939123479e-12 1.218428066604774921e-12 2.095106220786366787e-12 2.810233718053852549e-12
-2.261970845674095802e-12 -1.085596207655330434e-11 -1.340296337366783128e-11 -9.170214322962929641e-12 -1.792894354238297414e-11 4.988460797192188310e-12 2.677507767028203050e-12 -7.166826368985973254e-12 7.422573587570570459e-12 6.338712394486236917e-12 1.729782863089327456e-11 2.398634054082527946e-11 3.728299056560441527e-11 5.949394470568987688e-11 2.482218927369617197e-11 1.594931292727815607e-11 9.033281669958445858e-12 4.053868706616743361e-12 5.722485208072320535e-12 3.380608005124541140e-12 2.953680601670361126e-12 -2.666727519715058725e-12 -3.242374618610536548e-12 7.335918047509267281e-13 -4.039251303879394600e-13 2.201382670852190449e-12
6.220401056711497992e-11 -3.964991357864366544e-11 -1.180409084655040817e-11 1.181477705479967732e-11 -1.367659120016303039e-11 -1.102634256648379181e-11 1.681162489698044565e-12 -1.196037542650796253e-11 1.391537235032664875e-11 4.294098305576758670e-13 1.107436171551540358e-11 9.999055552885212704e-12 1.231851088290532784e-11 2.482218927369617197e-11 5.507035516906926290e-11 2.571211677796822682e-11 1.242509939200494808e-11 7.183733113701056461e-12 7.917457442158382130e-12 -7.655338715100603137e-15 2.825916184875956470e-12 2.340250515001930691e-12 7.003234517968020508e-13 2.125590019701278146e-12 -1.978393431914907583e-12 -4.122114309548138692e-12
6.647641891717991787e-11 -5.024071011887764326e-11 1.518249119581852703e-12 8.202728157386282894e-12 -1.517665797136632494e-11 -2.926275968339690368e-12 1.940522059464266412e-12 -8.676515684705748150e-12 2.673593938452035076e-13 2.067274112772326484e-12 4.322003889859383037e-12 8.361598493919940757e-12 9.864589738653029114e-12 1.594931292727815607e-11 2.571211677796822682e-11 4.543158312391276838e-11 2.058499910859216607e-11 1.453822742410233543e-11 9.119925423459380633e-12 5.167686131350355582e-12 4.714258055623984661e-12 5.692321289397123244e-13 -1.326747878931247968e-13 1.289387223304717200e-12 -1.520071115280524857e-12 -2.230189214568404463e-12
4.537835211956502959e-11 -4.967227357914866579e-11 -9.405452673921289438e-12 2.916267677369742080e-11 1.132976576747365737e-11 -2.149124445928290292e-11 8.723151332731995653e-12 -6.597386054774350952e-12 -2.972320361223319232e-12 -4.531131656998728355e-12 5.334582418752684356e-12 4.395412285691636018e-12 -1.085094888420126520e-12 9.033281669958445858e-12 1.242509939200494808e-11 2.058499910859216607e-11 3.744990058039901000e-11 1.816411104981514940e-11 9.941174507512198566e-12 6.282621595328221484e-12 6.434509161171054915e-12 2.341095501597950999e-12 6.386290406266236929e-13 3.509960416361509680e-12 -4.550875438177266529e-13 -1.681333487078249020e-12
4.751454607925557999e-11 -6.328815868355880674e-12 -1.840253934321034935e-11 2.142351935705599886e-11 1.575798377720101374e-11 -4.158300145974870727e-12 1.128954509027492447e-11 1.974052238999501275e-12 -1.151473181320661095e-12 -8.950000765377904197e-13 5.433744744877193871e-12 4.740611431138309766e-12 -1.158827145474668334e-12 4.053868706616743361e-12 7.183733113701056461e-12 1.453822742410233543e-11 1.816411104981514940e-11 3.599537434566317487e-11 2.086026406915729471e-11 1.040309589472225289e-11 4.613835854494907613e-12 7.614920088664269717e-13 -6.691115246037072149e-13 3.008431827477230824e-12 -1.315396915063752265e-12 -2.610958930735322006e-12
3.878887223659004132e-11 -2.011567144118477305e-12 2.507997846258807439e-11 7.565815328180320325e-12 8.841202747265612216e-12 5.995070212199099261e-12 1.556426652518794033e-11 -7.734553705962221436e-12 4.164710081050822117e-12 9.894467015495250722e-12 -1.223931939979099195e-12 -1.665584786225319719e-12 -4.549953066841265761e-12 5.722485208072320535e-12 7.917457442158382130e-12 9.119925423459380633e-12 9.941174507512198566e-12 2.086026406915729471e-11 3.815828248152204636e-11 1.959574337737209691e-11 7.016159232816603769e-12 2.152261213901277736e-12 -9.180002044756907643e-13 2.739639672266769923e-12 -8.740759441364325173e-13 -1.381693739310534459e-12
3.024712088661824785e-11 3.319724660554751201e-11 2.766961435071862786e-11 -9.918507142776973954e-12 8.663820081710232690e-12 -3.726893452737647596e-12 1.080650523235671883e-11 -4.872794091095865817e-12 3.198090826383984064e-12 6.944362533872985839e-12 -3.191903131541025556e-12 1.037760028489928548e-12 -4.293409138207851212e-12 3.380608005124541140e-12 -7.655338715100603137e-15 5.167686131350355582e-12 6.282621595328221484e-12 1.040309589472225289e-11 1.959574337737209691e-11 3.542121206553068340e-11 1.700255184092753226e-11 3.296462496306513458e-12 -7.480029861745264240e-13 1.334031559349124467e-12 -5.212655828565868324e-13 1.509307788116685859e-12
-1.029062674933069445e-12 1.249466879207488497e-11 9.219669129719518095e-12 -7.196632032879061093e-12 -1.451697228564657481e-12 -6.535613158313234685e-12 3.775727371713643947e-12 -7.740655170888125462e-12 -5.115118777780638531e-14 -9.134409673631365573e-14 1.856551158809834262e-12 4.788755440138978053e-12 -1.877227174082505294e-12 2.953680601670361126e-12 2.825916184875956470e-12 4.714258055623984661e-12 6.434509161171054915e-12 4.613835854494907613e-12 7.016159232816603769e-12 1.700255184092753226e-11 2.864389694595492829e-11 9.269998152593176913e-12 1.659757024225544969e-12 2.265771789754922794e-12 4.409352524346694359e-13 1.253238452971195534e-12
3.794566285562047024e-11 1.086708600141950172e-11 5.685462790351613359e-12 -6.067156606620253422e-12 2.595315176285166782e-12 -1.584521377400227745e-11 -5.304591450909098097e-13 -1.189475328535068655e-12 -1.041705067834211493e-12 -8.562274199530728108e-13 -2.744811926249090581e-12 -2.721537201318143136e-12 -1.381738991097730338e-12 -2.666727519715058725e-12 2.340250515001930691e-12 5.692321289397123244e-13 2.341095501597950999e-12 7.614920088664269717e-13 2.152261213901277736e-12 3.296462496306513458e-12 9.269998152593176913e-12 1.984628484013997529e-11 9.676413334530736914e-12 2.054017427897551783e-12 4.159102350054137883e-13 -3.724631155870817069e-13
4.367924043278823003e-11 9.573297640652005511e-12 1.418727117438975181e-12 1.802644426207021718e-12 -6.598510022757098089e-13 -3.583891359229844814e-12 1.021508441671405250e-12 6.858495870484448046e-12 2.666527177549339077e-12 -5.069344471478678041e-13 -1.654277395573523503e-12 -3.491421338064601806e-13 -1.509925907939123479e-12 -3.242374618610536548e-12 7.003234517968020508e-13 -1.326747878931247968e-13 6.386290406266236929e-13 -6.691115246037072149e-13 -9.180002044756907643e-13 -7.480029861745264240e-13 1.659757024225544969e-12 9.676413334530736914e-12 1.764592168188319339e-11 4.805604335624645156e-12 2.545118240182970976e-13 6.467362465513412336e-13
3.826530127777622176e-11 -7.900765323259413068e-12 1.800665676045899291e-11 1.168905705601956516e-11 -2.748754787579043724e-12 -2.233405950186917329e-12 7.654937507442901142e-12 -6.773874221846445717e-13 2.965110027998329477e-12 -8.943215641368465070e-13 -2.618849848259419643e-13 -7.277586346960543626e-13 1.218428066604774921e-12 7.335918047509267281e-13 2.125590019701278146e-12 1.289387223304717200e-12 3.509960416361509680e-12 3.008431827477230824e-12 2.739639672266769923e-12 1.334031559349124467e-12 2.265771789754922794e-12 2.054017427897551783e-12 4.805604335624645156e-12 1.388847389388222502e-11 3.929276209429841436e-12 -7.497574487510940650e-13
4.339777918129747143e-12 -1.915484151657313110e-12 1.370459095280591863e-11 7.555524673352983207e-12 -3.801741969154810439e-12 5.566908370382343017e-12 -4.859448248781975597e-13 -4.087351009338596605e-12 2.961972873692410612e-12 3.030261409030049287e-12 2.239127951503528799e-12 1.219378351600936643e-12 2.095106220786366787e-12 -4.039251303879394600e-13 -1.978393431914907583e-12 -1.520071115280524857e-12 -4.550875438177266529e-13 -1.315396915063752265e-12 -8.740759441364325173e-13 -5.212655828565868324e-13 4.409352524346694359e-13 4.159102350054137883e-13 2.545118240182970976e-13 3.929276209429841436e-12 1.021448919209988996e-11 2.695695991168637722e-12
-1.251445998289008404e-11 1.359269138956757783e-12 2.583297256424390050e-12 1.365867542655753253e-11 -4.717974337489239401e-12 3.003575676274356894e-12 2.086853277286078424e-12 -2.508234604529908350e-12 -2.553973918839515555e-12 4.564638054874615851e-13 -1.061796847932147805e-12 -4.529411471492691827e-13 2.810233718053852549e-12 2.201382670852190449e-12 -4.122114309548138692e-12 -2.230189214568404463e-12 -1.681333487078249020e-12 -2.610958930735322006e-12 -1.381693739310534459e-12 1.509307788116685859e-12 1.253238452971195534e-12 -3.724631155870817069e-13 6.467362465513412336e-13 -7.497574487510940650e-13 2.695695991168637722e-12 1.031554053470250525e-11
