2.228371541597368133e-09 1.721455896242968358e-10 1.807212315773261174e-11 -8.668272104767833367e-11 7.915731958608609021e-11 8.944170479480604448e-12 3.625730032499904760e-11 -1.327229528753483732e-11 -4.641061418125409398e-11 3.994147253939616019e-12 -3.116031038816704519e-12 1.391947524942882498e-11 5.912902422270692774e-11 1.400926385921088415e-11 -2.406726058135393306e-11 1.025903279692234787e-11 1.082333051660789765e-11 1.024421212299886031e-11 1.424433702762027328e-11 6.826671346950892712e-12 1.501718829266575057e-11 -8.736782674048515292e-13 3.478746098452002232e-12 3.996895486757059214e-12 5.602296145761316785e-12 7.228426602746114611e-12
1.721455896242968358e-10 1.406754471833356477e-09 5.057211775210815613e-11 1.023716086577381073e-10 6.673698078898456089e-11 6.964207284271847201e-12 2.460186429103899208e-11 1.271815181153335032e-11 1.462300762679210997e-12 -1.074500090992052377e-11 -7.406220710824179666e-12 -3.018250756617545892e-12 2.401582146042187934e-12 5.238381107607959322e-12 -1.651979269944004212e-11 -2.927792559285947980e-12 -7.414407056967309606e-12 -8.829756476803968750e-12 -4.583382233980170277e-12 -6.267001326359429141e-12 1.170734967855950843e-11 2.151505627463851933e-11 8.626285502276471948e-12 6.670853890124991452e-13 4.032610374161089351e-12 -4.674594864912871465e-12
1.807212315773261174e-11 5.057211775210815613e-11 7.747949478423752613e-10 3.016587310550380449e-11 2.001669256804734367e-11 -1.980405888637895509e-11 1.933767391678780761e-11 -9.729120323588973898e-12 -1.947223431356978706e-11 -1.132829560216372918e-12 1.439929910415981308e-12 -1.631772535277780045e-11 -4.395012438325985143e-12 3.548285615752005559e-12 2.677575971678404638e-12 -1.621953273585172835e-11 -2.058096853740096659e-11 -1.519031372461966883e-11 -1.045797129330003945e-11 -8.674386598574045449e-12 -1.249910275312735936e-11 -9.953306383389146272e-12 -6.171600300392086284e-12 4.621427756263861077e-12 3.559868221666841433e-12 -6.316778060860674804e-12
-8.668272104767833367e-11 1.023716086577381073e-10 3.016587310550380449e-11 5.799747316897758177e-10 8.946963587504958527e-11 3.121163429725635623e-11 4.589706503837799123e-11 -1.482506601714466890e-12 -2.187816660371725064e-11 -1.598508752493499996e-11 -1.445777028322497576e-11 -5.633322354725317126e-12 8.560834932859253431e-12 1.021435875687473866e-11 8.580214040211370979e-12 -1.917479182325952916e-12 3.276676080756247581e-12 9.038068622224246813e-14 -3.757335765240559027e-12 -8.570312657979726931e-13 2.118335439353577084e-12 9.089847952429092321e-12 1.165133029276228148e-11 2.875804622286599061e-13 2.682725660196328389e-12 1.490377524522930591e-12
7.915731958608609021e-11 6.673698078898456089e-11 2.001669256804734367e-11 8.946963587504958527e-11 3.941288671184635458e-10 3.515597130060327522e-11 6.227313296087398478e-12 -8.222527661659280733e-12 1.367494412606262644e-11 1.390123741961150918e-12 -2.503924369123263631e-12 1.318334269202683575e-11 1.712431570912591315e-12 -2.163188515594084221e-13 -8.847514039802897118e-12 -4.423781070044844993e-12 -4.701355471511774799e-12 -6.697843443256989079e-13 -4.572543755289398315e-12 -3.145395224290859007e-12 3.342512489236371138e-12 6.538687191566170558e-12 2.007215210152189262e-12 -2.038121195722219397e-12 -2.571501146357432580e-12 -2.128484698624566785e-12
8.944170479480604448e-12 6.964207284271847201e-12 -1.980405888637895509e-11 3.121163429725635623e-11 3.515597130060327522e-11 2.916396108535179479e-10 7.350607977022637584e-11 3.144992655414420384e-11 6.558013399218732543e-12 1.689442926130221937e-12 1.164443228572327219e-11 1.430477854380269897e-11 1.048882832624053069e-11 1.278938660665392804e-12 7.203749650236595138e-12 6.329098052347992808e-12 -1.457349172342275632e-13 5.610509634484918068e-12 9.543198911296201537e-12 4.700707659604414617e-12 4.917482799163281936e-12 3.347689327061944233e-12 7.092617932317100493e-12 2.584948564156277902e-12 -5.740337741201497189e-13 -6.920802219275019798e-13
3.625730032499904760e-11 2.460186429103899208e-11 1.933767391678780761e-11 4.589706503837799123e-11 6.227313296087398478e-12 7.350607977022637584e-11 2.268762459322561442e-10 3.890624789331133370e-11 1.326835420138097773e-11 6.508734368402238581e-12 4.101592225059470335e-12 4.722747075459445893e-13 -3.146682306600534138e-13 -2.577759048167940317e-12 -9.300318594515439631e-12 -5.087759288843740077e-12 -6.007954404058340115e-12 -1.987566032867588322e-16 -1.022835968804355225e-12 -9.654738066616424139e-13 1.964636856098091996e-12 1.474275252415820954e-13 -3.308051000531061259e-12 -2.038850616350320058e-12 5.131729855505103036e-14 2.219379192973931232e-12
-1.327229528753483732e-11 1.271815181153335032e-11 -9.729120323588973898e-12 -1.482506601714466890e-12 -8.222527661659280733e-12 3.144992655414420384e-11 3.890624789331133370e-11 1.275865439328607135e-10 2.585444984754731404e-11 1.509201195878671913e-11 6.914992871624688951e-12 1.545824682600710782e-11 6.057717525340229267e-12 1.287408691557466675e-13 -7.227252714501461919e-12 -7.085994033210064122e-12 -1.131183907553299054e-12 -3.535556519950219017e-12 -3.618416747695603340e-13 -5.376739992535731541e-13 -5.576160338527837882e-12 -2.261478372410996620e-12 2.751643670511721507e-12 -2.682712515305623591e-12 -3.415033354102752583e-12 -1.517735915601050656e-12
-4.641061418125409398e-11 1.462300762679210997e-12 -1.947223431356978706e-11 -2.187816660371725064e-11 1.367494412606262644e-11 6.558013399218732543e-12 1.326835420138097773e-11 2.585444984754731404e-11 1.137225219421271271e-10 1.924474422190395411e-11 6.346018961318948312e-12 2.772871191685526989e-12 7.272447143255115109e-13 -2.032436625706664115e-12 3.905159225118591012e-13 -1.156935839432471763e-12 -3.463370498380242934e-12 1.536582161123111915e-13 2.490883691429672247e-12 1.739195438040795874e-12 -3.025674735714314845e-12 1.706626538896865908e-12 2.274607584645419456e-12 1.308201719156446788e-12 6.067055561777965900e-13 -5.048565228889042595e-13
3.994147253939616019e-12 -1.074500090992052377e-11 -1.132829560216372918e-12 -1.598508752493499996e-11 1.390123741961150918e-12 1.689442926130221937e-12 6.508734368402238581e-12 1.509201195878671913e-11 1.924474422190395411e-11 7.687683602667496515e-11 1.467491481797203328e-11 5.568583878792887966e-12 4.910280436398666171e-12 1.492099744354310698e-12 -1.299797853653814635e-12 -2.242343504328541549e-12 1.790792000545745364e-12 -3.080190849661184530e-13 -2.168539769803861255e-12 2.569695015810452133e-12 1.100478898430736387e-13 -1.500707069102896836e-12 -3.729743027810123936e-12 -3.116128271107241776e-12 -3.321721570889911805e-12 -1.536380524221507391e-12
-3.116031038816704519e-12 -7.406220710824179666e-12 1.439929910415981308e-12 -1.445777028322497576e-11 -2.503924369123263631e-12 1.164443228572327219e-11 4.101592225059470335e-12 6.914992871624688951e-12 6.346018961318948312e-12 1.467491481797203328e-11 6.016370303056047280e-11 1.674783863033831577e-11 1.205433866760314674e-11 1.123629852639159047e-11 7.671071050684321258e-12 4.394131418074523210e-12 -5.565261362187596780e-13 -2.713869857533534041e-13 1.356750446449452537e-12 -2.754185750042368137e-13 -2.748595185022358866e-12 1.695521238543132092e-13 -5.408780320882044583e-13 -6.768556686635270916e-14 1.370860430066154621e-13 2.108233167609339297e-13
1.391947524942882498e-11 -3.018250756617545892e-12 -1.631772535277780045e-11 -5.633322354725317126e-12 1.318334269202683575e-11 1.430477854380269897e-11 4.722747075459445893e-13 1.545824682600710782e-11 2.772871191685526989e-12 5.568583878792887966e-12 1.674783863033831577e-11 4.943526480700139188e-11 1.732000433277629564e-11 1.014243029433776837e-11 4.057688980753255694e-12 -1.348933297065192141e-12 8.662285010830155783e-14 -6.600851035669735145e-13 -9.469502683881014871e-13 -1.819372298129450059e-12 1.120338929562466343e-13 2.043225111889010366e-12 6.835162229428860709e-13 1.576935747751325977e-12 -8.655177746237629362e-13 5.840887230353173629e-13
5.912902422270692774e-11 2.401582146042187934e-12 -4.395012438325985143e-12 8.560834932859253431e-12 1.712431570912591315e-12 1.048882832624053069e-11 -3.146682306600534138e-13 6.057717525340229267e-12 7.272447143255115109e-13 4.910280436398666171e-12 1.205433866760314674e-11 1.732000433277629564e-11 4.267178182844029910e-11 1.677265819857068069e-11 7.585032968324616251e-12 6.806562051153616052e-12 3.654072705457708947e-12 -6.106471577363828776e-13 1.141373313852810580e-12 -1.134869096984136923e-12 -1.427179801188172116e-12 1.059180149132984282e-12 1.920718921647229076e-12 1.782481454405588502e-12 1.662915318610205992e-13 -1.494561357476079699e-13
1.400926385921088415e-11 5.238381107607959322e-12 3.548285615752005559e-12 1.021435875687473866e-11 -2.163188515594084221e-13 1.278938660665392804e-12 -2.577759048167940317e-12 1.287408691557466675e-13 -2.032436625706664115e-12 1.492099744354310698e-12 1.123629852639159047e-11 1.014243029433776837e-11 1.677265819857068069e-11 3.065465350604279999e-11 1.585165912309520927e-11 8.216228833883474026e-12 3.498608772553777596e-12 1.004806744209003022e-12 -4.614195345155124605e-13 -2.291714789934800148e-12 -1.404521452468842652e-13 9.780842547701971505e-13 1.463520650768301327e-13 1.208083245143966437e-12 2.577629797638524538e-13 -2.725447156178668938e-13
-2.406726058135393306e-11 -1.651979269944004212e-11 2.677575971678404638e-12 8.580214040211370979e-12 -8.847514039802897118e-12 7.203749650236595138e-12 -9.300318594515439631e-12 -7.227252714501461919e-12 3.905159225118591012e-13 -1.299797853653814635e-12 7.671071050684321258e-12 4.057688980753255694e-12 7.585032968324616251e-12 1.585165912309520927e-11 3.034513187398259919e-11 1.492960174929671384e-11 6.038673009734765382e-12 2.639818506902849168e-12 6.976753979609046542e-13 1.223439086332712965e-13 1.305070283998094906e-12 2.361539759684701606e-12 5.723205408466376662e-14 1.007433333869284357e-12 -1.190818728495428423e-12 -1.840846636954425771e-12
1.025903279692234787e-11 -2.927792559285947980e-12 -1.621953273585172835e-11 -1.917479182325952916e-12 -4.423781070044844993e-12 6.329098052347992808e-12 -5.087759288843740077e-12 -7.085994033210064122e-12 -1.156935839432471763e-12 -2.242343504328541549e-12 4.394131418074523210e-12 -1.348933297065192141e-12 6.806562051153616052e-12 8.216228833883474026e-12 1.492960174929671384e-11 2.564629602471398293e-11 1.090006289137206673e-11 4.996099535983453025e-12 2.926587406959155783e-12 1.775980923496860962e-12 2.057766094520707756e-12 1.239271807888478451e-12 1.409219071436989182e-12 1.913540081720733007e-12 4.858127015815836145e-14 -5.870244133947743341e-13
1.082333051660789765e-11 -7.414407056967309606e-12 -2.058096853740096659e-11 3.276676080756247581e-12 -4.701355471511774799e-12 -1.457349172342275632e-13 -6.007954404058340115e-12 -1.131183907553299054e-12 -3.463370498380242934e-12 1.790792000545745364e-12 -5.565261362187596780e-13 8.662285010830155783e-14 3.654072705457708947e-12 3.498608772553777596e-12 6.038673009734765382e-12 1.090006289137206673e-11 2.137775645417203118e-11 1.026270529813614853e-11 4.794011362397121497e-12 2.362553726045839017e-12 1.845112386205489166e-12 1.220394229540131676e-12 7.486008016910873762e-13 1.311051850606311282e-12 4.210534624771418530e-13 -3.471084128300423024e-13
1.024421212299886031e-11 -8.829756476803968750e-12 -1.519031372461966883e-11 9.038068622224246813e-14 -6.697843443256989079e-13 5.610509634484918068e-12 -1.987566032867588322e-16 -3.535556519950219017e-12 1.536582161123111915e-13 -3.080190849661184530e-13 -2.713869857533534041e-13 -6.600851035669735145e-13 -6.106471577363828776e-13 1.004806744209003022e-12 2.639818506902849168e-12 4.996099535983453025e-12 1.026270529813614853e-11 1.602433926287138505e-11 7.230266616642849796e-12 3.823351602789578945e-12 2.003305930570910715e-12 4.004472895162308563e-13 -3.795416475324945193e-14 1.473374595583911559e-12 7.322952179658118638e-13 1.543554731900190090e-13
1.424433702762027328e-11 -4.583382233980170277e-12 -1.045797129330003945e-11 -3.757335765240559027e-12 -4.572543755289398315e-12 9.543198911296201537e-12 -1.022835968804355225e-12 -3.618416747695603340e-13 2.490883691429672247e-12 -2.168539769803861255e-12 1.356750446449452537e-12 -9.469502683881014871e-13 1.141373313852810580e-12 -4.614195345155124605e-13 6.976753979609046542e-13 2.926587406959155783e-12 4.794011362397121497e-12 7.230266616642849796e-12 1.423336741457920297e-11 7.026409307967621508e-12 3.265387059404973687e-12 4.443820472825387621e-13 3.572489989346421567e-13 1.449112745652875726e-12 8.471677708520403577e-13 2.950081721265234170e-13
6.826671346950892712e-12 -6.267001326359429141e-12 -8.674386598574045449e-12 -8.570312657979726931e-13 -3.145395224290859007e-12 4.700707659604414617e-12 -9.654738066616424139e-13 -5.376739992535731541e-13 1.739195438040795874e-12 2.569695015810452133e-12 -2.754185750042368137e-13 -1.819372298129450059e-12 -1.134869096984136923e-12 -2.291714789934800148e-12 1.223439086332712965e-13 1.775980923496860962e-12 2.362553726045839017e-12 3.823351602789578945e-12 7.026409307967621508e-12 1.399011645994893030e-11 7.327501634325603689e-12 1.817673240134601472e-12 4.302120490183692206e-13 5.093571869396110396e-13 -1.594698686944510414e-13 1.522267411874126750e-13
1.501718829266575057e-11 1.170734967855950843e-11 -1.249910275312735936e-11 2.118335439353577084e-12 3.342512489236371138e-12 4.917482799163281936e-12 1.964636856098091996e-12 -5.576160338527837882e-12 -3.025674735714314845e-12 1.100478898430736387e-13 -2.748595185022358866e-12 1.120338929562466343e-13 -1.427179801188172116e-12 -1.404521452468842652e-13 1.305070283998094906e-12 2.057766094520707756e-12 1.845112386205489166e-12 2.003305930570910715e-12 3.265387059404973687e-12 7.327501634325603689e-12 1.206998431723740746e-11 4.910778983895189728e-12 1.188683819853467543e-12 2.186273005222061584e-13 -8.872226019996427064e-13 -6.088950042170703644e-13
-8.736782674048515292e-13 2.151505627463851933e-11 -9.953306383389146272e-12 9.089847952429092321e-12 6.538687191566170558e-12 3.347689327061944233e-12 1.474275252415820954e-13 -2.261478372410996620e-12 1.706626538896865908e-12 -1.500707069102896836e-12 1.695521238543132092e-13 2.043225111889010366e-12 1.059180149132984282e-12 9.780842547701971505e-13 2.361539759684701606e-12 1.239271807888478451e-12 1.220394229540131676e-12 4.004472895162308563e-13 4.443820472825387621e-13 1.817673240134601472e-12 4.910778983895189728e-12 9.876399612670145136e-12 5.192824059351797444e-12 2.036743088199107192e-12 2.209677762381406617e-13 -1.935850334462361882e-13
3.478746098452002232e-12 8.626285502276471948e-12 -6.171600300392086284e-12 1.165133029276228148e-11 2.007215210152189262e-12 7.092617932317100493e-12 -3.308051000531061259e-12 2.751643670511721507e-12 2.274607584645419456e-12 -3.729743027810123936e-12 -5.408780320882044583e-13 6.835162229428860709e-13 1.920718921647229076e-12 1.463520650768301327e-13 5.723205408466376662e-14 1.409219071436989182e-12 7.486008016910873762e-13 -3.795416475324945193e-14 3.572489989346421567e-13 4.302120490183692206e-13 1.188683819853467543e-12 5.192824059351797444e-12 9.285250482775132750e-12 3.738176538384409709e-12 9.779780865194770914e-13 6.904687362333170462e-13
3.996895486757059214e-12 6.670853890124991452e-13 4.621427756263861077e-12 2.875804622286599061e-13 -2.038121195722219397e-12 2.584948564156277902e-12 -2.038850616350320058e-12 -2.682712515305623591e-12 1.308201719156446788e-12 -3.116128271107241776e-12 -6.768556686635270916e-14 1.576935747751325977e-12 1.782481454405588502e-12 1.208083245143966437e-12 1.007433333869284357e-12 1.913540081720733007e-12 1.311051850606311282e-12 1.473374595583911559e-12 1.449112745652875726e-12 5.093571869396110396e-13 2.186273005222061584e-13 2.036743088199107192e-12 3.738176538384409709e-12 7.548467325192864466e-12 3.742125322465280765e-12 8.742488070746569173e-13
5.602296145761316785e-12 4.032610374161089351e-12 3.559868221666841433e-12 2.682725660196328389e-12 -2.571501146357432580e-12 -5.740337741201497189e-13 5.131729855505103036e-14 -3.415033354102752583e-12 6.067055561777965900e-13 -3.321721570889911805e-12 1.370860430066154621e-13 -8.655177746237629362e-13 1.662915318610205992e-13 2.577629797638524538e-13 -1.190818728495428423e-12 4.858127015815836145e-14 4.210534624771418530e-13 7.322952179658118638e-13 8.471677708520403577e-13 -1.594698686944510414e-13 -8.872226019996427064e-13 2.209677762381406617e-13 9.779780865194770914e-13 3.742125322465280765e-12 6.262739624296306200e-12 1.536935212098194165e-12
7.228426602746114611e-12 -4.674594864912871465e-12 -6.316778060860674804e-12 1.490377524522930591e-12 -2.128484698624566785e-12 -6.920802219275019798e-13 2.219379192973931232e-12 -1.517735915601050656e-12 -5.048565228889042595e-13 -1.536380524221507391e-12 2.108233167609339297e-13 5.840887230353173629e-13 -1.494561357476079699e-13 -2.725447156178668938e-13 -1.840846636954425771e-12 -5.870244133947743341e-13 -3.471084128300423024e-13 1.543554731900190090e-13 2.950081721265234170e-13 1.522267411874126750e-13 -6.088950042170703644e-13 -1.935850334462361882e-13 6.904687362333170462e-13 8.742488070746569173e-13 1.536935212098194165e-12 3.829412260554745880e-12
