2.482213946020225076e-09 -3.255599493372798585e-11 1.253319203776306116e-10 -1.618055655921390254e-10 -6.730644786582818282e-12 8.498932031155632765e-11 -4.749343163330464136e-12 4.121608836160255850e-11 1.897045777962993937e-12 -4.165023104788392551e-11 6.511006778922699580e-12 2.983250307283844712e-12 1.598201008872809676e-11 9.434774613967532742e-12 7.695423451345998463e-12 -9.185421079298936875e-12 3.583656467716735780e-12 -7.638120852960240566e-13 -1.354118290970758035e-11 -1.605322942180205949e-11 -9.244738585664451524e-12 3.127221234614100113e-12 -9.817491459034716292e-12 2.262263073632508337e-12 1.778557808105688416e-12 -1.285629298597276311e-13
-3.255599493372798585e-11 1.800185144856259117e-09 4.070510292892887887e-11 -1.196877791279530726e-10 1.193357080637814824e-11 -6.645060607099087759e-11 3.327440529563245274e-11 -4.894609688121629566e-12 -7.465443844937415085e-12 4.251901294804382880e-12 -3.525161960577463729e-11 -3.421266000371552865e-11 -9.920610112079266514e-12 -1.699863013932877750e-11 -1.222887107129219480e-11 -1.254384735588487448e-12 5.984277201202065916e-12 -5.345957259179177617e-12 -6.774404958583695547e-12 -7.256998926019110407e-13 -2.297527570157074022e-12 -3.956344427583053027e-12 2.566039118378701661e-12 1.363970731401263901e-12 -1.525774783130850187e-12 -2.599931411526944205e-12
1.253319203776306116e-10 4.070510292892887887e-11 1.312985612546231000e-09 2.265268942375622093e-10 5.134418482530950307e-11 -1.979621589270501501e-13 -1.340672616279935898e-11 -2.472606497592716506e-11 -3.015591405822355258e-11 2.954172203931351334e-12 -1.784167174898097533e-11 -4.253408118251679896e-12 -4.035992792052489440e-11 -1.287497268801909941e-11 -7.064783536006942362e-12 -4.403623232726072116e-12 3.069621730614989832e-12 1.413536909385489912e-11 -2.959837230043285208e-13 3.915823915282685266e-12 -5.221360195563489479e-12 -4.669900211704901156e-12 -1.422967820686270979e-12 1.119566285495557888e-11 -4.148278475930579299e-13 -2.535069069103290222e-12
-1.618055655921390254e-10 -1.196877791279530726e-10 2.265268942375622093e-10 9.044297680307254883e-10 2.906574026921439856e-11 8.544329624134415498e-11 6.683417551617971750e-12 1.845648757930307681e-11 -1.975512429553699668e-12 2.234177849734211651e-11 1.128280119156161254e-11 -2.236324429078654366e-12 -8.632167895021622734e-12 -1.894735058930908356e-12 9.296401912657044504e-12 -3.827282980343716838e-13 3.174664525523888775e-12 1.338533697082519912e-11 7.430868627384673086e-12 1.017797868412294858e-11 2.705155526058087998e-12 8.581287107279766986e-12 -1.786905314530025852e-13 1.035832023929512165e-12 5.849297624597105657e-13 3.777091501457014098e-12
-6.730644786582818282e-12 1.193357080637814824e-11 5.134418482530950307e-11 2.906574026921439856e-11 5.239609656861389517e-10 6.115280504134106586e-11 5.894950808119931339e-12 1.906898138188008058e-11 1.592387007200871187e-11 2.148126862750306815e-12 -4.859158116475587935e-13 8.400334096214464832e-12 -2.556480222290997384e-12 2.272009757269789083e-12 -1.184452306121499012e-12 6.900978871178947911e-12 3.450067911241151132e-12 2.434729478681125550e-12 2.604654903205546022e-12 -9.784122607956180986e-12 -4.055533315006093593e-12 -1.849215488941874652e-12 -5.947063715518415607e-12 2.078046693725415132e-12 2.530386111700281806e-12 -2.803307219807524874e-12
8.498932031155632765e-11 -6.645060607099087759e-11 -1.979621589270501501e-13 8.544329624134415498e-11 6.115280504134106586e-11 3.315133996086257219e-10 5.006751570768121719e-12 -3.276454196088643192e-12 -1.571153890453211539e-12 -1.070821729095632071e-11 -5.014091069112953469e-12 1.162406108348438131e-12 -5.386255534411397219e-12 4.823225334510703735e-12 6.458275180314212015e-12 3.912100456347574114e-12 -1.548824483230980457e-12 5.305579090545229857e-12 9.807794783719915556e-13 -3.128267115306905645e-12 1.006082312258725453e-13 2.711705615295372320e-12 -3.032444243934637151e-12 1.881672252054117395e-13 1.138950328040670589e-12 2.839335848836392273e-12
-4.749343163330464136e-12 3.327440529563245274e-11 -1.340672616279935898e-11 6.683417551617971750e-12 5.894950808119931339e-12 5.006751570768121719e-12 2.157867962859923434e-10 1.857818558511329666e-11 2.177055129894562372e-11 -4.561596453384061157e-12 2.032902969416234458e-12 7.936029544962763505e-12 -6.584207079469565629e-12 5.889469002639980624e-12 1.108274442233979424e-11 5.473876505318612300e-12 4.583184758151380645e-13 2.514009754925131479e-12 2.121245769690601549e-12 -2.696512537926227064e-12 -1.575764528186841880e-12 1.716628526178527126e-13 1.819707575916397617e-13 -1.286757366960664909e-12 3.320391275828764777e-13 -1.165788792989845184e-12
4.121608836160255850e-11 -4.894609688121629566e-12 -2.472606497592716506e-11 1.845648757930307681e-11 1.906898138188008058e-11 -3.276454196088643192e-12 1.857818558511329666e-11 1.436605954737717662e-10 1.478822820310331959e-11 3.732994880213076213e-12 5.013186768220851109e-12 7.792934263126891461e-12 5.869766977474787280e-12 3.209499062354576832e-12 5.497719810247330735e-12 -1.343283619518082411e-12 -5.194531651488060788e-13 -9.516662927058628013e-13 -1.520919404707724380e-12 -1.181567709178654438e-12 -9.192143591599448247e-13 1.498458461371012948e-12 7.699704775013106378e-13 8.571856535807802744e-13 1.845306933691681212e-14 9.744243429504873625e-14
1.897045777962993937e-12 -7.465443844937415085e-12 -3.015591405822355258e-11 -1.975512429553699668e-12 1.592387007200871187e-11 -1.571153890453211539e-12 2.177055129894562372e-11 1.478822820310331959e-11 1.034458025448412469e-10 7.366293437762333458e-12 1.032588338472064927e-11 1.115884413844498327e-11 -4.428325322123303019e-12 -5.590575734073793020e-12 1.493778388931088245e-13 4.007640958230699348e-12 4.095843435237644878e-12 1.159398836191185825e-12 -4.625085769181148120e-13 6.122489202277549566e-13 2.829746087836510944e-12 1.032555167727663159e-12 2.236219566705953393e-12 -5.556881013361778437e-13 7.137948984655416260e-13 2.194598474918457770e-13
-4.165023104788392551e-11 4.251901294804382880e-12 2.954172203931351334e-12 2.234177849734211651e-11 2.148126862750306815e-12 -1.070821729095632071e-11 -4.561596453384061157e-12 3.732994880213076213e-12 7.366293437762333458e-12 7.275986647873993298e-11 9.629334848150330950e-12 4.519557217020649672e-12 -9.177293552516727705e-13 4.203101985271038620e-13 4.013454984640548582e-12 -2.505126541863698900e-13 5.791851989006533528e-12 3.559014507614037970e-12 -6.028955437303357178e-13 1.135992278096395996e-13 -1.122428190432707124e-12 -5.334515364772145914e-13 3.415617522368591075e-13 -6.207301216816608108e-14 -1.811355630570738426e-13 -9.727683173993909088e-13
6.511006778922699580e-12 -3.525161960577463729e-11 -1.784167174898097533e-11 1.128280119156161254e-11 -4.859158116475587935e-13 -5.014091069112953469e-12 2.032902969416234458e-12 5.013186768220851109e-12 1.032588338472064927e-11 9.629334848150330950e-12 4.752975645635523793e-11 1.205068074748907077e-11 7.794689373352611470e-12 3.499736337012976508e-12 2.215670556118304715e-12 5.869535057290723490e-13 2.101281146791775921e-12 1.374444241969465433e-12 1.366470696520045037e-12 2.444145741085835835e-12 1.697805133651916645e-12 7.431014207912381468e-13 -5.832810627387868299e-13 -1.634203532647312490e-12 -2.861129964517143967e-13 -2.105938280515743444e-13
2.983250307283844712e-12 -3.421266000371552865e-11 -4.253408118251679896e-12 -2.236324429078654366e-12 8.400334096214464832e-12 1.162406108348438131e-12 7.936029544962763505e-12 7.792934263126891461e-12 1.115884413844498327e-11 4.519557217020649672e-12 1.205068074748907077e-11 4.427844476067065253e-11 9.243390678083870125e-12 7.160017383068414730e-12 7.122868974971663950e-12 2.697870309623926405e-12 5.295767346599861820e-12 3.066749157648228617e-12 -9.492741493761390347e-13 -1.358179663282316648e-13 -5.809878978003107984e-13 -1.016132284635225688e-12 -5.883010276572981929e-14 -8.777878168824337715e-13 7.694531977580905757e-13 5.609562535611822453e-14
1.598201008872809676e-11 -9.920610112079266514e-12 -4.035992792052489440e-11 -8.632167895021622734e-12 -2.556480222290997384e-12 -5.386255534411397219e-12 -6.584207079469565629e-12 5.869766977474787280e-12 -4.428325322123303019e-12 -9.177293552516727705e-13 7.794689373352611470e-12 9.243390678083870125e-12 3.212635012664999469e-11 1.007196813814101942e-11 6.298136302687430187e-12 1.156268048369859420e-12 -2.281398185002822628e-12 -1.707769244629036587e-12 4.632010923433256608e-13 -7.144133141821458664e-13 -2.946182029266059337e-13 1.124231079668973067e-12 -7.005183333932878476e-13 -1.797890107960666493e-13 3.841807752756104084e-13 -2.353060471639977654e-13
9.434774613967532742e-12 -1.699863013932877750e-11 -1.287497268801909941e-11 -1.894735058930908356e-12 2.272009757269789083e-12 4.823225334510703735e-12 5.889469002639980624e-12 3.209499062354576832e-12 -5.590575734073793020e-12 4.203101985271038620e-13 3.499736337012976508e-12 7.160017383068414730e-12 1.007196813814101942e-11 2.767323057523867184e-11 1.490168789899631012e-11 3.557958100726456864e-12 5.599333850877800323e-13 1.516028708404093844e-12 3.530443057181945983e-13 -4.550920473160629644e-13 -6.384764482910890732e-13 -9.549363113726344729e-13 -7.362865377395748167e-13 -5.543090592530176684e-13 -2.889519606784322896e-13 -5.749853312990148815e-13
7.695423451345998463e-12 -1.222887107129219480e-11 -7.064783536006942362e-12 9.296401912657044504e-12 -1.184452306121499012e-12 6.458275180314212015e-12 1.108274442233979424e-11 5.497719810247330735e-12 1.493778388931088245e-13 4.013454984640548582e-12 2.215670556118304715e-12 7.122868974971663950e-12 6.298136302687430187e-12 1.490168789899631012e-11 2.811531594094718461e-11 8.138022811030015334e-12 3.914115469285251587e-12 2.541007753931194246e-12 1.153437898447508390e-12 4.843440167740082251e-13 -1.378441806500939621e-12 -3.968552409932160028e-13 -2.794108047354788262e-13 6.574192977750055632e-14 -4.057551727214454991e-14 1.551816796292025595e-13
-9.185421079298936875e-12 -1.254384735588487448e-12 -4.403623232726072116e-12 -3.827282980343716838e-13 6.900978871178947911e-12 3.912100456347574114e-12 5.473876505318612300e-12 -1.343283619518082411e-12 4.007640958230699348e-12 -2.505126541863698900e-13 5.869535057290723490e-13 2.697870309623926405e-12 1.156268048369859420e-12 3.557958100726456864e-12 8.138022811030015334e-12 1.439723429868230259e-11 4.625076643074006233e-12 2.130771287030065440e-12 -1.405924057811898195e-13 5.379020188914424465e-13 -5.975151719453413535e-13 -1.311966140178952050e-13 -4.368185938175112431e-13 9.235065711891536863e-13 5.038247278202331904e-13 2.436267976572338165e-14
3.583656467716735780e-12 5.984277201202065916e-12 3.069621730614989832e-12 3.174664525523888775e-12 3.450067911241151132e-12 -1.548824483230980457e-12 4.583184758151380645e-13 -5.194531651488060788e-13 4.095843435237644878e-12 5.791851989006533528e-12 2.101281146791775921e-12 5.295767346599861820e-12 -2.281398185002822628e-12 5.599333850877800323e-13 3.914115469285251587e-12 4.625076643074006233e-12 1.440915701597872691e-11 6.585734882459680399e-12 1.248042046921655199e-12 7.995719789042839327e-13 9.920464315638845062e-13 1.504990420793193690e-13 2.478398596229638965e-15 1.194732113495668132e-13 2.565375628673568455e-14 -1.608890431884466824e-14
-7.638120852960240566e-13 -5.345957259179177617e-12 1.413536909385489912e-11 1.338533697082519912e-11 2.434729478681125550e-12 5.305579090545229857e-12 2.514009754925131479e-12 -9.516662927058628013e-13 1.159398836191185825e-12 3.559014507614037970e-12 1.374444241969465433e-12 3.066749157648228617e-12 -1.707769244629036587e-12 1.516028708404093844e-12 2.541007753931194246e-12 2.130771287030065440e-12 6.585734882459680399e-12 1.287717671481325742e-11 3.431877338356971021e-12 2.150782480012106309e-12 1.095859003848269751e-12 7.707504782352423607e-14 -1.611451657591487743e-13 -7.517515195968194585e-13 -6.501902059358425409e-14 -1.320700576418995217e-13
-1.354118290970758035e-11 -6.774404958583695547e-12 -2.959837230043285208e-13 7.430868627384673086e-12 2.604654903205546022e-12 9.807794783719915556e-13 2.121245769690601549e-12 -1.520919404707724380e-12 -4.625085769181148120e-13 -6.028955437303357178e-13 1.366470696520045037e-12 -9.492741493761390347e-13 4.632010923433256608e-13 3.530443057181945983e-13 1.153437898447508390e-12 -1.405924057811898195e-13 1.248042046921655199e-12 3.431877338356971021e-12 9.136029578326736201e-12 3.445247335700221558e-12 9.468114596101929500e-13 -2.311532144072375844e-13 1.138955898643799653e-13 -1.187625045050474765e-12 -5.213219904616101015e-13 -6.393200958136732292e-14
-1.605322942180205949e-11 -7.256998926019110407e-13 3.915823915282685266e-12 1.017797868412294858e-11 -9.784122607956180986e-12 -3.128267115306905645e-12 -2.696512537926227064e-12 -1.181567709178654438e-12 6.122489202277549566e-13 1.135992278096395996e-13 2.444145741085835835e-12 -1.358179663282316648e-13 -7.144133141821458664e-13 -4.550920473160629644e-13 4.843440167740082251e-13 5.379020188914424465e-13 7.995719789042839327e-13 2.150782480012106309e-12 3.445247335700221558e-12 9.156322223858079969e-12 3.335685924804843503e-12 -9.790628961931773481e-14 4.867083188079554443e-13 -8.060453964422839208e-13 -1.001349262601263106e-13 -3.242492157733471948e-14
-9.244738585664451524e-12 -2.297527570157074022e-12 -5.221360195563489479e-12 2.705155526058087998e-12 -4.055533315006093593e-12 1.006082312258725453e-13 -1.575764528186841880e-12 -9.192143591599448247e-13 2.829746087836510944e-12 -1.122428190432707124e-12 1.697805133651916645e-12 -5.809878978003107984e-13 -2.946182029266059337e-13 -6.384764482910890732e-13 -1.378441806500939621e-12 -5.975151719453413535e-13 9.920464315638845062e-13 1.095859003848269751e-12 9.468114596101929500e-13 3.335685924804843503e-12 6.686998641379115689e-12 1.860245039031425786e-12 6.888762749661872349e-13 -5.367322520647766627e-13 2.206837785277562897e-13 -2.628182111889812958e-13
3.127221234614100113e-12 -3.956344427583053027e-12 -4.669900211704901156e-12 8.581287107279766986e-12 -1.849215488941874652e-12 2.711705615295372320e-12 1.716628526178527126e-13 1.498458461371012948e-12 1.032555167727663159e-12 -5.334515364772145914e-13 7.431014207912381468e-13 -1.016132284635225688e-12 1.124231079668973067e-12 -9.549363113726344729e-13 -3.968552409932160028e-13 -1.311966140178952050e-13 1.504990420793193690e-13 7.707504782352423607e-14 -2.311532144072375844e-13 -9.790628961931773481e-14 1.860245039031425786e-12 5.271152756687449688e-12 9.964065802502902697e-13 -3.329810996036408289e-13 3.359911016470336731e-13 1.548682710613341146e-13
-9.817491459034716292e-12 2.566039118378701661e-12 -1.422967820686270979e-12 -1.786905314530025852e-13 -5.947063715518415607e-12 -3.032444243934637151e-12 1.819707575916397617e-13 7.699704775013106378e-13 2.236219566705953393e-12 3.415617522368591075e-13 -5.832810627387868299e-13 -5.883010276572981929e-14 -7.005183333932878476e-13 -7.362865377395748167e-13 -2.794108047354788262e-13 -4.368185938175112431e-13 2.478398596229638965e-15 -1.611451657591487743e-13 1.138955898643799653e-13 4.867083188079554443e-13 6.888762749661872349e-13 9.964065802502902697e-13 3.215372742562915071e-12 5.036241598536353656e-13 5.041923280706525337e-14 2.370057271913799376e-13
2.262263073632508337e-12 1.363970731401263901e-12 1.119566285495557888e-11 1.035832023929512165e-12 2.078046693725415132e-12 1.881672252054117395e-13 -1.286757366960664909e-12 8.571856535807802744e-13 -5.556881013361778437e-13 -6.207301216816608108e-14 -1.634203532647312490e-12 -8.777878168824337715e-13 -1.797890107960666493e-13 -5.543090592530176684e-13 6.574192977750055632e-14 9.235065711891536863e-13 1.194732113495668132e-13 -7.517515195968194585e-13 -1.187625045050474765e-12 -8.060453964422839208e-13 -5.367322520647766627e-13 -3.329810996036408289e-13 5.036241598536353656e-13 2.940226959747282818e-12 6.221276144100804267e-13 -1.049891944724478835e-13
1.778557808105688416e-12 -1.525774783130850187e-12 -4.148278475930579299e-13 5.849297624597105657e-13 2.530386111700281806e-12 1.138950328040670589e-12 3.320391275828764777e-13 1.845306933691681212e-14 7.137948984655416260e-13 -1.811355630570738426e-13 -2.861129964517143967e-13 7.694531977580905757e-13 3.841807752756104084e-13 -2.889519606784322896e-13 -4.057551727214454991e-14 5.038247278202331904e-13 2.565375628673568455e-14 -6.501902059358425409e-14 -5.213219904616101015e-13 -1.001349262601263106e-13 2.206837785277562897e-13 3.359911016470336731e-13 5.041923280706525337e-14 6.221276144100804267e-13 1.758410791853642836e-12 -1.716187037409247004e-15
-1.285629298597276311e-13 -2.599931411526944205e-12 -2.535069069103290222e-12 3.777091501457014098e-12 -2.803307219807524874e-12 2.839335848836392273e-12 -1.165788792989845184e-12 9.744243429504873625e-14 2.194598474918457770e-13 -9.727683173993909088e-13 -2.105938280515743444e-13 5.609562535611822453e-14 -2.353060471639977654e-13 -5.749853312990148815e-13 1.551816796292025595e-13 2.436267976572338165e-14 -1.608890431884466824e-14 -1.320700576418995217e-13 -6.393200958136732292e-14 -3.242492157733471948e-14 -2.628182111889812958e-13 1.548682710613341146e-13 2.370057271913799376e-13 -1.049891944724478835e-13 -1.716187037409247004e-15 1.552024520873934723e-12
