2.919242078997118474e-09 4.018646400102964717e-10 1.305265115485678513e-10 6.661156820322035351e-11 -6.729922927625857123e-12 2.802289817231984498e-11 9.533166712649967260e-12 -7.548043007352795228e-11 -1.270384921961852792e-11 -2.059643851505450072e-11 1.130834723189066571e-11 5.187981175492586282e-11 6.320376943590437897e-11 4.620147320327512153e-11 3.161908688617105492e-11 1.712872997077129544e-11 7.337067182130563394e-12 1.030375857316566893e-11 2.300048321274481678e-11 8.687247724529427597e-12 1.164966513609394644e-12 -3.926415128520057159e-12 -2.729565181024979707e-12 1.109440744760174847e-11 -2.131000219157153032e-12 -2.438904491274096973e-12
4.018646400102964717e-10 2.200088736109072029e-09 1.470895722815344285e-10 4.349384710796397624e-11 1.247493915134572946e-10 4.991672917384022031e-12 2.970483597136874393e-11 -9.245117983353691082e-12 2.592378394970312081e-11 -4.302787956424232911e-11 2.417468375941126346e-11 5.354561811767361115e-12 1.694564490478076152e-11 2.554193750553145317e-12 1.442498324761608774e-11 -3.897130176652227111e-12 -5.730662984675837617e-12 -1.920501552780922646e-11 -7.475857562776736163e-12 1.870230403911950321e-11 1.353767684083468284e-11 1.230573590714691611e-11 -3.531300545338303723e-12 3.645480095609268752e-12 -8.186940768111534191e-12 1.356708345389666284e-12
1.305265115485678513e-10 1.470895722815344285e-10 1.346453387509419605e-09 1.060899805160700810e-10 5.499131916797188448e-11 -4.519534057044819865e-11 5.242918920208308375e-11 2.049187547919191500e-11 -2.869372246685666946e-11 -5.085280135041843135e-11 1.544028182394725188e-11 8.619802057033880717e-12 -2.689437963148612446e-11 -3.613837460674617999e-12 1.217087302590650347e-11 1.647707945390379165e-11 1.097757114658725868e-11 -1.198459797420426769e-11 -6.996183693791942353e-12 -1.283897225432645577e-11 -6.112684646795049154e-12 -9.189443265173983241e-12 -1.170521124049723025e-11 -4.453859757599843879e-12 -7.390820928235329088e-12 -5.158183346809567259e-12
6.661156820322035351e-11 4.349384710796397624e-11 1.060899805160700810e-10 1.064588785415340628e-09 6.791924558535029581e-11 2.831285100162481359e-12 6.098156079681567955e-11 -7.974371327469350653e-12 -8.186878872104887349e-12 7.887345044658958077e-13 2.030626329452546934e-12 -2.267418895907659525e-11 -1.900569309496338706e-11 -1.400312873382399806e-12 2.248714830289251791e-11 2.645557044008250793e-12 1.883029274612007107e-11 -3.085716490734932017e-12 -8.014857994344741945e-12 -5.819572126018560667e-12 -1.390287550705915173e-12 -4.745051727777307018e-12 -1.085262727920159649e-11 -2.744184834036071417e-12 2.410147070552325488e-12 -2.849565806883697238e-12
-6.729922927625857123e-12 1.247493915134572946e-10 5.499131916797188448e-11 6.791924558535029581e-11 5.639525560660360550e-10 2.179560295707838305e-11 1.596654749942162771e-11 4.191533836574198503e-11 -1.563921452431142237e-11 2.216334053587078767e-11 7.255066002195683300e-12 -1.461168130872318475e-11 -1.075293111917029413e-11 -9.951245411665898019e-12 -4.458207842513329755e-13 -1.053263101701321970e-11 -1.180196808416463910e-12 -4.998937259409535029e-12 -1.109249404540367928e-12 1.302962316256318983e-11 8.725455357251934842e-12 7.332354689183089427e-12 -3.521867842224638545e-12 -1.404061127806491966e-12 1.361483906148101692e-12 2.039785755136008151e-12
2.802289817231984498e-11 4.991672917384022031e-12 -4.519534057044819865e-11 2.831285100162481359e-12 2.179560295707838305e-11 3.533381020827398727e-10 2.674011405021566065e-11 2.713997195271753493e-11 5.083004702041529752e-12 1.746959066319537259e-11 6.480979371129569972e-12 1.618961062731968755e-11 6.078131511262941030e-12 -3.378954735402934644e-13 -2.728634908672164226e-12 -1.046353550107437260e-12 7.632413579115185008e-12 9.287471978749023295e-14 7.886781038094466431e-12 9.010982381885668512e-12 3.304492292965194723e-12 1.051710372414722507e-12 -3.858724674089443594e-12 -2.606865572508417337e-12 1.641441051825895302e-12 -1.523141071505078835e-12
9.533166712649967260e-12 2.970483597136874393e-11 5.242918920208308375e-11 6.098156079681567955e-11 1.596654749942162771e-11 2.674011405021566065e-11 2.518916265211499879e-10 3.648053854262933803e-11 3.694047621487579718e-11 3.036666420418534748e-11 1.266293553810605037e-11 1.218194144384065778e-11 1.329666150758929212e-11 6.493683544135885894e-12 1.626800637813461971e-11 6.085244377437287402e-12 -1.834507294485845291e-12 -5.226516141201291565e-12 3.541109278081862643e-13 5.516140658691201975e-13 3.904569042477899055e-12 -2.226302913974342389e-12 -4.510865690786521938e-12 -3.652088567131569254e-12 -3.931064650676238196e-12 2.382635908900257494e-13
-7.548043007352795228e-11 -9.245117983353691082e-12 2.049187547919191500e-11 -7.974371327469350653e-12 4.191533836574198503e-11 2.713997195271753493e-11 3.648053854262933803e-11 1.754389484876920187e-10 7.817444771318310565e-12 2.112150470796879297e-11 5.709971014931609020e-13 -3.776446870551455323e-12 -2.551245185443788342e-13 -3.999108904420258598e-12 2.572097976740070504e-12 -3.934259039931688544e-12 8.368573251763685936e-15 2.104388983910977932e-12 -1.241430842408431766e-12 -2.564622715963776085e-13 3.201630083978944174e-12 1.821446293202411443e-12 7.739652856362914876e-13 -2.609734211934880986e-12 -5.266895729428491810e-13 8.760501873992338063e-13
-1.270384921961852792e-11 2.592378394970312081e-11 -2.869372246685666946e-11 -8.186878872104887349e-12 -1.563921452431142237e-11 5.083004702041529752e-12 3.694047621487579718e-11 7.817444771318310565e-12 1.333677502156510076e-10 2.297354902676782253e-11 7.056432408412137463e-12 3.390325970610092968e-12 5.617983161254602107e-12 9.966385988667383339e-14 -1.062802208355910091e-12 -3.074069266534603755e-13 -9.103488661454540290e-13 1.811483699330795119e-12 -3.148855112361776504e-13 2.689267159797200160e-12 3.760474179474437247e-12 -2.833602859837024091e-12 1.012274125359106367e-13 3.383901735831642988e-14 -7.062033821946726651e-13 -1.446267895166351769e-12
-2.059643851505450072e-11 -4.302787956424232911e-11 -5.085280135041843135e-11 7.887345044658958077e-13 2.216334053587078767e-11 1.746959066319537259e-11 3.036666420418534748e-11 2.112150470796879297e-11 2.297354902676782253e-11 9.897415244990563001e-11 1.705698425227745392e-11 1.043221468983488925e-11 6.865283562258559027e-12 1.058428803407028785e-12 2.000004964089224384e-12 -5.894012965834118004e-13 -3.816733769692993562e-12 -5.445236105194324378e-12 -4.038147097232286443e-12 -2.475320511860937032e-12 2.161377235888939989e-12 5.759325864015006426e-14 -4.015410539265381909e-13 -1.572398401050818191e-12 2.280416576965611087e-12 1.998553101863869730e-12
1.130834723189066571e-11 2.417468375941126346e-11 1.544028182394725188e-11 2.030626329452546934e-12 7.255066002195683300e-12 6.480979371129569972e-12 1.266293553810605037e-11 5.709971014931609020e-13 7.056432408412137463e-12 1.705698425227745392e-11 6.241165653255423973e-11 2.102940459034292754e-11 8.514848696150029071e-12 2.582942399862933255e-12 2.545144967273533536e-12 8.074845880276029276e-13 2.683586993187268847e-13 -2.017549942022240419e-12 -2.143942808534176518e-12 3.876591579007604891e-13 1.959763500477366944e-12 -3.399672783996944416e-12 -1.910460456261229523e-12 1.366977272891475966e-12 4.524239454022293665e-13 7.314124865469204511e-13
5.187981175492586282e-11 5.354561811767361115e-12 8.619802057033880717e-12 -2.267418895907659525e-11 -1.461168130872318475e-11 1.618961062731968755e-11 1.218194144384065778e-11 -3.776446870551455323e-12 3.390325970610092968e-12 1.043221468983488925e-11 2.102940459034292754e-11 5.420432713612710464e-11 1.296086349631374449e-11 5.018939224414761614e-12 2.145394655458410844e-12 9.586190843265286350e-14 1.917317484692690281e-12 -1.555083853521427698e-12 -1.343981502540383694e-12 -7.589567476171528367e-13 -3.352437949108067391e-13 -1.348498693892983311e-12 7.108211256057747331e-13 1.476432539886413696e-12 7.043611367656074941e-13 1.111362429391661016e-12
6.320376943590437897e-11 1.694564490478076152e-11 -2.689437963148612446e-11 -1.900569309496338706e-11 -1.075293111917029413e-11 6.078131511262941030e-12 1.329666150758929212e-11 -2.551245185443788342e-13 5.617983161254602107e-12 6.865283562258559027e-12 8.514848696150029071e-12 1.296086349631374449e-11 3.988647860182280910e-11 1.160121327514887219e-11 7.572260103361426482e-12 5.123478863216178917e-12 1.427749208000875387e-12 3.273708497067032961e-12 2.426236165798979425e-12 2.107595184813918848e-12 1.483394593487739347e-12 9.900962616738305987e-14 1.353398994481030048e-12 1.526823061990781376e-12 -3.850516215152033809e-13 3.914643221093298075e-13
4.620147320327512153e-11 2.554193750553145317e-12 -3.613837460674617999e-12 -1.400312873382399806e-12 -9.951245411665898019e-12 -3.378954735402934644e-13 6.493683544135885894e-12 -3.999108904420258598e-12 9.966385988667383339e-14 1.058428803407028785e-12 2.582942399862933255e-12 5.018939224414761614e-12 1.160121327514887219e-11 2.608525602644829752e-11 9.899675136299920572e-12 3.897543348982656993e-12 2.574059540976380990e-12 5.085408232372742207e-13 -3.264768979011778963e-13 9.319845670790774367e-14 8.387507068222211106e-13 -6.373892793394776023e-13 -3.231322993120989748e-13 2.561345844170842384e-13 8.002622732414502327e-13 -7.209782966627861927e-14
3.161908688617105492e-11 1.442498324761608774e-11 1.217087302590650347e-11 2.248714830289251791e-11 -4.458207842513329755e-13 -2.728634908672164226e-12 1.626800637813461971e-11 2.572097976740070504e-12 -1.062802208355910091e-12 2.000004964089224384e-12 2.545144967273533536e-12 2.145394655458410844e-12 7.572260103361426482e-12 9.899675136299920572e-12 2.483385588157521689e-11 9.515860816280182553e-12 5.204597044027813907e-12 1.896617085548990305e-12 2.181022227601406288e-12 1.814253964599511960e-12 1.793030815766061811e-12 3.935232568483439385e-13 -2.312500863755310582e-13 1.350120447457072176e-13 -1.667429619111776333e-13 1.587533129274790912e-14
1.712872997077129544e-11 -3.897130176652227111e-12 1.647707945390379165e-11 2.645557044008250793e-12 -1.053263101701321970e-11 -1.046353550107437260e-12 6.085244377437287402e-12 -3.934259039931688544e-12 -3.074069266534603755e-13 -5.894012965834118004e-13 8.074845880276029276e-13 9.586190843265286350e-14 5.123478863216178917e-12 3.897543348982656993e-12 9.515860816280182553e-12 2.068030624490383457e-11 1.117917149368426960e-11 5.498819267960042486e-12 3.650565377675323456e-12 2.480587804436057319e-12 9.823060974242014285e-13 2.233181834044426064e-13 -6.051251870874930621e-13 3.804351867397994250e-14 -5.857275626556952436e-14 -8.084612986178565369e-13
7.337067182130563394e-12 -5.730662984675837617e-12 1.097757114658725868e-11 1.883029274612007107e-11 -1.180196808416463910e-12 7.632413579115185008e-12 -1.834507294485845291e-12 8.368573251763685936e-15 -9.103488661454540290e-13 -3.816733769692993562e-12 2.683586993187268847e-13 1.917317484692690281e-12 1.427749208000875387e-12 2.574059540976380990e-12 5.204597044027813907e-12 1.117917149368426960e-11 2.046778582177442736e-11 9.037914176957412044e-12 3.616783745268983307e-12 3.185172611677924382e-12 -2.597427386338318510e-13 -1.205379832704167929e-12 -1.275174038227023920e-12 -4.542349043088896575e-13 -4.264364324728844590e-14 -1.026287787249383659e-12
1.030375857316566893e-11 -1.920501552780922646e-11 -1.198459797420426769e-11 -3.085716490734932017e-12 -4.998937259409535029e-12 9.287471978749023295e-14 -5.226516141201291565e-12 2.104388983910977932e-12 1.811483699330795119e-12 -5.445236105194324378e-12 -2.017549942022240419e-12 -1.555083853521427698e-12 3.273708497067032961e-12 5.085408232372742207e-13 1.896617085548990305e-12 5.498819267960042486e-12 9.037914176957412044e-12 1.725574904424608371e-11 8.377350071877324208e-12 5.299706237757761365e-12 5.279526844626306798e-13 3.614666510695740755e-13 -2.449884187336931169e-13 1.765912016562222869e-14 -4.395307242850006191e-13 -5.104644663824928481e-13
2.300048321274481678e-11 -7.475857562776736163e-12 -6.996183693791942353e-12 -8.014857994344741945e-12 -1.109249404540367928e-12 7.886781038094466431e-12 3.541109278081862643e-13 -1.241430842408431766e-12 -3.148855112361776504e-13 -4.038147097232286443e-12 -2.143942808534176518e-12 -1.343981502540383694e-12 2.426236165798979425e-12 -3.264768979011778963e-13 2.181022227601406288e-12 3.650565377675323456e-12 3.616783745268983307e-12 8.377350071877324208e-12 1.512704290165070292e-11 8.986165141601983294e-12 3.523271431429244151e-12 1.306558749159728006e-12 -9.276211675388659242e-13 1.540036095114927665e-13 -4.668863257390105928e-13 -1.297642506372126215e-12
8.687247724529427597e-12 1.870230403911950321e-11 -1.283897225432645577e-11 -5.819572126018560667e-12 1.302962316256318983e-11 9.010982381885668512e-12 5.516140658691201975e-13 -2.564622715963776085e-13 2.689267159797200160e-12 -2.475320511860937032e-12 3.876591579007604891e-13 -7.589567476171528367e-13 2.107595184813918848e-12 9.319845670790774367e-14 1.814253964599511960e-12 2.480587804436057319e-12 3.185172611677924382e-12 5.299706237757761365e-12 8.986165141601983294e-12 1.497032054467950027e-11 7.045987533072628198e-12 3.054246410943778610e-12 -7.078556115518917480e-13 3.987479408511966027e-13 1.729188021607797080e-13 -5.926074298873766201e-13
1.164966513609394644e-12 1.353767684083468284e-11 -6.112684646795049154e-12 -1.390287550705915173e-12 8.725455357251934842e-12 3.304492292965194723e-12 3.904569042477899055e-12 3.201630083978944174e-12 3.760474179474437247e-12 2.161377235888939989e-12 1.959763500477366944e-12 -3.352437949108067391e-13 1.483394593487739347e-12 8.387507068222211106e-13 1.793030815766061811e-12 9.823060974242014285e-13 -2.597427386338318510e-13 5.279526844626306798e-13 3.523271431429244151e-12 7.045987533072628198e-12 1.139651991272852434e-11 3.223775616330037798e-12 -8.030029975002986868e-13 5.178531043189939372e-14 -1.832072229558156839e-14 -1.699350922748343239e-13
-3.926415128520057159e-12 1.230573590714691611e-11 -9.189443265173983241e-12 -4.745051727777307018e-12 7.332354689183089427e-12 1.051710372414722507e-12 -2.226302913974342389e-12 1.821446293202411443e-12 -2.833602859837024091e-12 5.759325864015006426e-14 -3.399672783996944416e-12 -1.348498693892983311e-12 9.900962616738305987e-14 -6.373892793394776023e-13 3.935232568483439385e-13 2.233181834044426064e-13 -1.205379832704167929e-12 3.614666510695740755e-13 1.306558749159728006e-12 3.054246410943778610e-12 3.223775616330037798e-12 7.943225114852765686e-12 1.735508887194641619e-12 1.529112794988613031e-13 -1.071360155383106443e-13 -1.802500252470434461e-13
-2.729565181024979707e-12 -3.531300545338303723e-12 -1.170521124049723025e-11 -1.085262727920159649e-11 -3.521867842224638545e-12 -3.858724674089443594e-12 -4.510865690786521938e-12 7.739652856362914876e-13 1.012274125359106367e-13 -4.015410539265381909e-13 -1.910460456261229523e-12 7.108211256057747331e-13 1.353398994481030048e-12 -3.231322993120989748e-13 -2.312500863755310582e-13 -6.051251870874930621e-13 -1.275174038227023920e-12 -2.449884187336931169e-13 -9.276211675388659242e-13 -7.078556115518917480e-13 -8.030029975002986868e-13 1.735508887194641619e-12 6.192831558244434509e-12 2.004301177892882564e-12 -4.067767503302598379e-13 1.488330723419207004e-13
1.109440744760174847e-11 3.645480095609268752e-12 -4.453859757599843879e-12 -2.744184834036071417e-12 -1.404061127806491966e-12 -2.606865572508417337e-12 -3.652088567131569254e-12 -2.609734211934880986e-12 3.383901735831642988e-14 -1.572398401050818191e-12 1.366977272891475966e-12 1.476432539886413696e-12 1.526823061990781376e-12 2.561345844170842384e-13 1.350120447457072176e-13 3.804351867397994250e-14 -4.542349043088896575e-13 1.765912016562222869e-14 1.540036095114927665e-13 3.987479408511966027e-13 5.178531043189939372e-14 1.529112794988613031e-13 2.004301177892882564e-12 4.738469507855316464e-12 7.473603807699890456e-13 2.370389293658869432e-13
-2.131000219157153032e-12 -8.186940768111534191e-12 -7.390820928235329088e-12 2.410147070552325488e-12 1.361483906148101692e-12 1.641441051825895302e-12 -3.931064650676238196e-12 -5.266895729428491810e-13 -7.062033821946726651e-13 2.280416576965611087e-12 4.524239454022293665e-13 7.043611367656074941e-13 -3.850516215152033809e-13 8.002622732414502327e-13 -1.667429619111776333e-13 -5.857275626556952436e-14 -4.264364324728844590e-14 -4.395307242850006191e-13 -4.668863257390105928e-13 1.729188021607797080e-13 -1.832072229558156839e-14 -1.071360155383106443e-13 -4.067767503302598379e-13 7.473603807699890456e-13 3.212881403147883419e-12 4.475524666533585267e-13
-2.438904491274096973e-12 1.356708345389666284e-12 -5.158183346809567259e-12 -2.849565806883697238e-12 2.039785755136008151e-12 -1.523141071505078835e-12 2.382635908900257494e-13 8.760501873992338063e-13 -1.446267895166351769e-12 1.998553101863869730e-12 7.314124865469204511e-13 1.111362429391661016e-12 3.914643221093298075e-13 -7.209782966627861927e-14 1.587533129274790912e-14 -8.084612986178565369e-13 -1.026287787249383659e-12 -5.104644663824928481e-13 -1.297642506372126215e-12 -5.926074298873766201e-13 -1.699350922748343239e-13 -1.802500252470434461e-13 1.488330723419207004e-13 2.370389293658869432e-13 4.475524666533585267e-13 1.958989530354615608e-12
