2.881417235591049448e-09 -5.449214267658005150e-11 -5.494940157718043133e-11 -3.640590630369242985e-11 8.346843860513386468e-11 6.681306292527124065e-11 4.400918357046578659e-11 4.193767379936595388e-11 4.899739377604503048e-11 -1.553869353660653944e-11 -1.841934465537213177e-11 -2.505874114482525237e-11 -6.925035608568991793e-13 3.107358809253146621e-11 1.643962563207539579e-12 1.425240113980133722e-11 -3.749133225117986776e-12 2.916485977787865968e-12 1.721767471767502243e-11 -9.633073976376741297e-13 -3.909646407558079664e-12 -8.342088897274818960e-12 -6.434242719979115276e-12 -4.004433910944066775e-12 5.016819009204801891e-12 -1.389581115773636399e-12
-5.449214267658005150e-11 1.707298548271031469e-09 1.294665994034009641e-11 -5.064899401092203640e-11 6.544856580357846419e-12 9.488903824557534016e-11 1.455352413516647496e-11 1.943117462220885324e-11 1.083363329101927105e-11 -1.319967071898105264e-11 1.783576533270696190e-11 7.313604529373110880e-12 -5.420417767370908735e-12 7.592629329231464784e-12 -8.104560528041794994e-12 4.784044778420299552e-12 1.738143099195703973e-11 1.041785192064132482e-11 -3.948629320912299113e-12 1.663829222402452490e-12 1.367555317416090205e-11 -1.954240381053393122e-12 -5.133661180521257347e-12 -6.653469072654996473e-12 5.860131673971928144e-13 7.922858795568232186e-12
-5.494940157718043133e-11 1.294665994034009641e-11 1.098579796760830497e-09 -1.454011258659302373e-11 4.592828933986328248e-11 1.694661924061500457e-11 5.589145053168630446e-11 -9.879306718270890932e-12 -2.003771213442122798e-11 -1.960801419814474513e-11 -2.564881543358633867e-11 -5.475997975854732971e-12 8.166052855068095581e-12 -9.890698901014340347e-12 4.225875412013636016e-13 -6.418361649476872755e-12 -4.252939676633097337e-12 -9.645965056254575865e-13 1.623210134162116268e-11 1.616630322161552442e-11 1.360046152118079812e-12 1.303875606865918141e-12 -4.654710163848892025e-13 -8.106419346963222197e-12 -2.048643555633955498e-12 4.956025103750320409e-13
-3.640590630369242985e-11 -5.064899401092203640e-11 -1.454011258659302373e-11 7.275411133162572740e-10 7.527637052536569317e-11 -2.317723492227180425e-12 -2.811244635921364066e-11 -2.008538403981487473e-11 -4.648321955379260015e-11 -2.774121078322775021e-11 -9.950173867419467678e-12 5.054012823027716475e-12 6.780010948518600756e-13 -1.262603247741388336e-11 6.970668274395215495e-12 -4.731940482783414338e-13 -1.889443387051560279e-12 4.647613590322123030e-13 5.612202081961921241e-13 -3.570257737729755961e-12 -5.333058054321976273e-12 -7.925950372756795617e-12 -1.627923888284173296e-12 -2.223744847410911843e-14 -6.125828027401705612e-12 1.196245164255402984e-12
8.346843860513386468e-11 6.544856580357846419e-12 4.592828933986328248e-11 7.527637052536569317e-11 5.873271774650074345e-10 2.133637213309466619e-11 1.023815641366411779e-11 2.801831436939119936e-11 1.947065076570123792e-12 -6.451085053895652634e-13 2.033820952941064714e-11 2.076943467785619706e-11 1.440559021962881572e-11 1.321982268339692854e-12 6.597544462900635648e-12 -4.957942098274137105e-12 5.042931613807001027e-12 5.829454894807457278e-12 -1.086373482966899931e-12 7.044296856792390755e-12 3.337204220494050716e-12 2.505402358120303181e-12 -3.764966929530614934e-12 -2.928204298232843370e-12 1.579404456256251073e-13 -2.338719058851661968e-12
6.681306292527124065e-11 9.488903824557534016e-11 1.694661924061500457e-11 -2.317723492227180425e-12 2.133637213309466619e-11 3.874826352522579222e-10 1.744644204631796191e-11 1.453145776521166918e-11 2.692010153465126434e-11 -1.398521005453632226e-11 2.307123655470167741e-11 -4.245067783407496192e-12 1.513331088074089474e-11 -9.743374646044092904e-13 7.136093341818647422e-12 6.137838645402010396e-12 1.032772502899579694e-11 5.395942947341728494e-12 2.399296865165084139e-12 1.142042365569318286e-12 -2.672719777719423529e-12 -5.176498286989569206e-12 -4.132670668076272884e-12 3.859451668860451667e-12 -1.153307053074061826e-12 -9.764467078567438759e-13
4.400918357046578659e-11 1.455352413516647496e-11 5.589145053168630446e-11 -2.811244635921364066e-11 1.023815641366411779e-11 1.744644204631796191e-11 2.018310843049546551e-10 1.109453599367700092e-11 3.855693052364929653e-11 2.155553445164277755e-11 1.442181026875445445e-11 2.081609027319347285e-12 6.413262517491506210e-12 1.133739116186220405e-11 4.861830492506385826e-12 5.151945341627931967e-12 -4.403967531824962271e-12 -3.503708855579291190e-12 7.163893026888251402e-13 2.701215235500650895e-12 -1.757181246422688113e-12 -5.850228712469915614e-12 -3.560143068620749565e-12 1.315742554267569237e-13 -2.082221523927726397e-12 -4.954216241636480551e-13
4.193767379936595388e-11 1.943117462220885324e-11 -9.879306718270890932e-12 -2.008538403981487473e-11 2.801831436939119936e-11 1.453145776521166918e-11 1.109453599367700092e-11 1.841903925074050789e-10 3.106536277444410717e-11 1.612122125673710554e-11 1.203763975123214595e-11 1.072930711082261504e-11 1.402371373920021398e-11 4.931243753978841379e-12 -2.614222384860810288e-12 -1.835329490055072583e-12 -2.819902291030843303e-12 -3.017055489538582470e-12 -4.122459422868761737e-12 -4.275682676816820772e-12 3.044791813003508464e-13 -9.635929787251396680e-13 1.580192889274620438e-13 1.634239282882953586e-12 1.582104175544167592e-12 8.527997926265992078e-13
4.899739377604503048e-11 1.083363329101927105e-11 -2.003771213442122798e-11 -4.648321955379260015e-11 1.947065076570123792e-12 2.692010153465126434e-11 3.855693052364929653e-11 3.106536277444410717e-11 1.134611404352264177e-10 2.962181424445801491e-11 1.101273053170702392e-11 1.293724441875183716e-11 4.612414526966922729e-12 1.062397749220848360e-11 3.816606021101194001e-12 5.642186837622498265e-12 2.690337765813600257e-12 5.945349173555659483e-13 -3.479596115372664995e-12 -2.869881797186089191e-12 -1.325721122438797976e-12 -1.187250310521890657e-12 6.430192081710975556e-13 1.400884583537441568e-12 7.581787808135465203e-13 -9.883841207947135620e-13
-1.553869353660653944e-11 -1.319967071898105264e-11 -1.960801419814474513e-11 -2.774121078322775021e-11 -6.451085053895652634e-13 -1.398521005453632226e-11 2.155553445164277755e-11 1.612122125673710554e-11 2.962181424445801491e-11 9.216033577090720631e-11 2.016886747915549006e-11 1.006690715800563525e-11 2.836177187208897583e-12 9.232540376604165308e-12 2.332629882270830197e-12 3.422875528628069393e-12 1.242614944480104343e-12 2.967371478799832717e-13 -1.222028486895109364e-12 -1.533810061246997411e-12 3.589537243730625066e-13 -5.449361754408350746e-13 4.761880084781956352e-13 4.314466207935514817e-13 9.185543676292460576e-13 -9.163745917105889142e-13
-1.841934465537213177e-11 1.783576533270696190e-11 -2.564881543358633867e-11 -9.950173867419467678e-12 2.033820952941064714e-11 2.307123655470167741e-11 1.442181026875445445e-11 1.203763975123214595e-11 1.101273053170702392e-11 2.016886747915549006e-11 7.051286094459689122e-11 1.660712405012386418e-11 1.094775546821921036e-11 9.016366903843101834e-12 4.718295996679960677e-12 1.555311206364418762e-12 4.805257945827603340e-12 1.570946504994249245e-12 -1.894811905006341796e-12 3.872501000599190451e-13 -5.166229304464352825e-13 -1.359852941270478645e-12 -1.907455938605885660e-12 -4.097925475016952054e-13 -6.251093228848868177e-13 -4.814762953928912283e-13
-2.505874114482525237e-11 7.313604529373110880e-12 -5.475997975854732971e-12 5.054012823027716475e-12 2.076943467785619706e-11 -4.245067783407496192e-12 2.081609027319347285e-12 1.072930711082261504e-11 1.293724441875183716e-11 1.006690715800563525e-11 1.660712405012386418e-11 4.226305889738723010e-11 1.336005398612308728e-11 6.590695582442868610e-12 4.457458173121290700e-12 1.518496194853848966e-12 -2.005957676090197327e-12 -2.209786191069002260e-12 -4.534529928517330719e-12 6.195333655435411231e-14 -4.462426743075219477e-13 -1.622854891781945769e-12 -7.713809286872273735e-13 5.414939066580951705e-13 2.708666110944615081e-13 -4.581379647797390910e-13
-6.925035608568991793e-13 -5.420417767370908735e-12 8.166052855068095581e-12 6.780010948518600756e-13 1.440559021962881572e-11 1.513331088074089474e-11 6.413262517491506210e-12 1.402371373920021398e-11 4.612414526966922729e-12 2.836177187208897583e-12 1.094775546821921036e-11 1.336005398612308728e-11 3.973317071818886764e-11 1.245465084154815540e-11 3.838846838458969041e-12 4.492754967144690077e-12 1.341153299765159145e-12 -7.986986651450233066e-14 -1.376750738790352669e-12 1.582680024100769544e-12 2.448349841731449866e-13 -2.235938365598491475e-12 -7.197413766223652356e-13 -3.220611425733259324e-13 -9.003901120584618819e-13 -5.758535315695711461e-13
3.107358809253146621e-11 7.592629329231464784e-12 -9.890698901014340347e-12 -1.262603247741388336e-11 1.321982268339692854e-12 -9.743374646044092904e-13 1.133739116186220405e-11 4.931243753978841379e-12 1.062397749220848360e-11 9.232540376604165308e-12 9.016366903843101834e-12 6.590695582442868610e-12 1.245465084154815540e-11 2.900898711659789144e-11 8.946038699643173119e-12 7.794609055603595616e-12 3.054842716984124177e-12 1.099724979815823845e-12 -1.121848884262851972e-12 -2.412686933391962726e-13 5.733346034173025995e-13 -2.440844694684790238e-13 -2.747559420137736816e-14 2.873468138362680321e-13 7.964713816763575115e-13 -3.337835652173232030e-13
1.643962563207539579e-12 -8.104560528041794994e-12 4.225875412013636016e-13 6.970668274395215495e-12 6.597544462900635648e-12 7.136093341818647422e-12 4.861830492506385826e-12 -2.614222384860810288e-12 3.816606021101194001e-12 2.332629882270830197e-12 4.718295996679960677e-12 4.457458173121290700e-12 3.838846838458969041e-12 8.946038699643173119e-12 2.197160098963648309e-11 9.915438399276682143e-12 5.405245265219468857e-12 -6.484568994666133759e-13 -1.239346211678465056e-12 6.256706750468913913e-13 6.352004865525537061e-13 -1.717012174987843479e-13 -5.157207467658520184e-13 9.433170261422029002e-13 -6.859345430929608914e-14 5.862431326966395320e-14
1.425240113980133722e-11 4.784044778420299552e-12 -6.418361649476872755e-12 -4.731940482783414338e-13 -4.957942098274137105e-12 6.137838645402010396e-12 5.151945341627931967e-12 -1.835329490055072583e-12 5.642186837622498265e-12 3.422875528628069393e-12 1.555311206364418762e-12 1.518496194853848966e-12 4.492754967144690077e-12 7.794609055603595616e-12 9.915438399276682143e-12 2.400454628812473847e-11 8.039983544450172910e-12 2.531994988145396414e-12 2.888376164824198558e-13 4.236677020907686060e-13 -3.691157329673488840e-13 -3.755289750421258088e-13 -6.758799081144323752e-13 7.153556588063745058e-14 2.680474857806684103e-13 -8.423659039714475060e-14
-3.749133225117986776e-12 1.738143099195703973e-11 -4.252939676633097337e-12 -1.889443387051560279e-12 5.042931613807001027e-12 1.032772502899579694e-11 -4.403967531824962271e-12 -2.819902291030843303e-12 2.690337765813600257e-12 1.242614944480104343e-12 4.805257945827603340e-12 -2.005957676090197327e-12 1.341153299765159145e-12 3.054842716984124177e-12 5.405245265219468857e-12 8.039983544450172910e-12 1.617426960132796746e-11 7.491896411525836869e-12 2.120271778707744630e-12 7.202858686637531851e-13 5.018371197119455838e-13 -4.406882519560752151e-13 -5.472306269770048194e-13 1.111782236275338367e-13 -4.479512228724514030e-13 1.552475207316336657e-13
2.916485977787865968e-12 1.041785192064132482e-11 -9.645965056254575865e-13 4.647613590322123030e-13 5.829454894807457278e-12 5.395942947341728494e-12 -3.503708855579291190e-12 -3.017055489538582470e-12 5.945349173555659483e-13 2.967371478799832717e-13 1.570946504994249245e-12 -2.209786191069002260e-12 -7.986986651450233066e-14 1.099724979815823845e-12 -6.484568994666133759e-13 2.531994988145396414e-12 7.491896411525836869e-12 1.707720053419024749e-11 7.827016158201122677e-12 2.749547803100609861e-12 1.330462614042580429e-12 -3.057274756458124354e-13 -5.574121991637361552e-13 1.227009418540844531e-13 8.736517335925852973e-14 5.290226087624781013e-13
1.721767471767502243e-11 -3.948629320912299113e-12 1.623210134162116268e-11 5.612202081961921241e-13 -1.086373482966899931e-12 2.399296865165084139e-12 7.163893026888251402e-13 -4.122459422868761737e-12 -3.479596115372664995e-12 -1.222028486895109364e-12 -1.894811905006341796e-12 -4.534529928517330719e-12 -1.376750738790352669e-12 -1.121848884262851972e-12 -1.239346211678465056e-12 2.888376164824198558e-13 2.120271778707744630e-12 7.827016158201122677e-12 1.499159381753119856e-11 5.007716416042357697e-12 2.271229116851157530e-12 7.533260283769399197e-13 5.662886023553979079e-13 7.679541596090858047e-13 4.676496313479254019e-14 1.163509392575682028e-12
-9.633073976376741297e-13 1.663829222402452490e-12 1.616630322161552442e-11 -3.570257737729755961e-12 7.044296856792390755e-12 1.142042365569318286e-12 2.701215235500650895e-12 -4.275682676816820772e-12 -2.869881797186089191e-12 -1.533810061246997411e-12 3.872501000599190451e-13 6.195333655435411231e-14 1.582680024100769544e-12 -2.412686933391962726e-13 6.256706750468913913e-13 4.236677020907686060e-13 7.202858686637531851e-13 2.749547803100609861e-12 5.007716416042357697e-12 1.157146569978709279e-11 3.772960182228896779e-12 8.287355337858705050e-13 -1.005983070206736826e-12 -3.214914715959862014e-13 -4.754268934360860166e-13 5.377156240532205049e-14
-3.909646407558079664e-12 1.367555317416090205e-11 1.360046152118079812e-12 -5.333058054321976273e-12 3.337204220494050716e-12 -2.672719777719423529e-12 -1.757181246422688113e-12 3.044791813003508464e-13 -1.325721122438797976e-12 3.589537243730625066e-13 -5.166229304464352825e-13 -4.462426743075219477e-13 2.448349841731449866e-13 5.733346034173025995e-13 6.352004865525537061e-13 -3.691157329673488840e-13 5.018371197119455838e-13 1.330462614042580429e-12 2.271229116851157530e-12 3.772960182228896779e-12 9.746584583476564500e-12 3.778591156916342874e-12 1.029079280164273225e-12 3.090706637842916995e-13 -1.216444966136020614e-13 3.602109253633325871e-13
-8.342088897274818960e-12 -1.954240381053393122e-12 1.303875606865918141e-12 -7.925950372756795617e-12 2.505402358120303181e-12 -5.176498286989569206e-12 -5.850228712469915614e-12 -9.635929787251396680e-13 -1.187250310521890657e-12 -5.449361754408350746e-13 -1.359852941270478645e-12 -1.622854891781945769e-12 -2.235938365598491475e-12 -2.440844694684790238e-13 -1.717012174987843479e-13 -3.755289750421258088e-13 -4.406882519560752151e-13 -3.057274756458124354e-13 7.533260283769399197e-13 8.287355337858705050e-13 3.778591156916342874e-12 7.088398506010398849e-12 2.304744780751163103e-12 1.650818366778190893e-13 3.774394917251074663e-13 2.702157635801152289e-13
-6.434242719979115276e-12 -5.133661180521257347e-12 -4.654710163848892025e-13 -1.627923888284173296e-12 -3.764966929530614934e-12 -4.132670668076272884e-12 -3.560143068620749565e-12 1.580192889274620438e-13 6.430192081710975556e-13 4.761880084781956352e-13 -1.907455938605885660e-12 -7.713809286872273735e-13 -7.197413766223652356e-13 -2.747559420137736816e-14 -5.157207467658520184e-13 -6.758799081144323752e-13 -5.472306269770048194e-13 -5.574121991637361552e-13 5.662886023553979079e-13 -1.005983070206736826e-12 1.029079280164273225e-12 2.304744780751163103e-12 5.665780509895681628e-12 1.602326688424181277e-12 4.025871581075409753e-13 -5.498734108112980663e-14
-4.004433910944066775e-12 -6.653469072654996473e-12 -8.106419346963222197e-12 -2.223744847410911843e-14 -2.928204298232843370e-12 3.859451668860451667e-12 1.315742554267569237e-13 1.634239282882953586e-12 1.400884583537441568e-12 4.314466207935514817e-13 -4.097925475016952054e-13 5.414939066580951705e-13 -3.220611425733259324e-13 2.873468138362680321e-13 9.433170261422029002e-13 7.153556588063745058e-14 1.111782236275338367e-13 1.227009418540844531e-13 7.679541596090858047e-13 -3.214914715959862014e-13 3.090706637842916995e-13 1.650818366778190893e-13 1.602326688424181277e-12 4.652344556162184711e-12 6.319561280413444455e-13 7.064327670004673468e-14
5.016819009204801891e-12 5.860131673971928144e-13 -2.048643555633955498e-12 -6.125828027401705612e-12 1.579404456256251073e-13 -1.153307053074061826e-12 -2.082221523927726397e-12 1.582104175544167592e-12 7.581787808135465203e-13 9.185543676292460576e-13 -6.251093228848868177e-13 2.708666110944615081e-13 -9.003901120584618819e-13 7.964713816763575115e-13 -6.859345430929608914e-14 2.680474857806684103e-13 -4.479512228724514030e-13 8.736517335925852973e-14 4.676496313479254019e-14 -4.754268934360860166e-13 -1.216444966136020614e-13 3.774394917251074663e-13 4.025871581075409753e-13 6.319561280413444455e-13 3.471757287562938621e-12 3.443996830282015269e-13
-1.389581115773636399e-12 7.922858795568232186e-12 4.956025103750320409e-13 1.196245164255402984e-12 -2.338719058851661968e-12 -9.764467078567438759e-13 -4.954216241636480551e-13 8.527997926265992078e-13 -9.883841207947135620e-13 -9.163745917105889142e-13 -4.814762953928912283e-13 -4.581379647797390910e-13 -5.758535315695711461e-13 -3.337835652173232030e-13 5.862431326966395320e-14 -8.423659039714475060e-14 1.552475207316336657e-13 5.290226087624781013e-13 1.163509392575682028e-12 5.377156240532205049e-14 3.602109253633325871e-13 2.702157635801152289e-13 -5.498734108112980663e-14 7.064327670004673468e-14 3.443996830282015269e-13 1.745338766921169914e-12
