3.645693835506285276e-09 -7.087384710968842816e-11 -4.550172453090854213e-11 -9.490154086601358903e-11 -3.789683387117046558e-11 -1.188451780844767962e-11 3.382243791159726709e-11 2.845928402754409150e-11 4.418830142476454661e-11 2.108095802403985934e-11 6.869562015879748521e-12 -1.592619367201304527e-11 2.440821819580079353e-11 4.578880334782620171e-11 1.376045710913062968e-11 -1.492746944424640479e-11 -8.696213572917124284e-12 -1.200853328467609688e-11 1.389781329191621067e-11 1.030244487507385925e-11 1.963334088096147828e-12 7.965146844092254297e-12 -1.575864366819993124e-11 -2.080857813000601256e-11 1.256068800292174018e-13 9.134596080435410297e-13
-7.087384710968842816e-11 2.961078787339581659e-09 2.282715364111128602e-10 4.884648177740622186e-12 -1.314529924538346246e-10 -1.359515259784733953e-10 -2.489768783901916190e-11 -7.154868625333218441e-11 -5.916288666884285915e-12 -6.762823993508025173e-12 -7.588465193041143503e-12 1.543777097992759298e-11 2.046922754267704093e-11 5.870799580936206072e-12 -2.563409561758348681e-11 -2.408502464394016183e-11 -3.859751962583034221e-12 -2.863051786370976805e-11 1.305198358160082206e-11 -9.174642868310541732e-12 -8.902728244647011507e-12 -1.013408587693133963e-12 2.903684906663294863e-12 5.685771528018396179e-12 1.188662440664152867e-11 -1.032371595003785083e-11
-4.550172453090854213e-11 2.282715364111128602e-10 1.668348755815234542e-09 1.378059064257701681e-10 5.134013842924388132e-11 7.054010249710795739e-11 3.662158239056853282e-12 2.398890026065677406e-11 3.824964505503942084e-11 1.371014153514032196e-11 2.425293078651877415e-11 -1.037272535477435898e-11 1.040824202302861216e-11 4.110694373574461073e-12 -1.162158635399034419e-11 -1.426559132528370837e-11 -7.514110630007658265e-12 -1.141414757455543404e-11 -1.260436382140837371e-11 -2.388891861149571061e-11 1.234115137099968929e-11 -4.276182899613378406e-12 1.549402514322099477e-11 8.908090501545707485e-12 -4.777943335428207454e-12 6.194889918175012564e-13
-9.490154086601358903e-11 4.884648177740622186e-12 1.378059064257701681e-10 1.219440254718710696e-09 3.589695174852058084e-11 -3.975791882421017986e-12 2.627403926919826159e-11 1.753074367798911426e-11 1.348610996039903208e-11 -1.577750036772717116e-11 -8.391717449376857394e-12 8.628840133696174303e-12 8.796295458436067907e-12 1.323001513595242598e-13 -1.722108604869714027e-11 -2.749630387304663489e-12 1.115523720027304597e-11 -9.025370829891105244e-12 9.841929769694526680e-12 -5.125252732313348309e-12 -1.647511323225238226e-12 -1.097828603947529458e-11 -6.744265467926851396e-12 -2.702298664556654480e-12 -1.104536339792286431e-11 -1.826237534450242327e-12
-3.789683387117046558e-11 -1.314529924538346246e-10 5.134013842924388132e-11 3.589695174852058084e-11 7.806388571694906108e-10 9.915076570567028507e-11 6.154062493805092893e-12 2.923550948594328466e-13 3.959450673917483073e-11 -6.054006926411476896e-12 -9.399401538799197208e-12 -2.025982664335587025e-11 -2.053885191720574262e-12 7.125589784675859594e-12 2.906636402348746799e-11 1.172050315465424056e-11 1.319948628823100937e-11 1.818662810689426863e-11 2.272486383283717517e-12 -6.685329962277277710e-12 5.396445676247118985e-12 1.139005205531477386e-12 -8.369150181223604175e-12 -2.213850255812465328e-12 -4.588807717026846073e-13 -3.590741032340035927e-12
-1.188451780844767962e-11 -1.359515259784733953e-10 7.054010249710795739e-11 -3.975791882421017986e-12 9.915076570567028507e-11 5.042247113609555408e-10 3.045771308615136687e-11 4.030273700696413927e-11 1.485726308479720331e-11 -4.327510155151561717e-11 -2.120069331878801629e-11 -5.014772763944951271e-12 -1.337277492295030762e-11 -1.078973125729106620e-11 1.650838042302607991e-11 1.878223433210780640e-11 1.243755993622100281e-11 1.039468796860041384e-11 1.009116620865723385e-11 -1.978806148854236435e-12 -7.565265748449999347e-12 -6.099182759328754167e-12 3.363020505669960352e-14 2.196063468011753034e-12 2.810891048123520739e-12 -6.463140911648897778e-12
3.382243791159726709e-11 -2.489768783901916190e-11 3.662158239056853282e-12 2.627403926919826159e-11 6.154062493805092893e-12 3.045771308615136687e-11 2.822629128300919172e-10 1.606722438072815503e-11 1.052669884845143925e-11 -7.726229121836479036e-12 2.575716776851687433e-12 2.842943658166490128e-13 -3.521358040011759305e-12 -6.387860133450292029e-12 -8.713540235632147198e-12 -1.196531288573783154e-11 -4.260323374078543512e-12 -2.548209968559713609e-12 -1.013512269891380571e-11 8.198358531851319487e-13 6.075405549784467464e-12 1.809306662064398110e-12 -7.821676942797431148e-13 -1.063382891115311016e-13 3.939311005213547619e-12 3.674594953523390386e-12
2.845928402754409150e-11 -7.154868625333218441e-11 2.398890026065677406e-11 1.753074367798911426e-11 2.923550948594328466e-13 4.030273700696413927e-11 1.606722438072815503e-11 2.245800975151272040e-10 2.195594485657420635e-11 1.409624201534258202e-11 -1.079789899161678429e-11 -8.795225615618719071e-12 -1.544739961689984635e-11 -3.708394107512972581e-12 3.220453564030049582e-12 -5.091203864369185204e-12 -3.452951364206530677e-12 1.101193557167398057e-11 8.885359791297178958e-12 4.982779720345979498e-12 -1.287373450845881810e-12 1.237164639617313577e-12 -5.203219670426312336e-13 1.453236892925268011e-12 -1.169418617796975893e-13 4.142600893368064447e-13
4.418830142476454661e-11 -5.916288666884285915e-12 3.824964505503942084e-11 1.348610996039903208e-11 3.959450673917483073e-11 1.485726308479720331e-11 1.052669884845143925e-11 2.195594485657420635e-11 1.606129882059195254e-10 2.606167018611628685e-11 1.972530280220284859e-11 7.570024562049274108e-12 6.051640648862531360e-13 9.463549132655897356e-12 6.626076023626540609e-12 3.811689766407650643e-12 3.302752660931646737e-12 3.907954085375161687e-12 2.982877537766432634e-12 -2.928046482768193096e-12 1.565951725632818607e-12 2.438898110675809628e-12 -1.365442611985895516e-12 -4.095193738296356602e-12 -2.944168951727867375e-12 1.567973148643161296e-12
2.108095802403985934e-11 -6.762823993508025173e-12 1.371014153514032196e-11 -1.577750036772717116e-11 -6.054006926411476896e-12 -4.327510155151561717e-11 -7.726229121836479036e-12 1.409624201534258202e-11 2.606167018611628685e-11 1.199713587497018575e-10 3.289610546656713183e-11 1.772717965194683278e-11 -3.273113612095264363e-12 -1.264488755926567217e-12 -5.166962334724792651e-12 -2.901797363812063252e-12 -3.133605739342451491e-12 -2.635732791450681362e-12 -3.129861071448384494e-12 -7.381357332221320507e-13 2.039677341729940459e-12 -1.091902909567818492e-12 -2.320256491112219422e-12 -1.818772234195195160e-12 -7.468578498897225276e-13 3.505072019523171819e-12
6.869562015879748521e-12 -7.588465193041143503e-12 2.425293078651877415e-11 -8.391717449376857394e-12 -9.399401538799197208e-12 -2.120069331878801629e-11 2.575716776851687433e-12 -1.079789899161678429e-11 1.972530280220284859e-11 3.289610546656713183e-11 8.817492771371198124e-11 2.533922994707334415e-11 1.762309302067507396e-11 1.255854953900806958e-11 -2.764111271206020759e-14 4.094019460367233183e-12 1.985971551079026771e-12 2.177837818526862063e-12 -4.103900344230685951e-12 -3.920943123794127620e-12 -1.735893018541572411e-12 -2.973670513949783549e-12 -2.123950114279074168e-12 -2.169473503174958747e-13 -1.994659592245985993e-12 8.816144184127676104e-14
-1.592619367201304527e-11 1.543777097992759298e-11 -1.037272535477435898e-11 8.628840133696174303e-12 -2.025982664335587025e-11 -5.014772763944951271e-12 2.842943658166490128e-13 -8.795225615618719071e-12 7.570024562049274108e-12 1.772717965194683278e-11 2.533922994707334415e-11 6.910612872889707543e-11 2.527216256552093578e-11 1.703082277203639515e-11 2.488078559789309357e-12 1.859124800089775958e-12 -2.768375242645736747e-12 -1.049798896480634675e-12 -5.192284329590529926e-12 -5.945710767642692892e-13 2.542422773834995141e-13 3.897855670569617348e-13 1.758416358994757141e-12 9.218578217658874118e-13 4.472095224894357028e-13 9.206243858912854500e-13
2.440821819580079353e-11 2.046922754267704093e-11 1.040824202302861216e-11 8.796295458436067907e-12 -2.053885191720574262e-12 -1.337277492295030762e-11 -3.521358040011759305e-12 -1.544739961689984635e-11 6.051640648862531360e-13 -3.273113612095264363e-12 1.762309302067507396e-11 2.527216256552093578e-11 6.459440651203485835e-11 2.896130090006339636e-11 9.433504645866929465e-12 1.025487901028461348e-11 4.164994102509893222e-13 -2.043744056777719473e-12 -4.242535008523115709e-12 -8.021875208330138717e-13 -3.482980678222074730e-13 -7.833801433284338656e-13 -2.467206154179613827e-13 -7.058517858727937536e-13 -1.028552378502636176e-12 -1.206681216451336932e-12
4.578880334782620171e-11 5.870799580936206072e-12 4.110694373574461073e-12 1.323001513595242598e-13 7.125589784675859594e-12 -1.078973125729106620e-11 -6.387860133450292029e-12 -3.708394107512972581e-12 9.463549132655897356e-12 -1.264488755926567217e-12 1.255854953900806958e-11 1.703082277203639515e-11 2.896130090006339636e-11 5.456050717814652690e-11 1.763488413346534946e-11 1.165677097680888847e-11 1.883240255473102828e-12 4.286771693437804636e-12 3.605029234474960920e-12 2.063082599592040031e-12 -1.022638880381440498e-12 -7.552269409980640653e-13 6.507989659503878541e-13 8.751072403596487157e-13 -7.118999460198358991e-13 6.324309173515484710e-13
1.376045710913062968e-11 -2.563409561758348681e-11 -1.162158635399034419e-11 -1.722108604869714027e-11 2.906636402348746799e-11 1.650838042302607991e-11 -8.713540235632147198e-12 3.220453564030049582e-12 6.626076023626540609e-12 -5.166962334724792651e-12 -2.764111271206020759e-14 2.488078559789309357e-12 9.433504645866929465e-12 1.763488413346534946e-11 3.590549557468600448e-11 1.599730964074230366e-11 8.457475193599121810e-12 7.958642321273514013e-12 5.916504123803310014e-12 1.660775742464011104e-12 -9.044197988277940772e-13 1.946626818731067073e-12 2.642669362440626893e-12 5.925523001657129426e-13 -1.205678195972540537e-12 -4.597719432748755947e-13
-1.492746944424640479e-11 -2.408502464394016183e-11 -1.426559132528370837e-11 -2.749630387304663489e-12 1.172050315465424056e-11 1.878223433210780640e-11 -1.196531288573783154e-11 -5.091203864369185204e-12 3.811689766407650643e-12 -2.901797363812063252e-12 4.094019460367233183e-12 1.859124800089775958e-12 1.025487901028461348e-11 1.165677097680888847e-11 1.599730964074230366e-11 3.425822136928406382e-11 1.430345959716814262e-11 4.540700314298736157e-12 1.698275517828462180e-12 1.761386081507450868e-12 4.099558853769910271e-13 8.701335570261384163e-14 1.287525598165189559e-12 7.545956714716854956e-13 -9.309474098997235215e-13 -5.115229687619444624e-13
-8.696213572917124284e-12 -3.859751962583034221e-12 -7.514110630007658265e-12 1.115523720027304597e-11 1.319948628823100937e-11 1.243755993622100281e-11 -4.260323374078543512e-12 -3.452951364206530677e-12 3.302752660931646737e-12 -3.133605739342451491e-12 1.985971551079026771e-12 -2.768375242645736747e-12 4.164994102509893222e-13 1.883240255473102828e-12 8.457475193599121810e-12 1.430345959716814262e-11 2.723090844298074429e-11 1.088878955425261937e-11 4.142899970174068397e-12 3.105017519641923664e-12 -3.901810210245175154e-13 -6.971375810869626340e-13 7.035849449593493074e-13 1.051997265495951088e-13 9.559488098305479122e-13 -3.639918261588235334e-13
-1.200853328467609688e-11 -2.863051786370976805e-11 -1.141414757455543404e-11 -9.025370829891105244e-12 1.818662810689426863e-11 1.039468796860041384e-11 -2.548209968559713609e-12 1.101193557167398057e-11 3.907954085375161687e-12 -2.635732791450681362e-12 2.177837818526862063e-12 -1.049798896480634675e-12 -2.043744056777719473e-12 4.286771693437804636e-12 7.958642321273514013e-12 4.540700314298736157e-12 1.088878955425261937e-11 2.634593521373066904e-11 1.381368864027055493e-11 5.585728151762588208e-12 3.297773856298165093e-12 1.316405802510034979e-12 3.007179963148569674e-13 5.954370256201954608e-13 -6.449870586867928794e-13 -1.032025373769945904e-13
1.389781329191621067e-11 1.305198358160082206e-11 -1.260436382140837371e-11 9.841929769694526680e-12 2.272486383283717517e-12 1.009116620865723385e-11 -1.013512269891380571e-11 8.885359791297178958e-12 2.982877537766432634e-12 -3.129861071448384494e-12 -4.103900344230685951e-12 -5.192284329590529926e-12 -4.242535008523115709e-12 3.605029234474960920e-12 5.916504123803310014e-12 1.698275517828462180e-12 4.142899970174068397e-12 1.381368864027055493e-11 2.778339257751690491e-11 1.320663719332988974e-11 6.388156607487318787e-12 3.682664318963007742e-12 7.745447891224018687e-13 3.896213180559817475e-13 -1.040361602692049748e-12 -1.929922318623921847e-12
1.030244487507385925e-11 -9.174642868310541732e-12 -2.388891861149571061e-11 -5.125252732313348309e-12 -6.685329962277277710e-12 -1.978806148854236435e-12 8.198358531851319487e-13 4.982779720345979498e-12 -2.928046482768193096e-12 -7.381357332221320507e-13 -3.920943123794127620e-12 -5.945710767642692892e-13 -8.021875208330138717e-13 2.063082599592040031e-12 1.660775742464011104e-12 1.761386081507450868e-12 3.105017519641923664e-12 5.585728151762588208e-12 1.320663719332988974e-11 2.326114467100259946e-11 1.044002185517951059e-11 5.181252660970370061e-12 -9.074181817465569105e-13 -1.351367510112422633e-12 -7.734590644473685325e-13 -1.119572397770481492e-12
1.963334088096147828e-12 -8.902728244647011507e-12 1.234115137099968929e-11 -1.647511323225238226e-12 5.396445676247118985e-12 -7.565265748449999347e-12 6.075405549784467464e-12 -1.287373450845881810e-12 1.565951725632818607e-12 2.039677341729940459e-12 -1.735893018541572411e-12 2.542422773834995141e-13 -3.482980678222074730e-13 -1.022638880381440498e-12 -9.044197988277940772e-13 4.099558853769910271e-13 -3.901810210245175154e-13 3.297773856298165093e-12 6.388156607487318787e-12 1.044002185517951059e-11 2.071891377516499464e-11 8.920865381859055441e-12 9.486847588099538258e-13 -1.814718921129506653e-13 -1.169042691942720196e-12 -1.659385273848056646e-12
7.965146844092254297e-12 -1.013408587693133963e-12 -4.276182899613378406e-12 -1.097828603947529458e-11 1.139005205531477386e-12 -6.099182759328754167e-12 1.809306662064398110e-12 1.237164639617313577e-12 2.438898110675809628e-12 -1.091902909567818492e-12 -2.973670513949783549e-12 3.897855670569617348e-13 -7.833801433284338656e-13 -7.552269409980640653e-13 1.946626818731067073e-12 8.701335570261384163e-14 -6.971375810869626340e-13 1.316405802510034979e-12 3.682664318963007742e-12 5.181252660970370061e-12 8.920865381859055441e-12 1.480616255720883527e-11 5.775402768897928804e-12 3.250826119118775205e-13 -4.300182299175963698e-13 -1.718161454272384280e-12
-1.575864366819993124e-11 2.903684906663294863e-12 1.549402514322099477e-11 -6.744265467926851396e-12 -8.369150181223604175e-12 3.363020505669960352e-14 -7.821676942797431148e-13 -5.203219670426312336e-13 -1.365442611985895516e-12 -2.320256491112219422e-12 -2.123950114279074168e-12 1.758416358994757141e-12 -2.467206154179613827e-13 6.507989659503878541e-13 2.642669362440626893e-12 1.287525598165189559e-12 7.035849449593493074e-13 3.007179963148569674e-13 7.745447891224018687e-13 -9.074181817465569105e-13 9.486847588099538258e-13 5.775402768897928804e-12 1.279982754895727845e-11 3.296636385676465710e-12 4.987557337398963890e-13 -6.201622841886777295e-13
-2.080857813000601256e-11 5.685771528018396179e-12 8.908090501545707485e-12 -2.702298664556654480e-12 -2.213850255812465328e-12 2.196063468011753034e-12 -1.063382891115311016e-13 1.453236892925268011e-12 -4.095193738296356602e-12 -1.818772234195195160e-12 -2.169473503174958747e-13 9.218578217658874118e-13 -7.058517858727937536e-13 8.751072403596487157e-13 5.925523001657129426e-13 7.545956714716854956e-13 1.051997265495951088e-13 5.954370256201954608e-13 3.896213180559817475e-13 -1.351367510112422633e-12 -1.814718921129506653e-13 3.250826119118775205e-13 3.296636385676465710e-12 8.851534979438260591e-12 2.418395871857458777e-12 -3.186330106562129996e-13
1.256068800292174018e-13 1.188662440664152867e-11 -4.777943335428207454e-12 -1.104536339792286431e-11 -4.588807717026846073e-13 2.810891048123520739e-12 3.939311005213547619e-12 -1.169418617796975893e-13 -2.944168951727867375e-12 -7.468578498897225276e-13 -1.994659592245985993e-12 4.472095224894357028e-13 -1.028552378502636176e-12 -7.118999460198358991e-13 -1.205678195972540537e-12 -9.309474098997235215e-13 9.559488098305479122e-13 -6.449870586867928794e-13 -1.040361602692049748e-12 -7.734590644473685325e-13 -1.169042691942720196e-12 -4.300182299175963698e-13 4.987557337398963890e-13 2.418395871857458777e-12 6.920915850923379926e-12 5.715778146060103450e-13
9.134596080435410297e-13 -1.032371595003785083e-11 6.194889918175012564e-13 -1.826237534450242327e-12 -3.590741032340035927e-12 -6.463140911648897778e-12 3.674594953523390386e-12 4.142600893368064447e-13 1.567973148643161296e-12 3.505072019523171819e-12 8.816144184127676104e-14 9.206243858912854500e-13 -1.206681216451336932e-12 6.324309173515484710e-13 -4.597719432748755947e-13 -5.115229687619444624e-13 -3.639918261588235334e-13 -1.032025373769945904e-13 -1.929922318623921847e-12 -1.119572397770481492e-12 -1.659385273848056646e-12 -1.718161454272384280e-12 -6.201622841886777295e-13 -3.186330106562129996e-13 5.715778146060103450e-13 4.754017664492691259e-12
