2.919242078997115993e-09 4.018646400102952826e-10 1.305265115485698417e-10 6.661156820322075418e-11 -6.729922927625920939e-12 2.802289817231882393e-11 9.533166712649973722e-12 -7.548043007352784888e-11 -1.270384921962031961e-11 -2.059643851505416145e-11 1.130834723189062694e-11 5.187981175492514550e-11 6.320376943590368104e-11 4.620147320327418449e-11 3.161908688617090629e-11 1.712872997077220663e-11 7.337067182130149803e-12 1.030375857316537651e-11 2.300048321274205089e-11 8.687247724527929948e-12 1.164966513609369804e-12 -3.926415128519364880e-12 -2.729565181025762459e-12 1.109440744760244478e-11 -2.131000219157655076e-12 -2.438904491273912392e-12
4.018646400102952826e-10 2.200088736109067479e-09 1.470895722815354367e-10 4.349384710796603773e-11 1.247493915134555110e-10 4.991672917384644032e-12 2.970483597136956465e-11 -9.245117983352849361e-12 2.592378394970382520e-11 -4.302787956424290426e-11 2.417468375941071093e-11 5.354561811767450781e-12 1.694564490477996019e-11 2.554193750552663468e-12 1.442498324761641732e-11 -3.897130176651810289e-12 -5.730662984675857812e-12 -1.920501552780858669e-11 -7.475857562777056049e-12 1.870230403911994265e-11 1.353767684083409153e-11 1.230573590714749287e-11 -3.531300545337313369e-12 3.645480095610355235e-12 -8.186940768110301498e-12 1.356708345389499474e-12
1.305265115485698417e-10 1.470895722815354367e-10 1.346453387509426222e-09 1.060899805160702102e-10 5.499131916797116716e-11 -4.519534057044783676e-11 5.242918920208256676e-11 2.049187547919146263e-11 -2.869372246685748048e-11 -5.085280135041885786e-11 1.544028182394704186e-11 8.619802057034499487e-12 -2.689437963148680947e-11 -3.613837460673810609e-12 1.217087302590637583e-11 1.647707945390391120e-11 1.097757114658727322e-11 -1.198459797420424345e-11 -6.996183693792914129e-12 -1.283897225432632006e-11 -6.112684646795144474e-12 -9.189443265174496997e-12 -1.170521124049702346e-11 -4.453859757599788949e-12 -7.390820928235589197e-12 -5.158183346810580232e-12
6.661156820322075418e-11 4.349384710796603773e-11 1.060899805160702102e-10 1.064588785415341248e-09 6.791924558535052845e-11 2.831285100163037525e-12 6.098156079681562785e-11 -7.974371327469315110e-12 -8.186878872105082835e-12 7.887345044654809047e-13 2.030626329452857934e-12 -2.267418895907673419e-11 -1.900569309496342906e-11 -1.400312873382284897e-12 2.248714830289285718e-11 2.645557044008825539e-12 1.883029274612049759e-11 -3.085716490734335057e-12 -8.014857994344278271e-12 -5.819572126018571168e-12 -1.390287550705653246e-12 -4.745051727778008991e-12 -1.085262727920100034e-11 -2.744184834036356568e-12 2.410147070553033115e-12 -2.849565806883580915e-12
-6.729922927625920939e-12 1.247493915134555110e-10 5.499131916797116716e-11 6.791924558535052845e-11 5.639525560660345041e-10 2.179560295707817625e-11 1.596654749942148877e-11 4.191533836574183640e-11 -1.563921452431153546e-11 2.216334053587073920e-11 7.255066002195491853e-12 -1.461168130872272269e-11 -1.075293111917045246e-11 -9.951245411666156513e-12 -4.458207842514473288e-13 -1.053263101701305815e-11 -1.180196808416620621e-12 -4.998937259408997038e-12 -1.109249404540594918e-12 1.302962316256383284e-11 8.725455357252064089e-12 7.332354689182735613e-12 -3.521867842225004071e-12 -1.404061127805696896e-12 1.361483906147937912e-12 2.039785755136281589e-12
2.802289817231882393e-11 4.991672917384644032e-12 -4.519534057044783676e-11 2.831285100163037525e-12 2.179560295707817625e-11 3.533381020827423543e-10 2.674011405021553786e-11 2.713997195271787097e-11 5.083004702041395658e-12 1.746959066319539521e-11 6.480979371129389026e-12 1.618961062732003005e-11 6.078131511263099358e-12 -3.378954735403529382e-13 -2.728634908671731652e-12 -1.046353550107737154e-12 7.632413579115052530e-12 9.287471978711303122e-14 7.886781038093689334e-12 9.010982381885721826e-12 3.304492292965101827e-12 1.051710372415343095e-12 -3.858724674089409666e-12 -2.606865572508532448e-12 1.641441051825801800e-12 -1.523141071504913440e-12
9.533166712649973722e-12 2.970483597136956465e-11 5.242918920208256676e-11 6.098156079681562785e-11 1.596654749942148877e-11 2.674011405021553786e-11 2.518916265211502464e-10 3.648053854262931218e-11 3.694047621487550638e-11 3.036666420418525054e-11 1.266293553810651727e-11 1.218194144384095828e-11 1.329666150758889145e-11 6.493683544135879432e-12 1.626800637813471341e-11 6.085244377437385145e-12 -1.834507294486007253e-12 -5.226516141201206747e-12 3.541109278083802862e-13 5.516140658689997353e-13 3.904569042477983874e-12 -2.226302913974348852e-12 -4.510865690786656032e-12 -3.652088567131755855e-12 -3.931064650676377137e-12 2.382635908896849615e-13
-7.548043007352784888e-11 -9.245117983352849361e-12 2.049187547919146263e-11 -7.974371327469315110e-12 4.191533836574183640e-11 2.713997195271787097e-11 3.648053854262931218e-11 1.754389484876899249e-10 7.817444771318108617e-12 2.112150470796878651e-11 5.709971014936873814e-13 -3.776446870551124128e-12 -2.551245185443094145e-13 -3.999108904420263445e-12 2.572097976740381908e-12 -3.934259039931821830e-12 8.368573251705415937e-15 2.104388983911047402e-12 -1.241430842408410966e-12 -2.564622715965506783e-13 3.201630083979034647e-12 1.821446293202410231e-12 7.739652856362112132e-13 -2.609734211934671364e-12 -5.266895729430663765e-13 8.760501873993167061e-13
-1.270384921962031961e-11 2.592378394970382520e-11 -2.869372246685748048e-11 -8.186878872105082835e-12 -1.563921452431153546e-11 5.083004702041395658e-12 3.694047621487550638e-11 7.817444771318108617e-12 1.333677502156512144e-10 2.297354902676768359e-11 7.056432408411769917e-12 3.390325970609795700e-12 5.617983161254962383e-12 9.966385988647524240e-14 -1.062802208355703699e-12 -3.074069266535683169e-13 -9.103488661455127960e-13 1.811483699330885996e-12 -3.148855112356691443e-13 2.689267159797350814e-12 3.760474179474541452e-12 -2.833602859837098408e-12 1.012274125357393593e-13 3.383901735872796283e-14 -7.062033821944485024e-13 -1.446267895166094689e-12
-2.059643851505416145e-11 -4.302787956424290426e-11 -5.085280135041885786e-11 7.887345044654809047e-13 2.216334053587073920e-11 1.746959066319539521e-11 3.036666420418525054e-11 2.112150470796878651e-11 2.297354902676768359e-11 9.897415244990592728e-11 1.705698425227753470e-11 1.043221468983507020e-11 6.865283562258374850e-12 1.058428803406832087e-12 2.000004964089250637e-12 -5.894012965834796551e-13 -3.816733769693074341e-12 -5.445236105194099004e-12 -4.038147097232119230e-12 -2.475320511861017811e-12 2.161377235888900812e-12 5.759325864011476116e-14 -4.015410539264886125e-13 -1.572398401050840405e-12 2.280416576965421255e-12 1.998553101864177903e-12
1.130834723189062694e-11 2.417468375941071093e-11 1.544028182394704186e-11 2.030626329452857934e-12 7.255066002195491853e-12 6.480979371129389026e-12 1.266293553810651727e-11 5.709971014936873814e-13 7.056432408411769917e-12 1.705698425227753470e-11 6.241165653255372274e-11 2.102940459034312141e-11 8.514848696149940214e-12 2.582942399862678800e-12 2.545144967273542018e-12 8.074845880277057193e-13 2.683586993186673604e-13 -2.017549942021991618e-12 -2.143942808534127647e-12 3.876591579009735951e-13 1.959763500477505885e-12 -3.399672783996937954e-12 -1.910460456261197211e-12 1.366977272891414372e-12 4.524239454022677366e-13 7.314124865468545149e-13
5.187981175492514550e-11 5.354561811767450781e-12 8.619802057034499487e-12 -2.267418895907673419e-11 -1.461168130872272269e-11 1.618961062732003005e-11 1.218194144384095828e-11 -3.776446870551124128e-12 3.390325970609795700e-12 1.043221468983507020e-11 2.102940459034312141e-11 5.420432713612742775e-11 1.296086349631364756e-11 5.018939224414696183e-12 2.145394655458464159e-12 9.586190843270220202e-14 1.917317484692714515e-12 -1.555083853521585016e-12 -1.343981502540481639e-12 -7.589567476171497065e-13 -3.352437949108384955e-13 -1.348498693892794893e-12 7.108211256056065101e-13 1.476432539886334128e-12 7.043611367655346918e-13 1.111362429391651928e-12
6.320376943590368104e-11 1.694564490477996019e-11 -2.689437963148680947e-11 -1.900569309496342906e-11 -1.075293111917045246e-11 6.078131511263099358e-12 1.329666150758889145e-11 -2.551245185443094145e-13 5.617983161254962383e-12 6.865283562258374850e-12 8.514848696149940214e-12 1.296086349631364756e-11 3.988647860182299651e-11 1.160121327514870417e-11 7.572260103361573500e-12 5.123478863216213652e-12 1.427749208000845902e-12 3.273708497067009131e-12 2.426236165798878047e-12 2.107595184813868361e-12 1.483394593487740962e-12 9.900962616753049482e-14 1.353398994480978350e-12 1.526823061990760172e-12 -3.850516215150469718e-13 3.914643221093849899e-13
4.620147320327418449e-11 2.554193750552663468e-12 -3.613837460673810609e-12 -1.400312873382284897e-12 -9.951245411666156513e-12 -3.378954735403529382e-13 6.493683544135879432e-12 -3.999108904420263445e-12 9.966385988647524240e-14 1.058428803406832087e-12 2.582942399862678800e-12 5.018939224414696183e-12 1.160121327514870417e-11 2.608525602644809396e-11 9.899675136299928650e-12 3.897543348982656993e-12 2.574059540976224278e-12 5.085408232371117533e-13 -3.264768979012066235e-13 9.319845670775802418e-14 8.387507068222228272e-13 -6.373892793394153012e-13 -3.231322993120826170e-13 2.561345844171247291e-13 8.002622732415028402e-13 -7.209782966629058471e-14
3.161908688617090629e-11 1.442498324761641732e-11 1.217087302590637583e-11 2.248714830289285718e-11 -4.458207842514473288e-13 -2.728634908671731652e-12 1.626800637813471341e-11 2.572097976740381908e-12 -1.062802208355703699e-12 2.000004964089250637e-12 2.545144967273542018e-12 2.145394655458464159e-12 7.572260103361573500e-12 9.899675136299928650e-12 2.483385588157522659e-11 9.515860816280234252e-12 5.204597044027792096e-12 1.896617085548918412e-12 2.181022227601326317e-12 1.814253964599450366e-12 1.793030815766099777e-12 3.935232568483880137e-13 -2.312500863754879422e-13 1.350120447456189662e-13 -1.667429619112360721e-13 1.587533129263196865e-14
1.712872997077220663e-11 -3.897130176651810289e-12 1.647707945390391120e-11 2.645557044008825539e-12 -1.053263101701305815e-11 -1.046353550107737154e-12 6.085244377437385145e-12 -3.934259039931821830e-12 -3.074069266535683169e-13 -5.894012965834796551e-13 8.074845880277057193e-13 9.586190843270220202e-14 5.123478863216213652e-12 3.897543348982656993e-12 9.515860816280234252e-12 2.068030624490382811e-11 1.117917149368420660e-11 5.498819267959905161e-12 3.650565377675246716e-12 2.480587804435928476e-12 9.823060974241234764e-13 2.233181834044725200e-13 -6.051251870874899319e-13 3.804351867397373259e-14 -5.857275626570725316e-14 -8.084612986178949071e-13
7.337067182130149803e-12 -5.730662984675857812e-12 1.097757114658727322e-11 1.883029274612049759e-11 -1.180196808416620621e-12 7.632413579115052530e-12 -1.834507294486007253e-12 8.368573251705415937e-15 -9.103488661455127960e-13 -3.816733769693074341e-12 2.683586993186673604e-13 1.917317484692714515e-12 1.427749208000845902e-12 2.574059540976224278e-12 5.204597044027792096e-12 1.117917149368420660e-11 2.046778582177445321e-11 9.037914176957287644e-12 3.616783745268969574e-12 3.185172611677855719e-12 -2.597427386339027349e-13 -1.205379832704132185e-12 -1.275174038227028767e-12 -4.542349043089086911e-13 -4.264364324738222569e-14 -1.026287787249339634e-12
1.030375857316537651e-11 -1.920501552780858669e-11 -1.198459797420424345e-11 -3.085716490734335057e-12 -4.998937259408997038e-12 9.287471978711303122e-14 -5.226516141201206747e-12 2.104388983911047402e-12 1.811483699330885996e-12 -5.445236105194099004e-12 -2.017549942021991618e-12 -1.555083853521585016e-12 3.273708497067009131e-12 5.085408232371117533e-13 1.896617085548918412e-12 5.498819267959905161e-12 9.037914176957287644e-12 1.725574904424556995e-11 8.377350071877220811e-12 5.299706237757667661e-12 5.279526844626610730e-13 3.614666510695654422e-13 -2.449884187337485517e-13 1.765912016563472740e-14 -4.395307242850256103e-13 -5.104644663823929846e-13
2.300048321274205089e-11 -7.475857562777056049e-12 -6.996183693792914129e-12 -8.014857994344278271e-12 -1.109249404540594918e-12 7.886781038093689334e-12 3.541109278083802862e-13 -1.241430842408410966e-12 -3.148855112356691443e-13 -4.038147097232119230e-12 -2.143942808534127647e-12 -1.343981502540481639e-12 2.426236165798878047e-12 -3.264768979012066235e-13 2.181022227601326317e-12 3.650565377675246716e-12 3.616783745268969574e-12 8.377350071877220811e-12 1.512704290165070292e-11 8.986165141602064073e-12 3.523271431429173065e-12 1.306558749159790610e-12 -9.276211675389026788e-13 1.540036095115047572e-13 -4.668863257388839711e-13 -1.297642506372085623e-12
8.687247724527929948e-12 1.870230403911994265e-11 -1.283897225432632006e-11 -5.819572126018571168e-12 1.302962316256383284e-11 9.010982381885721826e-12 5.516140658689997353e-13 -2.564622715965506783e-13 2.689267159797350814e-12 -2.475320511861017811e-12 3.876591579009735951e-13 -7.589567476171497065e-13 2.107595184813868361e-12 9.319845670775802418e-14 1.814253964599450366e-12 2.480587804435928476e-12 3.185172611677855719e-12 5.299706237757667661e-12 8.986165141602064073e-12 1.497032054467966829e-11 7.045987533072773601e-12 3.054246410943790727e-12 -7.078556115519314308e-13 3.987479408512203821e-13 1.729188021609305634e-13 -5.926074298873143191e-13
1.164966513609369804e-12 1.353767684083409153e-11 -6.112684646795144474e-12 -1.390287550705653246e-12 8.725455357252064089e-12 3.304492292965101827e-12 3.904569042477983874e-12 3.201630083979034647e-12 3.760474179474541452e-12 2.161377235888900812e-12 1.959763500477505885e-12 -3.352437949108384955e-13 1.483394593487740962e-12 8.387507068222228272e-13 1.793030815766099777e-12 9.823060974241234764e-13 -2.597427386339027349e-13 5.279526844626610730e-13 3.523271431429173065e-12 7.045987533072773601e-12 1.139651991272852757e-11 3.223775616330073341e-12 -8.030029975003213050e-13 5.178531043194214999e-14 -1.832072229542705894e-14 -1.699350922747812872e-13
-3.926415128519364880e-12 1.230573590714749287e-11 -9.189443265174496997e-12 -4.745051727778008991e-12 7.332354689182735613e-12 1.051710372415343095e-12 -2.226302913974348852e-12 1.821446293202410231e-12 -2.833602859837098408e-12 5.759325864011476116e-14 -3.399672783996937954e-12 -1.348498693892794893e-12 9.900962616753049482e-14 -6.373892793394153012e-13 3.935232568483880137e-13 2.233181834044725200e-13 -1.205379832704132185e-12 3.614666510695654422e-13 1.306558749159790610e-12 3.054246410943790727e-12 3.223775616330073341e-12 7.943225114852759224e-12 1.735508887194732496e-12 1.529112794988569360e-13 -1.071360155383265604e-13 -1.802500252470398362e-13
-2.729565181025762459e-12 -3.531300545337313369e-12 -1.170521124049702346e-11 -1.085262727920100034e-11 -3.521867842225004071e-12 -3.858724674089409666e-12 -4.510865690786656032e-12 7.739652856362112132e-13 1.012274125357393593e-13 -4.015410539264886125e-13 -1.910460456261197211e-12 7.108211256056065101e-13 1.353398994480978350e-12 -3.231322993120826170e-13 -2.312500863754879422e-13 -6.051251870874899319e-13 -1.275174038227028767e-12 -2.449884187337485517e-13 -9.276211675389026788e-13 -7.078556115519314308e-13 -8.030029975003213050e-13 1.735508887194732496e-12 6.192831558244419969e-12 2.004301177892949611e-12 -4.067767503303079522e-13 1.488330723418811942e-13
1.109440744760244478e-11 3.645480095610355235e-12 -4.453859757599788949e-12 -2.744184834036356568e-12 -1.404061127805696896e-12 -2.606865572508532448e-12 -3.652088567131755855e-12 -2.609734211934671364e-12 3.383901735872796283e-14 -1.572398401050840405e-12 1.366977272891414372e-12 1.476432539886334128e-12 1.526823061990760172e-12 2.561345844171247291e-13 1.350120447456189662e-13 3.804351867397373259e-14 -4.542349043089086911e-13 1.765912016563472740e-14 1.540036095115047572e-13 3.987479408512203821e-13 5.178531043194214999e-14 1.529112794988569360e-13 2.004301177892949611e-12 4.738469507855327773e-12 7.473603807700111589e-13 2.370389293658849742e-13
-2.131000219157655076e-12 -8.186940768110301498e-12 -7.390820928235589197e-12 2.410147070553033115e-12 1.361483906147937912e-12 1.641441051825801800e-12 -3.931064650676377137e-12 -5.266895729430663765e-13 -7.062033821944485024e-13 2.280416576965421255e-12 4.524239454022677366e-13 7.043611367655346918e-13 -3.850516215150469718e-13 8.002622732415028402e-13 -1.667429619112360721e-13 -5.857275626570725316e-14 -4.264364324738222569e-14 -4.395307242850256103e-13 -4.668863257388839711e-13 1.729188021609305634e-13 -1.832072229542705894e-14 -1.071360155383265604e-13 -4.067767503303079522e-13 7.473603807700111589e-13 3.212881403147879380e-12 4.475524666533932618e-13
-2.438904491273912392e-12 1.356708345389499474e-12 -5.158183346810580232e-12 -2.849565806883580915e-12 2.039785755136281589e-12 -1.523141071504913440e-12 2.382635908896849615e-13 8.760501873993167061e-13 -1.446267895166094689e-12 1.998553101864177903e-12 7.314124865468545149e-13 1.111362429391651928e-12 3.914643221093849899e-13 -7.209782966629058471e-14 1.587533129263196865e-14 -8.084612986178949071e-13 -1.026287787249339634e-12 -5.104644663823929846e-13 -1.297642506372085623e-12 -5.926074298873143191e-13 -1.699350922747812872e-13 -1.802500252470398362e-13 1.488330723418811942e-13 2.370389293658849742e-13 4.475524666533932618e-13 1.958989530354650747e-12
