4.217322321992229419e-09 -8.973167671235481982e-11 -1.331510885153903207e-11 -9.969699561724162311e-12 1.420950408013697715e-10 1.122641754826633463e-10 -2.300172097567814958e-11 -6.731075824397821849e-12 8.160147248631705122e-11 -2.257962540884497581e-11 5.240622635574428231e-11 -4.615741170040732252e-11 6.201922174188824944e-12 -2.172902103417486928e-11 3.276806696577737562e-11 2.283160014555644215e-11 1.948498572495953450e-11 -1.429571561671442937e-12 1.619249217170699019e-11 -4.669343994532375188e-12 2.123531016370296215e-12 1.134424334376906499e-11 6.165938600096748100e-12 6.249616145145947433e-12 -1.686594210089192600e-11 -4.179012654389316686e-12
-8.973167671235481982e-11 2.505423945746821169e-09 -1.542803871211653965e-10 -6.977331385498899152e-11 9.795524494488136777e-11 9.021731405368072606e-11 1.355297473074361104e-11 -1.959488719936452892e-11 -7.892040553415821214e-12 1.361640853903372261e-11 -5.916237373124006818e-11 -3.280311014716880598e-11 -1.608530952311870571e-11 -2.734386338712247173e-11 -1.610230901108384186e-11 -3.888866677754587885e-11 -1.451142599740239863e-11 -1.422349838295770327e-11 -2.509572785084910747e-11 -3.280707285554758887e-12 -4.385306403935322632e-12 -3.408035785053948248e-12 8.954757433864383525e-12 1.328510574077932814e-12 -6.317690718549520706e-12 -4.103612114137373052e-12
-1.331510885153903207e-11 -1.542803871211653965e-10 1.609533869866937655e-09 -7.253594686944147829e-11 4.698957509254545578e-11 -3.738506314543963175e-11 5.754775552198380402e-12 -7.395757741810942931e-12 -7.710109379068459119e-11 -3.327623671856739615e-11 -6.349716144340412808e-11 -3.310843814405290822e-11 1.221519939291458327e-12 3.928107582731534526e-12 1.260540020399472468e-11 2.463603828809425609e-11 8.166471625963196253e-13 -1.171292503139352797e-11 -1.370066024881561958e-11 -1.429213197024145161e-11 -1.952936940498782364e-12 -4.547613459155973564e-12 5.212235730911730156e-12 -8.544485218839410775e-13 5.001730363372425677e-12 -7.208441645566931971e-12
-9.969699561724162311e-12 -6.977331385498899152e-11 -7.253594686944147829e-11 1.087771225843664291e-09 1.600811551279333982e-12 9.550687922019630916e-11 -1.145368263051391854e-11 2.153253884694327925e-11 -8.017817854092581730e-12 1.053472534525001755e-11 2.956202945593854236e-11 8.215354059632896323e-12 1.716929311972296981e-14 1.246877045504890311e-11 1.282170960096466109e-11 1.076429294106748988e-11 6.906180762759608291e-12 1.589609575315612182e-11 1.689417699586295320e-11 6.724912595157158169e-12 6.653215665823758435e-12 4.692841951698139132e-12 5.657257682667201660e-12 1.060900329824133083e-11 4.388540628400192708e-12 -8.707398299690025641e-13
1.420950408013697715e-10 9.795524494488136777e-11 4.698957509254545578e-11 1.600811551279333982e-12 7.103653693449292560e-10 2.531239996280632162e-11 7.193865920727100875e-11 2.936071218882416960e-11 3.949850567191712715e-11 -1.158635642571909528e-12 -1.592497720132904565e-11 -2.946571404433392870e-12 -6.945222143392603037e-12 -2.149148867702643961e-11 -1.647411688748097112e-11 -1.604307854279661265e-11 -1.113367692138912733e-11 -9.590723885200765028e-12 9.225773278958417537e-13 1.727702760889915736e-12 -3.025706134199735381e-12 3.873250409416203343e-12 2.718528309238664704e-12 9.696536162877832926e-13 4.416404930752767479e-13 -1.991878729085896058e-12
1.122641754826633463e-10 9.021731405368072606e-11 -3.738506314543963175e-11 9.550687922019630916e-11 2.531239996280632162e-11 4.849106312388164438e-10 -8.375665281618505829e-13 3.429018711011774153e-15 5.190383690799128338e-12 1.998035227361143747e-11 1.935842836405917911e-11 5.733685523725209480e-12 -3.070356794677205875e-12 -5.156269914689298029e-12 -1.102333550401069101e-11 -1.374037230015225865e-11 -1.551636352388020500e-12 -7.498412476784984039e-13 -2.563784456109423881e-12 -4.388356562304156638e-12 5.278836547288302204e-12 1.954810607980490088e-12 -4.422405906449380612e-12 4.271559101195275492e-12 -1.425425034451212271e-12 5.157366526584196153e-13
-2.300172097567814958e-11 1.355297473074361104e-11 5.754775552198380402e-12 -1.145368263051391854e-11 7.193865920727100875e-11 -8.375665281618505829e-13 3.203618566658499469e-10 7.855261334858671100e-12 2.776731632480157598e-11 2.980928589480595497e-11 3.407733495038960508e-12 1.347159854358004936e-11 -5.690670104207249897e-12 -1.695808777852625562e-12 3.899817991528597670e-13 -4.811241447317583362e-12 -2.754292481605711886e-13 -6.924162361577842658e-12 -1.844464968785716834e-12 -4.685633173300330354e-12 -4.063014370491151746e-12 -2.763234077348788296e-12 6.258816934174552620e-12 2.277612880043880470e-12 -5.154830663855653842e-12 -1.166329616007648197e-12
-6.731075824397821849e-12 -1.959488719936452892e-11 -7.395757741810942931e-12 2.153253884694327925e-11 2.936071218882416960e-11 3.429018711011774153e-15 7.855261334858671100e-12 2.482897665055576526e-10 4.743744307156336629e-11 2.500514207706989408e-11 8.909818412453868109e-12 -4.395664621119375574e-12 -1.207871128820145267e-12 4.309496033860937943e-13 -3.182048243344773743e-12 1.963539001970350843e-12 1.414422203251338899e-11 7.867963281942582419e-13 7.265733717867444236e-12 -2.103447183972461096e-12 -5.848369320103911556e-12 -3.157671425388270248e-12 -5.965574943226929251e-13 1.429701142845861410e-12 3.007277900895790342e-13 -1.586084647669504302e-13
8.160147248631705122e-11 -7.892040553415821214e-12 -7.710109379068459119e-11 -8.017817854092581730e-12 3.949850567191712715e-11 5.190383690799128338e-12 2.776731632480157598e-11 4.743744307156336629e-11 1.713986492842573471e-10 2.198308876133830589e-11 2.187781050166371138e-11 5.572536681842234969e-12 6.483990157189728885e-12 -9.429141428129370834e-13 -7.224752760722990939e-12 -3.842120666453382681e-12 4.076327701063808031e-13 -1.270903030318562419e-13 4.913947640744509655e-12 1.634028235869420468e-12 2.965161313876368974e-12 2.438727845560876699e-12 -1.496557253039313162e-13 1.125493612407811719e-12 -2.073702419966141618e-12 -1.781321416723708138e-12
-2.257962540884497581e-11 1.361640853903372261e-11 -3.327623671856739615e-11 1.053472534525001755e-11 -1.158635642571909528e-12 1.998035227361143747e-11 2.980928589480595497e-11 2.500514207706989408e-11 2.198308876133830589e-11 1.183243607276943544e-10 2.137215804131838704e-11 1.941694588559070804e-11 5.969287972432568648e-12 1.365848852691124307e-12 2.503201298466051735e-12 4.230654823115051991e-12 8.189983423875359668e-12 3.802156702941908380e-12 5.366433732264559759e-12 2.007573925334783522e-12 -1.399677301109560006e-12 1.114530545203030400e-12 1.673994531650305545e-12 1.090005878971415652e-12 1.017504308916493968e-12 3.962167834629097455e-13
5.240622635574428231e-11 -5.916237373124006818e-11 -6.349716144340412808e-11 2.956202945593854236e-11 -1.592497720132904565e-11 1.935842836405917911e-11 3.407733495038960508e-12 8.909818412453868109e-12 2.187781050166371138e-11 2.137215804131838704e-11 7.960769032128878372e-11 2.150009270370431054e-11 9.898884476920148817e-12 4.184886005889207758e-12 -4.147056390542248757e-13 8.541907308303009128e-12 4.868229026080160949e-12 5.007905144290817831e-12 6.223760837747011769e-12 3.740923257823071584e-12 3.581897393694772693e-13 3.277478615626398486e-12 1.571908130862502885e-12 2.255099010370773479e-12 -3.557545311145183415e-13 6.141855898109103995e-13
-4.615741170040732252e-11 -3.280311014716880598e-11 -3.310843814405290822e-11 8.215354059632896323e-12 -2.946571404433392870e-12 5.733685523725209480e-12 1.347159854358004936e-11 -4.395664621119375574e-12 5.572536681842234969e-12 1.941694588559070804e-11 2.150009270370431054e-11 6.343880438670180258e-11 2.464016360454041614e-11 7.814824547643512500e-12 2.189439115585483752e-12 5.217984810846923467e-12 6.111836012047281846e-12 2.565552322529143492e-12 2.534335264062079670e-12 2.499679494512822102e-12 -1.479718414016262222e-12 -1.372313749863946338e-12 -7.962476493986252770e-13 4.477303864956467546e-13 1.661898247012538482e-12 3.531453572142669269e-13
6.201922174188824944e-12 -1.608530952311870571e-11 1.221519939291458327e-12 1.716929311972296981e-14 -6.945222143392603037e-12 -3.070356794677205875e-12 -5.690670104207249897e-12 -1.207871128820145267e-12 6.483990157189728885e-12 5.969287972432568648e-12 9.898884476920148817e-12 2.464016360454041614e-11 5.142724192145621648e-11 1.522148816515820563e-11 4.739496193006069556e-12 1.072441387749748178e-12 1.632374438189794695e-12 -2.915354827233725060e-13 5.624493137020057118e-13 1.463044668618314566e-12 9.912095661877617334e-13 4.141210294401750114e-13 1.573392499995018188e-12 2.242855849674023413e-12 1.006008294440881499e-12 -7.475537284008460659e-13
-2.172902103417486928e-11 -2.734386338712247173e-11 3.928107582731534526e-12 1.246877045504890311e-11 -2.149148867702643961e-11 -5.156269914689298029e-12 -1.695808777852625562e-12 4.309496033860937943e-13 -9.429141428129370834e-13 1.365848852691124307e-12 4.184886005889207758e-12 7.814824547643512500e-12 1.522148816515820563e-11 3.493092273977615136e-11 1.405765708199281367e-11 7.545502871838131343e-12 3.180940984164140269e-12 2.340643747867571754e-12 3.414952578721554517e-13 1.297795194097985388e-12 -9.756019258780967534e-14 -1.485898788926105083e-12 7.892234331533824795e-13 1.061505317556606286e-12 -4.897224294621146860e-13 -1.213413726457222341e-12
3.276806696577737562e-11 -1.610230901108384186e-11 1.260540020399472468e-11 1.282170960096466109e-11 -1.647411688748097112e-11 -1.102333550401069101e-11 3.899817991528597670e-13 -3.182048243344773743e-12 -7.224752760722990939e-12 2.503201298466051735e-12 -4.147056390542248757e-13 2.189439115585483752e-12 4.739496193006069556e-12 1.405765708199281367e-11 3.160649864184895043e-11 1.273663195719933934e-11 5.016453357705900295e-12 2.974574024797301388e-12 1.436985513612261215e-12 3.114450008331441407e-12 -1.545216003026983205e-13 -1.063172214438833876e-12 1.507142087059721175e-12 9.831413554578543684e-13 -1.196465584247709784e-13 -1.592699148613416873e-12
2.283160014555644215e-11 -3.888866677754587885e-11 2.463603828809425609e-11 1.076429294106748988e-11 -1.604307854279661265e-11 -1.374037230015225865e-11 -4.811241447317583362e-12 1.963539001970350843e-12 -3.842120666453382681e-12 4.230654823115051991e-12 8.541907308303009128e-12 5.217984810846923467e-12 1.072441387749748178e-12 7.545502871838131343e-12 1.273663195719933934e-11 2.631784291909615402e-11 8.653013565960836177e-12 3.676670039095725454e-12 4.506694172259652859e-12 2.294818579190242221e-12 -2.116750193902965964e-12 1.428696229913440119e-13 9.899978435504628615e-13 -9.641158886583420319e-13 2.064378093888779182e-13 6.811074539136525518e-13
1.948498572495953450e-11 -1.451142599740239863e-11 8.166471625963196253e-13 6.906180762759608291e-12 -1.113367692138912733e-11 -1.551636352388020500e-12 -2.754292481605711886e-13 1.414422203251338899e-11 4.076327701063808031e-13 8.189983423875359668e-12 4.868229026080160949e-12 6.111836012047281846e-12 1.632374438189794695e-12 3.180940984164140269e-12 5.016453357705900295e-12 8.653013565960836177e-12 2.534273901765466863e-11 1.128047048687448765e-11 4.758189806160460155e-12 1.934294377968891302e-12 -7.540856066574496200e-13 -9.495654212153358254e-13 -1.154183702026065366e-12 -7.635325246180155485e-13 -1.487946261799898139e-13 -3.939055999227933949e-14
-1.429571561671442937e-12 -1.422349838295770327e-11 -1.171292503139352797e-11 1.589609575315612182e-11 -9.590723885200765028e-12 -7.498412476784984039e-13 -6.924162361577842658e-12 7.867963281942582419e-13 -1.270903030318562419e-13 3.802156702941908380e-12 5.007905144290817831e-12 2.565552322529143492e-12 -2.915354827233725060e-13 2.340643747867571754e-12 2.974574024797301388e-12 3.676670039095725454e-12 1.128047048687448765e-11 2.260299730560437137e-11 8.187140365636401903e-12 2.255481041333977485e-12 -1.869822644080018877e-13 -7.187840600835734075e-13 -9.453484219250462481e-13 2.288646918013019016e-13 5.905052211842771713e-13 -2.258249696723239529e-14
1.619249217170699019e-11 -2.509572785084910747e-11 -1.370066024881561958e-11 1.689417699586295320e-11 9.225773278958417537e-13 -2.563784456109423881e-12 -1.844464968785716834e-12 7.265733717867444236e-12 4.913947640744509655e-12 5.366433732264559759e-12 6.223760837747011769e-12 2.534335264062079670e-12 5.624493137020057118e-13 3.414952578721554517e-13 1.436985513612261215e-12 4.506694172259652859e-12 4.758189806160460155e-12 8.187140365636401903e-12 1.894563327162676412e-11 7.091153341506540213e-12 1.908487018756602677e-12 7.613292887543972259e-13 -6.436283770157390126e-13 1.499306733269658937e-12 6.784884854402815058e-13 3.509537172757736202e-13
-4.669343994532375188e-12 -3.280707285554758887e-12 -1.429213197024145161e-11 6.724912595157158169e-12 1.727702760889915736e-12 -4.388356562304156638e-12 -4.685633173300330354e-12 -2.103447183972461096e-12 1.634028235869420468e-12 2.007573925334783522e-12 3.740923257823071584e-12 2.499679494512822102e-12 1.463044668618314566e-12 1.297795194097985388e-12 3.114450008331441407e-12 2.294818579190242221e-12 1.934294377968891302e-12 2.255481041333977485e-12 7.091153341506540213e-12 1.310038842152990703e-11 6.129805743751645755e-12 2.301346198193747645e-12 -7.961723903946680354e-14 1.142671951085915410e-12 9.654544568729381260e-13 1.173226652258997663e-13
2.123531016370296215e-12 -4.385306403935322632e-12 -1.952936940498782364e-12 6.653215665823758435e-12 -3.025706134199735381e-12 5.278836547288302204e-12 -4.063014370491151746e-12 -5.848369320103911556e-12 2.965161313876368974e-12 -1.399677301109560006e-12 3.581897393694772693e-13 -1.479718414016262222e-12 9.912095661877617334e-13 -9.756019258780967534e-14 -1.545216003026983205e-13 -2.116750193902965964e-12 -7.540856066574496200e-13 -1.869822644080018877e-13 1.908487018756602677e-12 6.129805743751645755e-12 1.700164171501740628e-11 6.905689811077908228e-12 1.582769371516985559e-12 1.385123632887023082e-12 5.082458023978148211e-13 6.915911414157415866e-13
1.134424334376906499e-11 -3.408035785053948248e-12 -4.547613459155973564e-12 4.692841951698139132e-12 3.873250409416203343e-12 1.954810607980490088e-12 -2.763234077348788296e-12 -3.157671425388270248e-12 2.438727845560876699e-12 1.114530545203030400e-12 3.277478615626398486e-12 -1.372313749863946338e-12 4.141210294401750114e-13 -1.485898788926105083e-12 -1.063172214438833876e-12 1.428696229913440119e-13 -9.495654212153358254e-13 -7.187840600835734075e-13 7.613292887543972259e-13 2.301346198193747645e-12 6.905689811077908228e-12 1.225019395336936532e-11 4.019916738762260888e-12 2.804951450090531452e-13 7.383184081197156753e-13 9.148350037321754201e-13
6.165938600096748100e-12 8.954757433864383525e-12 5.212235730911730156e-12 5.657257682667201660e-12 2.718528309238664704e-12 -4.422405906449380612e-12 6.258816934174552620e-12 -5.965574943226929251e-13 -1.496557253039313162e-13 1.673994531650305545e-12 1.571908130862502885e-12 -7.962476493986252770e-13 1.573392499995018188e-12 7.892234331533824795e-13 1.507142087059721175e-12 9.899978435504628615e-13 -1.154183702026065366e-12 -9.453484219250462481e-13 -6.436283770157390126e-13 -7.961723903946680354e-14 1.582769371516985559e-12 4.019916738762260888e-12 7.540545066884136200e-12 2.718501265570291779e-12 9.107650320542242554e-13 3.375165611293113838e-13
6.249616145145947433e-12 1.328510574077932814e-12 -8.544485218839410775e-13 1.060900329824133083e-11 9.696536162877832926e-13 4.271559101195275492e-12 2.277612880043880470e-12 1.429701142845861410e-12 1.125493612407811719e-12 1.090005878971415652e-12 2.255099010370773479e-12 4.477303864956467546e-13 2.242855849674023413e-12 1.061505317556606286e-12 9.831413554578543684e-13 -9.641158886583420319e-13 -7.635325246180155485e-13 2.288646918013019016e-13 1.499306733269658937e-12 1.142671951085915410e-12 1.385123632887023082e-12 2.804951450090531452e-13 2.718501265570291779e-12 7.718924487672023029e-12 1.746556313735054642e-12 -1.061731584421713204e-13
-1.686594210089192600e-11 -6.317690718549520706e-12 5.001730363372425677e-12 4.388540628400192708e-12 4.416404930752767479e-13 -1.425425034451212271e-12 -5.154830663855653842e-12 3.007277900895790342e-13 -2.073702419966141618e-12 1.017504308916493968e-12 -3.557545311145183415e-13 1.661898247012538482e-12 1.006008294440881499e-12 -4.897224294621146860e-13 -1.196465584247709784e-13 2.064378093888779182e-13 -1.487946261799898139e-13 5.905052211842771713e-13 6.784884854402815058e-13 9.654544568729381260e-13 5.082458023978148211e-13 7.383184081197156753e-13 9.107650320542242554e-13 1.746556313735054642e-12 4.497618717605212165e-12 4.659961086158790340e-13
-4.179012654389316686e-12 -4.103612114137373052e-12 -7.208441645566931971e-12 -8.707398299690025641e-13 -1.991878729085896058e-12 5.157366526584196153e-13 -1.166329616007648197e-12 -1.586084647669504302e-13 -1.781321416723708138e-12 3.962167834629097455e-13 6.141855898109103995e-13 3.531453572142669269e-13 -7.475537284008460659e-13 -1.213413726457222341e-12 -1.592699148613416873e-12 6.811074539136525518e-13 -3.939055999227933949e-14 -2.258249696723239529e-14 3.509537172757736202e-13 1.173226652258997663e-13 6.915911414157415866e-13 9.148350037321754201e-13 3.375165611293113838e-13 -1.061731584421713204e-13 4.659961086158790340e-13 2.945725335416217274e-12
