2.313967858990013302e-09 1.817308592515405194e-10 -4.230542867939975979e-11 -1.422554154077525094e-10 -4.547557163067179611e-11 1.869583343141528837e-11 9.666981727091034089e-11 5.553876615501946427e-11 6.926583093310325520e-11 2.901387960010432708e-11 -1.271235356095125626e-11 -9.363460943435799916e-12 -2.924909832401003089e-11 -1.081587536818516015e-11 -3.127647624021697436e-11 -2.424874978437669316e-11 -2.478141572982613641e-11 -7.863873478051293262e-12 4.572233369909462783e-12 1.761333116988524733e-11 3.154203485175744075e-12 7.557002323309557806e-12 1.814817935917249025e-11 2.511328299034590350e-12 -6.047015842370186846e-12 -7.618444890854729114e-12
1.817308592515405194e-10 1.421300167886138679e-09 8.758526153360957573e-11 1.393360533131349303e-10 7.119513147882099789e-12 -1.487160851909841675e-12 8.511717630486172265e-12 1.725610733858440727e-12 -1.603128316477038635e-12 4.485704091470404031e-12 1.972607609771108064e-11 -7.747019366214411200e-12 7.454257240307697988e-12 1.072908163236024530e-11 -3.283541072096037235e-12 -6.647787886171259435e-12 -9.484615004541139947e-12 -4.516424022490870958e-12 -4.513940060088391361e-12 1.179808526489914200e-11 1.045244401353870311e-12 -9.955171031827376378e-12 -1.486013967269003184e-11 -7.047552626750135750e-12 1.683258393109093878e-12 9.121213301646315150e-13
-4.230542867939975979e-11 8.758526153360957573e-11 9.761322877383360919e-10 1.157867268094722446e-10 4.155400720287931975e-11 3.297264421361523612e-11 -1.799044079503629906e-11 -2.196888473647851504e-11 1.480358572201613768e-11 4.740337297136995857e-12 -5.402440930136531372e-12 1.472650751644422758e-12 1.384601695100873682e-13 -9.389298492704292827e-14 -8.623967645885394731e-12 8.026199563034321537e-12 1.636743414471727022e-11 1.040232158243300636e-12 5.049246969214582866e-12 -5.169224604383213799e-12 -6.582318791132705301e-12 -5.549580483308133954e-12 -4.294338357846329857e-12 -8.235854825118383206e-13 -2.676926859116045100e-12 -2.905961693510625560e-12
-1.422554154077525094e-10 1.393360533131349303e-10 1.157867268094722446e-10 7.188681883099418184e-10 7.413974174444557255e-12 3.398623382251364054e-11 2.476499406827956324e-11 -1.583472697028239286e-11 4.381349399373943590e-12 2.603884171973853751e-11 7.346933736336497983e-12 4.198901232298465477e-12 3.177790662304587377e-12 1.437224342613272501e-11 -3.316616537672998361e-12 8.988695828766830534e-12 2.178495523400122733e-12 6.310849343316658069e-13 4.859164414400595475e-12 8.297460493599170552e-12 6.122244791837203109e-12 -5.526913539820027499e-12 4.553886635140165767e-12 4.394927084558076484e-12 7.805277994349879510e-12 7.055465151621442479e-12
-4.547557163067179611e-11 7.119513147882099789e-12 4.155400720287931975e-11 7.413974174444557255e-12 3.754491143820753184e-10 6.507175596617214543e-11 2.216899841069761307e-11 4.219165491469923926e-11 5.816181198489788576e-12 1.177932463051307415e-12 -2.245636921945646447e-12 -1.944131201555854115e-11 -2.821791627041308444e-12 -2.110000536777833766e-12 3.165734007125513903e-12 1.940638359609693577e-12 2.529334151708303317e-12 9.811224099476764859e-12 9.198824208076968919e-12 4.948526367999198534e-12 -1.925281821142832060e-12 -1.307988775412609709e-13 -1.780343137018613924e-14 1.928579815899696707e-12 -5.168286936071205872e-13 -1.654295486712264502e-12
1.869583343141528837e-11 -1.487160851909841675e-12 3.297264421361523612e-11 3.398623382251364054e-11 6.507175596617214543e-11 3.557738231451656929e-10 2.038511201189842049e-11 1.743824393690658967e-11 -4.448983308677220933e-13 -2.531153247256322316e-12 1.315417913922973473e-12 6.608149648595931258e-12 1.057054521350357172e-11 -5.402774222859795398e-12 9.795482309348910691e-12 1.006687148353229632e-13 -3.986032732369580368e-12 5.066518815606737253e-14 7.837050433695269140e-12 -5.580652944480058722e-12 -5.060577527290168691e-12 8.634107641820884257e-13 -4.376687500946507247e-12 -3.804171012306718541e-12 6.411650773812614029e-13 1.023258198769764724e-12
9.666981727091034089e-11 8.511717630486172265e-12 -1.799044079503629906e-11 2.476499406827956324e-11 2.216899841069761307e-11 2.038511201189842049e-11 2.133506479296957786e-10 2.010426063294534136e-11 1.655596751393610062e-11 1.049872425892783583e-11 6.995919514952146697e-12 -1.822672216437496454e-12 -8.037776638323494029e-12 -4.457529889366181083e-12 -8.869180734552155893e-13 -6.029219393108062088e-12 -7.336370867759880626e-12 -9.571170645085868081e-12 -5.113031393298715089e-12 -4.171383565079222235e-12 -1.648673630720637687e-12 -3.143339419529267631e-12 -1.472085928091800505e-12 2.004182698787258298e-12 5.423041768530531267e-12 3.339330991847870350e-12
5.553876615501946427e-11 1.725610733858440727e-12 -2.196888473647851504e-11 -1.583472697028239286e-11 4.219165491469923926e-11 1.743824393690658967e-11 2.010426063294534136e-11 1.725142770543054809e-10 3.933386929402389381e-11 4.315288521074625954e-12 2.833131287892622410e-12 -1.774704149708036620e-12 -1.532392972222382834e-12 -9.250198272146751265e-12 -4.358560992754045389e-12 -7.801467472174213333e-12 -8.901367799451767478e-12 -1.153723685019230780e-12 5.906018657299179393e-12 4.258122779160397405e-12 -3.782999364992280112e-13 2.371871585487984717e-12 1.561624054754594255e-12 4.944453052010682747e-12 3.782503135077592369e-13 -3.468224779891708518e-12
6.926583093310325520e-11 -1.603128316477038635e-12 1.480358572201613768e-11 4.381349399373943590e-12 5.816181198489788576e-12 -4.448983308677220933e-13 1.655596751393610062e-11 3.933386929402389381e-11 1.110897387132542983e-10 3.398604037623489328e-11 1.498142699315201344e-11 4.747171093947141497e-12 1.482729385845048817e-12 2.713308104488615209e-12 1.439999204884263285e-12 2.119163743898952256e-13 -1.471066317164115644e-12 1.704183178434279349e-12 -9.199929994454544780e-13 -1.883783687326010540e-13 -9.759645597602135736e-14 4.112270170651985195e-12 5.336353578559155036e-12 2.460658056060084528e-12 2.306461042806944476e-12 -2.385008292252892228e-13
2.901387960010432708e-11 4.485704091470404031e-12 4.740337297136995857e-12 2.603884171973853751e-11 1.177932463051307415e-12 -2.531153247256322316e-12 1.049872425892783583e-11 4.315288521074625954e-12 3.398604037623489328e-11 8.220696829107343283e-11 1.552265086270626847e-11 2.483067007006520818e-12 2.058091521980033700e-12 3.577795913270478376e-12 2.242506690693692253e-12 5.460975603549356788e-12 -5.609311533474780342e-13 3.428604184127933353e-12 2.416743119571067678e-12 3.961102010865478291e-12 1.588378693153243105e-12 1.236903507144079869e-13 7.247934990243033952e-13 3.042948458401119626e-13 5.223589474964961812e-13 -2.827164267247775871e-12
-1.271235356095125626e-11 1.972607609771108064e-11 -5.402440930136531372e-12 7.346933736336497983e-12 -2.245636921945646447e-12 1.315417913922973473e-12 6.995919514952146697e-12 2.833131287892622410e-12 1.498142699315201344e-11 1.552265086270626847e-11 5.623299034226014703e-11 1.544746425394992366e-11 8.286577544991737861e-12 1.002174116489910603e-11 7.348787377216291037e-12 6.148633177681343558e-12 -1.480991605512508153e-12 -2.635904395719721429e-12 -2.399776667497164477e-13 6.979311449724123860e-13 -6.821694674320859129e-13 -6.161775454792348046e-13 1.068782031267404091e-12 1.588101323428904344e-12 4.862698547086601261e-13 1.673602533668739427e-13
-9.363460943435799916e-12 -7.747019366214411200e-12 1.472650751644422758e-12 4.198901232298465477e-12 -1.944131201555854115e-11 6.608149648595931258e-12 -1.822672216437496454e-12 -1.774704149708036620e-12 4.747171093947141497e-12 2.483067007006520818e-12 1.544746425394992366e-11 4.502354377156407064e-11 1.526258491332298795e-11 1.363630932702975511e-12 4.594206455552271784e-12 3.968410100197933767e-12 -8.025721605599549246e-13 -2.280022538178783344e-12 -1.876452723572454793e-12 2.831571098273585153e-13 -1.128244363728348256e-13 -1.529142408908342263e-12 7.687690848946255726e-13 -2.532120839339873035e-13 1.698340497753618479e-12 1.274546015492387033e-12
-2.924909832401003089e-11 7.454257240307697988e-12 1.384601695100873682e-13 3.177790662304587377e-12 -2.821791627041308444e-12 1.057054521350357172e-11 -8.037776638323494029e-12 -1.532392972222382834e-12 1.482729385845048817e-12 2.058091521980033700e-12 8.286577544991737861e-12 1.526258491332298795e-11 4.067875348787778739e-11 1.395075279014360431e-11 8.953915387665706776e-12 7.597043957840947987e-12 1.318914153626861904e-12 1.300022188395029010e-12 1.249719648097406993e-13 -3.469583508459535579e-13 -1.070340103492239485e-13 1.726856015212047444e-12 3.490579852776744110e-12 2.134493694461007818e-12 1.573588717312649720e-12 8.867105724478415494e-13
-1.081587536818516015e-11 1.072908163236024530e-11 -9.389298492704292827e-14 1.437224342613272501e-11 -2.110000536777833766e-12 -5.402774222859795398e-12 -4.457529889366181083e-12 -9.250198272146751265e-12 2.713308104488615209e-12 3.577795913270478376e-12 1.002174116489910603e-11 1.363630932702975511e-12 1.395075279014360431e-11 3.436447039526055914e-11 1.254250420607935818e-11 9.937800557616577538e-12 6.092493262612924985e-12 4.500185054288378140e-12 3.576229427405972821e-12 9.823747550226640035e-13 6.877823039114091915e-13 2.564636451362613892e-13 2.286633250262845000e-13 -7.742463588332366607e-13 -1.521967762859955385e-12 1.226381657225784556e-12
-3.127647624021697436e-11 -3.283541072096037235e-12 -8.623967645885394731e-12 -3.316616537672998361e-12 3.165734007125513903e-12 9.795482309348910691e-12 -8.869180734552155893e-13 -4.358560992754045389e-12 1.439999204884263285e-12 2.242506690693692253e-12 7.348787377216291037e-12 4.594206455552271784e-12 8.953915387665706776e-12 1.254250420607935818e-11 2.937819143663519849e-11 1.232713879357424333e-11 7.543286771741942784e-12 4.906044055413518941e-12 3.668635077756302309e-12 1.692928396722827162e-12 1.992462055804092649e-12 8.021890365711863224e-13 -1.583251945939479080e-12 -6.472312514496748922e-13 -5.764919183906472734e-13 1.393337847677879625e-12
-2.424874978437669316e-11 -6.647787886171259435e-12 8.026199563034321537e-12 8.988695828766830534e-12 1.940638359609693577e-12 1.006687148353229632e-13 -6.029219393108062088e-12 -7.801467472174213333e-12 2.119163743898952256e-13 5.460975603549356788e-12 6.148633177681343558e-12 3.968410100197933767e-12 7.597043957840947987e-12 9.937800557616577538e-12 1.232713879357424333e-11 2.342932107712147592e-11 1.261088641847208705e-11 9.117881214957084486e-12 4.498934025163633124e-12 2.455826189677529403e-12 1.545634582674502119e-12 1.120527863467851375e-13 1.685388720722915747e-13 9.863103934834165007e-13 -1.460728002090305990e-13 1.531261120165716710e-12
-2.478141572982613641e-11 -9.484615004541139947e-12 1.636743414471727022e-11 2.178495523400122733e-12 2.529334151708303317e-12 -3.986032732369580368e-12 -7.336370867759880626e-12 -8.901367799451767478e-12 -1.471066317164115644e-12 -5.609311533474780342e-13 -1.480991605512508153e-12 -8.025721605599549246e-13 1.318914153626861904e-12 6.092493262612924985e-12 7.543286771741942784e-12 1.261088641847208705e-11 2.524299419341696515e-11 1.492953774057145624e-11 6.250637585540556482e-12 3.893273572076068474e-12 2.157835709013725302e-12 1.783404330688606423e-12 6.045038672770740677e-13 -1.312320803491813167e-12 -1.620000852459826781e-12 7.696328229507816440e-13
-7.863873478051293262e-12 -4.516424022490870958e-12 1.040232158243300636e-12 6.310849343316658069e-13 9.811224099476764859e-12 5.066518815606737253e-14 -9.571170645085868081e-12 -1.153723685019230780e-12 1.704183178434279349e-12 3.428604184127933353e-12 -2.635904395719721429e-12 -2.280022538178783344e-12 1.300022188395029010e-12 4.500185054288378140e-12 4.906044055413518941e-12 9.117881214957084486e-12 1.492953774057145624e-11 2.166870203944446122e-11 1.050806000969320045e-11 4.047378073610369050e-12 2.448135459934541651e-12 2.128186103550363205e-12 1.622135901482562566e-12 1.054898735609497649e-12 -5.023129453770965668e-13 1.619999363554646142e-13
4.572233369909462783e-12 -4.513940060088391361e-12 5.049246969214582866e-12 4.859164414400595475e-12 9.198824208076968919e-12 7.837050433695269140e-12 -5.113031393298715089e-12 5.906018657299179393e-12 -9.199929994454544780e-13 2.416743119571067678e-12 -2.399776667497164477e-13 -1.876452723572454793e-12 1.249719648097406993e-13 3.576229427405972821e-12 3.668635077756302309e-12 4.498934025163633124e-12 6.250637585540556482e-12 1.050806000969320045e-11 1.875557833078020340e-11 8.903142872266160413e-12 3.192382142636177475e-12 1.395562401118872582e-12 1.134464005032691935e-12 6.104281371088596807e-13 -1.593063668671900677e-12 -1.138402813373753228e-12
1.761333116988524733e-11 1.179808526489914200e-11 -5.169224604383213799e-12 8.297460493599170552e-12 4.948526367999198534e-12 -5.580652944480058722e-12 -4.171383565079222235e-12 4.258122779160397405e-12 -1.883783687326010540e-13 3.961102010865478291e-12 6.979311449724123860e-13 2.831571098273585153e-13 -3.469583508459535579e-13 9.823747550226640035e-13 1.692928396722827162e-12 2.455826189677529403e-12 3.893273572076068474e-12 4.047378073610369050e-12 8.903142872266160413e-12 1.844232540918758029e-11 8.383947602636674011e-12 3.311145889942984368e-12 2.038986912327830326e-12 1.387958736999630403e-12 -4.983662466909636029e-13 -1.121864376235726580e-12
3.154203485175744075e-12 1.045244401353870311e-12 -6.582318791132705301e-12 6.122244791837203109e-12 -1.925281821142832060e-12 -5.060577527290168691e-12 -1.648673630720637687e-12 -3.782999364992280112e-13 -9.759645597602135736e-14 1.588378693153243105e-12 -6.821694674320859129e-13 -1.128244363728348256e-13 -1.070340103492239485e-13 6.877823039114091915e-13 1.992462055804092649e-12 1.545634582674502119e-12 2.157835709013725302e-12 2.448135459934541651e-12 3.192382142636177475e-12 8.383947602636674011e-12 1.559870845123652737e-11 7.050526826596021196e-12 3.412824435387468491e-12 4.224595398190871649e-13 -1.902028653156243541e-13 -1.890603440885284627e-13
7.557002323309557806e-12 -9.955171031827376378e-12 -5.549580483308133954e-12 -5.526913539820027499e-12 -1.307988775412609709e-13 8.634107641820884257e-13 -3.143339419529267631e-12 2.371871585487984717e-12 4.112270170651985195e-12 1.236903507144079869e-13 -6.161775454792348046e-13 -1.529142408908342263e-12 1.726856015212047444e-12 2.564636451362613892e-13 8.021890365711863224e-13 1.120527863467851375e-13 1.783404330688606423e-12 2.128186103550363205e-12 1.395562401118872582e-12 3.311145889942984368e-12 7.050526826596021196e-12 1.577518869242739819e-11 8.041893296308457376e-12 1.263634778022710282e-12 -2.795149584667833773e-13 8.579479167725605308e-13
1.814817935917249025e-11 -1.486013967269003184e-11 -4.294338357846329857e-12 4.553886635140165767e-12 -1.780343137018613924e-14 -4.376687500946507247e-12 -1.472085928091800505e-12 1.561624054754594255e-12 5.336353578559155036e-12 7.247934990243033952e-13 1.068782031267404091e-12 7.687690848946255726e-13 3.490579852776744110e-12 2.286633250262845000e-13 -1.583251945939479080e-12 1.685388720722915747e-13 6.045038672770740677e-13 1.622135901482562566e-12 1.134464005032691935e-12 2.038986912327830326e-12 3.412824435387468491e-12 8.041893296308457376e-12 1.284987140022921108e-11 4.146688057443770120e-12 1.019070831200418533e-12 1.049976070264184694e-12
2.511328299034590350e-12 -7.047552626750135750e-12 -8.235854825118383206e-13 4.394927084558076484e-12 1.928579815899696707e-12 -3.804171012306718541e-12 2.004182698787258298e-12 4.944453052010682747e-12 2.460658056060084528e-12 3.042948458401119626e-13 1.588101323428904344e-12 -2.532120839339873035e-13 2.134493694461007818e-12 -7.742463588332366607e-13 -6.472312514496748922e-13 9.863103934834165007e-13 -1.312320803491813167e-12 1.054898735609497649e-12 6.104281371088596807e-13 1.387958736999630403e-12 4.224595398190871649e-13 1.263634778022710282e-12 4.146688057443770120e-12 7.700560349812453211e-12 2.830490716970924535e-12 8.652115087704074791e-13
-6.047015842370186846e-12 1.683258393109093878e-12 -2.676926859116045100e-12 7.805277994349879510e-12 -5.168286936071205872e-13 6.411650773812614029e-13 5.423041768530531267e-12 3.782503135077592369e-13 2.306461042806944476e-12 5.223589474964961812e-13 4.862698547086601261e-13 1.698340497753618479e-12 1.573588717312649720e-12 -1.521967762859955385e-12 -5.764919183906472734e-13 -1.460728002090305990e-13 -1.620000852459826781e-12 -5.023129453770965668e-13 -1.593063668671900677e-12 -4.983662466909636029e-13 -1.902028653156243541e-13 -2.795149584667833773e-13 1.019070831200418533e-12 2.830490716970924535e-12 7.146584922258266687e-12 1.836664687244237866e-12
-7.618444890854729114e-12 9.121213301646315150e-13 -2.905961693510625560e-12 7.055465151621442479e-12 -1.654295486712264502e-12 1.023258198769764724e-12 3.339330991847870350e-12 -3.468224779891708518e-12 -2.385008292252892228e-13 -2.827164267247775871e-12 1.673602533668739427e-13 1.274546015492387033e-12 8.867105724478415494e-13 1.226381657225784556e-12 1.393337847677879625e-12 1.531261120165716710e-12 7.696328229507816440e-13 1.619999363554646142e-13 -1.138402813373753228e-12 -1.121864376235726580e-12 -1.890603440885284627e-13 8.579479167725605308e-13 1.049976070264184694e-12 8.652115087704074791e-13 1.836664687244237866e-12 5.257471900960898821e-12
