3.126041027590980736e-09 -1.613630874363530024e-10 3.998548150010049097e-11 -3.914026310009855995e-13 5.203386017742429501e-11 -5.427058367124504478e-11 1.501239710923011222e-10 2.900554421744311464e-11 2.760136495159616279e-11 -2.636062948318482436e-12 2.710099688719692348e-11 -3.649481124716640717e-11 2.801829763239465148e-11 1.439563685488909305e-11 2.823637429945987533e-11 1.516911158980922723e-11 -9.180097060004958267e-12 2.697471675439794295e-12 -8.259922610148203644e-12 4.687364390098111740e-12 1.131142248420361266e-11 -2.497122178641536116e-11 -2.059537369447222362e-11 2.284035596404189548e-13 -1.332584819255683940e-12 4.812005660610346816e-12
-1.613630874363530024e-10 1.989295877225587418e-09 -1.644344797985809997e-10 -7.654088678144913987e-11 -4.250898347612243812e-11 -3.092724969783391987e-11 -2.997060965383791999e-11 -2.105395755836537395e-11 5.656450842503421528e-12 -4.807067864563102358e-12 3.596583026295119409e-11 4.221022723185525284e-11 2.121139955724932568e-11 -2.212157877818357385e-11 -1.051214661861001065e-11 -5.452793316642277489e-12 6.447113910952546434e-12 -1.839347608975057534e-12 2.576829994770482214e-12 1.581224830550812626e-12 -1.505647338645305501e-12 -2.964320961664529593e-12 1.791113174538245652e-11 9.585291941477534479e-12 -6.190806437422580172e-12 -3.181111433285642799e-12
3.998548150010049097e-11 -1.644344797985809997e-10 9.309856523666032993e-10 4.371239769949282974e-11 5.632007138668436472e-11 -1.642113667636207984e-11 5.461557940214858414e-11 -2.185148028817069269e-11 -3.081789901255612228e-11 -9.371288285757426473e-13 -1.302429077353226017e-11 -2.107447506771524377e-11 -2.400024757320817115e-11 -2.603037715028803573e-11 -5.289851266006351210e-12 -1.281558849144018302e-12 -1.891470417577644609e-12 1.354420329859287598e-11 3.974549444147914814e-12 6.066952395485836780e-13 -2.693606752541341192e-12 5.742948401160590304e-12 4.838386109155468589e-12 4.331844812885030158e-12 7.596303326206199934e-12 6.425536782545462645e-12
-3.914026310009855995e-13 -7.654088678144913987e-11 4.371239769949282974e-11 7.465808358814924830e-10 1.196821585928390128e-11 6.210037230556450455e-11 -8.493106383550005660e-12 5.593505847888869974e-11 2.967861125455289823e-11 8.670319701254872959e-12 4.670360306456249366e-12 2.409451476475762390e-11 2.319622641838729519e-11 1.776258066924616681e-11 1.130222276987703607e-12 5.023174673236767351e-12 4.309817241463996239e-13 9.601614234094886312e-12 -1.467312990786962958e-12 5.955089531308734019e-12 8.120343064167128263e-12 6.394215767916593694e-12 4.872828066225167944e-12 3.677532594985227501e-12 3.759759665238781208e-12 -4.134007297048185111e-12
5.203386017742429501e-11 -4.250898347612243812e-11 5.632007138668436472e-11 1.196821585928390128e-11 4.977677216452015498e-10 4.320471951999535679e-11 3.730878846434427645e-11 -1.462869086907827624e-12 -1.069218203913455630e-11 -7.172265005670276281e-13 7.571322339329559361e-12 8.840477408816462173e-12 -8.005737423555880685e-12 4.893787090091019905e-12 4.855149585376738975e-12 7.115048148115533731e-12 3.478540055825946819e-12 -2.147509679501752990e-12 -5.712569524420838559e-12 -1.094858662402269097e-13 -9.508539743252966886e-13 1.954730528681549870e-12 -5.655886456203950536e-14 -1.034014211336687156e-12 3.610548119004960373e-12 4.117929522222449209e-12
-5.427058367124504478e-11 -3.092724969783391987e-11 -1.642113667636207984e-11 6.210037230556450455e-11 4.320471951999535679e-11 3.549434770693172458e-10 3.849817442789738575e-11 5.375101592096623373e-11 2.246646970250885366e-11 1.443502269871848071e-11 1.007214965064679935e-11 -3.439765325686415839e-12 -8.088435311980201738e-12 -4.228362782454655436e-12 -1.409259889106052878e-12 -1.152069211663516535e-14 1.098056783759424477e-12 3.256484670461867992e-12 1.912270630987591542e-12 5.468048846629856615e-12 1.148708311554135060e-11 4.865642483079171665e-12 -2.285355543894801359e-12 2.965238763545216301e-13 -3.379750307251117134e-12 -2.077037880548357416e-13
1.501239710923011222e-10 -2.997060965383791999e-11 5.461557940214858414e-11 -8.493106383550005660e-12 3.730878846434427645e-11 3.849817442789738575e-11 2.644984915148304463e-10 4.670175496922109676e-11 -3.591454244711564580e-12 1.645464699570979489e-11 2.395517492265906959e-12 -3.741360512773897673e-13 -3.128275196129272271e-12 -4.249600418827329701e-12 -2.040717380489158743e-12 1.943382806702659595e-12 -3.457986488554620427e-12 1.696216761250831830e-12 2.907222786421512183e-12 6.690377384509798752e-13 2.096567640951794147e-14 -5.003011441355278937e-12 -7.741281505974790810e-14 -3.425490899134513708e-13 3.136858759858816461e-12 1.356807415897140376e-12
2.900554421744311464e-11 -2.105395755836537395e-11 -2.185148028817069269e-11 5.593505847888869974e-11 -1.462869086907827624e-12 5.375101592096623373e-11 4.670175496922109676e-11 1.618826405158267924e-10 3.157310727895768299e-11 1.710211552342024020e-11 2.668318120481750685e-12 7.970732767624537663e-12 6.519844104716031482e-12 -6.668735490983620195e-13 5.200379870564525107e-12 5.848734074510809697e-12 1.606991609367346582e-12 2.666029305001802534e-12 7.965350895758675531e-13 1.394362019437543076e-12 2.140830982100843146e-12 -4.861191163368111991e-12 -4.571986169200389947e-12 -6.965996161473027209e-13 -8.111838212039244520e-13 -1.912189937793509084e-12
2.760136495159616279e-11 5.656450842503421528e-12 -3.081789901255612228e-11 2.967861125455289823e-11 -1.069218203913455630e-11 2.246646970250885366e-11 -3.591454244711564580e-12 3.157310727895768299e-11 1.071223747842523181e-10 2.732139800443447482e-11 8.750062533891508415e-12 1.025004462413709154e-11 1.209494478820172916e-11 4.147919824681139908e-12 1.634721605248244337e-12 3.238253757206626106e-12 3.490271597620868964e-12 -1.414276511871709537e-13 1.980638985226309103e-13 3.333670175372596874e-13 5.947893542296865241e-12 -2.600753608992204666e-13 -7.558310386182182491e-13 -4.122783714979380233e-14 -1.368143999721101144e-12 -1.866193437782489563e-12
-2.636062948318482436e-12 -4.807067864563102358e-12 -9.371288285757426473e-13 8.670319701254872959e-12 -7.172265005670276281e-13 1.443502269871848071e-11 1.645464699570979489e-11 1.710211552342024020e-11 2.732139800443447482e-11 6.854981483677552738e-11 2.526637020153001152e-11 7.034573251447784824e-12 8.673094257507644905e-12 3.796639762387477719e-12 4.391341556109396296e-12 6.931399181002313793e-12 3.165215199678012043e-12 -3.369876663366509928e-12 -2.095209520699761074e-12 -1.347119968548935740e-12 1.491563345998164086e-12 -9.395927913467902430e-14 -2.254464929899630465e-13 2.679716979596943982e-14 1.482825611617396464e-13 -1.109022737839426596e-12
2.710099688719692348e-11 3.596583026295119409e-11 -1.302429077353226017e-11 4.670360306456249366e-12 7.571322339329559361e-12 1.007214965064679935e-11 2.395517492265906959e-12 2.668318120481750685e-12 8.750062533891508415e-12 2.526637020153001152e-11 6.444536836449864520e-11 2.217990062945989411e-11 8.735141016515234512e-12 6.448530179515136181e-12 5.410498684173043698e-12 4.950469359385639593e-12 2.100055670042085565e-12 -1.938038461127260665e-12 -4.362674838915418306e-12 -2.499723843051469573e-12 -7.695374135013998658e-13 3.135072528481355946e-13 3.394852839008518253e-14 -9.694119630542638231e-14 1.319087750917185679e-12 9.144826004091804030e-13
-3.649481124716640717e-11 4.221022723185525284e-11 -2.107447506771524377e-11 2.409451476475762390e-11 8.840477408816462173e-12 -3.439765325686415839e-12 -3.741360512773897673e-13 7.970732767624537663e-12 1.025004462413709154e-11 7.034573251447784824e-12 2.217990062945989411e-11 5.343372617973317247e-11 1.833035760972196611e-11 1.026368324739158005e-11 8.123457409282665177e-12 4.364384595401378503e-12 5.209894809154241102e-12 2.475607648609624144e-12 1.645140729106557144e-12 1.545091657349400562e-12 4.197998479100040677e-12 1.312308026764672061e-12 7.279926009298913600e-13 -3.029140652598725044e-13 7.949492573878100912e-13 -5.438580864841087871e-13
2.801829763239465148e-11 2.121139955724932568e-11 -2.400024757320817115e-11 2.319622641838729519e-11 -8.005737423555880685e-12 -8.088435311980201738e-12 -3.128275196129272271e-12 6.519844104716031482e-12 1.209494478820172916e-11 8.673094257507644905e-12 8.735141016515234512e-12 1.833035760972196611e-11 4.172751694072292119e-11 1.862909151458572441e-11 1.276519583031204543e-11 1.022011527470880897e-11 5.208002945809724059e-12 3.041519617834523240e-12 3.987214360398388948e-12 4.762320276067201128e-12 3.102535550548835227e-12 -9.433937577219699492e-13 -9.286594987676243962e-13 -4.678348917132852749e-13 3.002418667619001848e-13 -4.123930517740170774e-13
1.439563685488909305e-11 -2.212157877818357385e-11 -2.603037715028803573e-11 1.776258066924616681e-11 4.893787090091019905e-12 -4.228362782454655436e-12 -4.249600418827329701e-12 -6.668735490983620195e-13 4.147919824681139908e-12 3.796639762387477719e-12 6.448530179515136181e-12 1.026368324739158005e-11 1.862909151458572441e-11 3.747222013831717702e-11 1.681253680674920445e-11 7.913914305165323892e-12 7.332077814761906750e-12 3.856433705070765458e-12 3.821852205542341915e-12 3.898716902955551063e-12 2.784898932130873810e-12 -4.192581148819328065e-13 -1.550087608131440825e-12 -8.901625597495187237e-13 -1.182977962198269220e-12 -1.014550756108500200e-12
2.823637429945987533e-11 -1.051214661861001065e-11 -5.289851266006351210e-12 1.130222276987703607e-12 4.855149585376738975e-12 -1.409259889106052878e-12 -2.040717380489158743e-12 5.200379870564525107e-12 1.634721605248244337e-12 4.391341556109396296e-12 5.410498684173043698e-12 8.123457409282665177e-12 1.276519583031204543e-11 1.681253680674920445e-11 2.761101257189182944e-11 1.116794429930221280e-11 6.321885242966634228e-12 2.598801378974418847e-12 5.174040489383256108e-13 1.365953731290716819e-12 5.423934978104381512e-13 -2.470491855084197947e-12 -2.118873153635443079e-12 -5.084453954298439678e-13 -2.164079395750673139e-13 4.275100420256591516e-13
1.516911158980922723e-11 -5.452793316642277489e-12 -1.281558849144018302e-12 5.023174673236767351e-12 7.115048148115533731e-12 -1.152069211663516535e-14 1.943382806702659595e-12 5.848734074510809697e-12 3.238253757206626106e-12 6.931399181002313793e-12 4.950469359385639593e-12 4.364384595401378503e-12 1.022011527470880897e-11 7.913914305165323892e-12 1.116794429930221280e-11 2.143573165860101323e-11 1.009286316179040553e-11 4.515801155856941650e-12 2.596347711843701483e-12 2.403247887507540527e-13 -9.998775799404583774e-13 -2.562155360045694749e-13 -6.218639664374389908e-13 9.476496026862495283e-13 6.203091254181727264e-13 2.938764912149794023e-13
-9.180097060004958267e-12 6.447113910952546434e-12 -1.891470417577644609e-12 4.309817241463996239e-13 3.478540055825946819e-12 1.098056783759424477e-12 -3.457986488554620427e-12 1.606991609367346582e-12 3.490271597620868964e-12 3.165215199678012043e-12 2.100055670042085565e-12 5.209894809154241102e-12 5.208002945809724059e-12 7.332077814761906750e-12 6.321885242966634228e-12 1.009286316179040553e-11 2.103497349829014576e-11 1.032676024748425826e-11 5.331380254597902409e-12 3.001713017027138755e-12 8.941494125934748887e-13 2.953235845098314465e-13 3.715553046409386271e-13 1.050918960161514703e-12 1.044986951203589019e-12 8.674659615826317905e-13
2.697471675439794295e-12 -1.839347608975057534e-12 1.354420329859287598e-11 9.601614234094886312e-12 -2.147509679501752990e-12 3.256484670461867992e-12 1.696216761250831830e-12 2.666029305001802534e-12 -1.414276511871709537e-13 -3.369876663366509928e-12 -1.938038461127260665e-12 2.475607648609624144e-12 3.041519617834523240e-12 3.856433705070765458e-12 2.598801378974418847e-12 4.515801155856941650e-12 1.032676024748425826e-11 1.937844323304561162e-11 1.117418614844010041e-11 6.187302814560647571e-12 2.508939463337560460e-12 1.429224155615859249e-12 1.102607209512327520e-12 -4.445911340535402512e-15 2.006412378102736088e-13 1.115609919740638229e-13
-8.259922610148203644e-12 2.576829994770482214e-12 3.974549444147914814e-12 -1.467312990786962958e-12 -5.712569524420838559e-12 1.912270630987591542e-12 2.907222786421512183e-12 7.965350895758675531e-13 1.980638985226309103e-13 -2.095209520699761074e-12 -4.362674838915418306e-12 1.645140729106557144e-12 3.987214360398388948e-12 3.821852205542341915e-12 5.174040489383256108e-13 2.596347711843701483e-12 5.331380254597902409e-12 1.117418614844010041e-11 1.645642734775205719e-11 9.361748693215766959e-12 3.548956958487042431e-12 1.243265463945892948e-12 5.286337062833172024e-13 -6.229777013925595934e-13 2.301535901293816639e-14 1.495928382219449713e-13
4.687364390098111740e-12 1.581224830550812626e-12 6.066952395485836780e-13 5.955089531308734019e-12 -1.094858662402269097e-13 5.468048846629856615e-12 6.690377384509798752e-13 1.394362019437543076e-12 3.333670175372596874e-13 -1.347119968548935740e-12 -2.499723843051469573e-12 1.545091657349400562e-12 4.762320276067201128e-12 3.898716902955551063e-12 1.365953731290716819e-12 2.403247887507540527e-13 3.001713017027138755e-12 6.187302814560647571e-12 9.361748693215766959e-12 1.614399784975632528e-11 8.684988777525695261e-12 1.321207422896781120e-12 -1.383063969461241621e-13 -7.037809582592353422e-13 -1.574140281270500330e-14 -3.110696324467883216e-13
1.131142248420361266e-11 -1.505647338645305501e-12 -2.693606752541341192e-12 8.120343064167128263e-12 -9.508539743252966886e-13 1.148708311554135060e-11 2.096567640951794147e-14 2.140830982100843146e-12 5.947893542296865241e-12 1.491563345998164086e-12 -7.695374135013998658e-13 4.197998479100040677e-12 3.102535550548835227e-12 2.784898932130873810e-12 5.423934978104381512e-13 -9.998775799404583774e-13 8.941494125934748887e-13 2.508939463337560460e-12 3.548956958487042431e-12 8.684988777525695261e-12 1.567123913540946022e-11 4.505618773723639353e-12 9.541621346507845262e-13 -6.664018004828613278e-13 -5.907320976935279792e-13 -1.090410908019560780e-12
-2.497122178641536116e-11 -2.964320961664529593e-12 5.742948401160590304e-12 6.394215767916593694e-12 1.954730528681549870e-12 4.865642483079171665e-12 -5.003011441355278937e-12 -4.861191163368111991e-12 -2.600753608992204666e-13 -9.395927913467902430e-14 3.135072528481355946e-13 1.312308026764672061e-12 -9.433937577219699492e-13 -4.192581148819328065e-13 -2.470491855084197947e-12 -2.562155360045694749e-13 2.953235845098314465e-13 1.429224155615859249e-12 1.243265463945892948e-12 1.321207422896781120e-12 4.505618773723639353e-12 8.544814360630216702e-12 2.579662539129409882e-12 -6.409826910618652364e-14 3.219601091460405549e-14 -5.809197580045113435e-13
-2.059537369447222362e-11 1.791113174538245652e-11 4.838386109155468589e-12 4.872828066225167944e-12 -5.655886456203950536e-14 -2.285355543894801359e-12 -7.741281505974790810e-14 -4.571986169200389947e-12 -7.558310386182182491e-13 -2.254464929899630465e-13 3.394852839008518253e-14 7.279926009298913600e-13 -9.286594987676243962e-13 -1.550087608131440825e-12 -2.118873153635443079e-12 -6.218639664374389908e-13 3.715553046409386271e-13 1.102607209512327520e-12 5.286337062833172024e-13 -1.383063969461241621e-13 9.541621346507845262e-13 2.579662539129409882e-12 6.423834339597202729e-12 1.619389785595675040e-12 -5.002988015213773764e-14 -4.695112733942500900e-13
2.284035596404189548e-13 9.585291941477534479e-12 4.331844812885030158e-12 3.677532594985227501e-12 -1.034014211336687156e-12 2.965238763545216301e-13 -3.425490899134513708e-13 -6.965996161473027209e-13 -4.122783714979380233e-14 2.679716979596943982e-14 -9.694119630542638231e-14 -3.029140652598725044e-13 -4.678348917132852749e-13 -8.901625597495187237e-13 -5.084453954298439678e-13 9.476496026862495283e-13 1.050918960161514703e-12 -4.445911340535402512e-15 -6.229777013925595934e-13 -7.037809582592353422e-13 -6.664018004828613278e-13 -6.409826910618652364e-14 1.619389785595675040e-12 5.164219147465391674e-12 4.359791547374317327e-13 -7.647240429614086795e-14
-1.332584819255683940e-12 -6.190806437422580172e-12 7.596303326206199934e-12 3.759759665238781208e-12 3.610548119004960373e-12 -3.379750307251117134e-12 3.136858759858816461e-12 -8.111838212039244520e-13 -1.368143999721101144e-12 1.482825611617396464e-13 1.319087750917185679e-12 7.949492573878100912e-13 3.002418667619001848e-13 -1.182977962198269220e-12 -2.164079395750673139e-13 6.203091254181727264e-13 1.044986951203589019e-12 2.006412378102736088e-13 2.301535901293816639e-14 -1.574140281270500330e-14 -5.907320976935279792e-13 3.219601091460405549e-14 -5.002988015213773764e-14 4.359791547374317327e-13 3.836347673445309774e-12 1.240137938279841108e-12
4.812005660610346816e-12 -3.181111433285642799e-12 6.425536782545462645e-12 -4.134007297048185111e-12 4.117929522222449209e-12 -2.077037880548357416e-13 1.356807415897140376e-12 -1.912189937793509084e-12 -1.866193437782489563e-12 -1.109022737839426596e-12 9.144826004091804030e-13 -5.438580864841087871e-13 -4.123930517740170774e-13 -1.014550756108500200e-12 4.275100420256591516e-13 2.938764912149794023e-13 8.674659615826317905e-13 1.115609919740638229e-13 1.495928382219449713e-13 -3.110696324467883216e-13 -1.090410908019560780e-12 -5.809197580045113435e-13 -4.695112733942500900e-13 -7.647240429614086795e-14 1.240137938279841108e-12 3.225408873875487784e-12
