2.482213946020221354e-09 -3.255599493372836066e-11 1.253319203776315164e-10 -1.618055655921377846e-10 -6.730644786582515359e-12 8.498932031155424678e-11 -4.749343163329668459e-12 4.121608836160186703e-11 1.897045777963094507e-12 -4.165023104788408707e-11 6.511006778923499295e-12 2.983250307283654477e-12 1.598201008872837464e-11 9.434774613968180592e-12 7.695423451345620416e-12 -9.185421079299219602e-12 3.583656467717018507e-12 -7.638120852960721203e-13 -1.354118290970762882e-11 -1.605322942180257971e-11 -9.244738585665747225e-12 3.127221234614408691e-12 -9.817491459033142710e-12 2.262263073632678377e-12 1.778557808105944487e-12 -1.285629298577159475e-13
-3.255599493372836066e-11 1.800185144856258703e-09 4.070510292892863976e-11 -1.196877791279536413e-10 1.193357080637689778e-11 -6.645060607099185987e-11 3.327440529563190344e-11 -4.894609688121241017e-12 -7.465443844936869017e-12 4.251901294803897396e-12 -3.525161960577517366e-11 -3.421266000371570313e-11 -9.920610112078831921e-12 -1.699863013932849962e-11 -1.222887107129192177e-11 -1.254384735588802286e-12 5.984277201201494806e-12 -5.345957259179091184e-12 -6.774404958583277918e-12 -7.256998926012613727e-13 -2.297527570156650334e-12 -3.956344427582565119e-12 2.566039118379176644e-12 1.363970731401142530e-12 -1.525774783130889567e-12 -2.599931411527240666e-12
1.253319203776315164e-10 4.070510292892863976e-11 1.312985612546232240e-09 2.265268942375627521e-10 5.134418482530913472e-11 -1.979621589275141265e-13 -1.340672616279788233e-11 -2.472606497592626680e-11 -3.015591405822310022e-11 2.954172203930701465e-12 -1.784167174898161187e-11 -4.253408118251341430e-12 -4.035992792052395736e-11 -1.287497268801919473e-11 -7.064783536006919744e-12 -4.403623232726249830e-12 3.069621730615131196e-12 1.413536909385538865e-11 -2.959837230044728130e-13 3.915823915282489780e-12 -5.221360195563996773e-12 -4.669900211704790489e-12 -1.422967820686260074e-12 1.119566285495545932e-11 -4.148278475934453678e-13 -2.535069069104394476e-12
-1.618055655921377846e-10 -1.196877791279536413e-10 2.265268942375627521e-10 9.044297680307260053e-10 2.906574026921487031e-11 8.544329624134512433e-11 6.683417551617394986e-12 1.845648757930479580e-11 -1.975512429554414162e-12 2.234177849734173200e-11 1.128280119156137343e-11 -2.236324429079441157e-12 -8.632167895021823067e-12 -1.894735058930427718e-12 9.296401912657206062e-12 -3.827282980342013403e-13 3.174664525523920682e-12 1.338533697082506664e-11 7.430868627384236878e-12 1.017797868412290981e-11 2.705155526057428031e-12 8.581287107280300130e-12 -1.786905314532293228e-13 1.035832023928947719e-12 5.849297624598812121e-13 3.777091501457120727e-12
-6.730644786582515359e-12 1.193357080637689778e-11 5.134418482530913472e-11 2.906574026921487031e-11 5.239609656861349192e-10 6.115280504134102709e-11 5.894950808119469281e-12 1.906898138188100147e-11 1.592387007200847276e-11 2.148126862749854450e-12 -4.859158116471001687e-13 8.400334096214380821e-12 -2.556480222290852789e-12 2.272009757269612580e-12 -1.184452306121264146e-12 6.900978871178648219e-12 3.450067911240758948e-12 2.434729478681069812e-12 2.604654903205650228e-12 -9.784122607956274690e-12 -4.055533315006402978e-12 -1.849215488941397246e-12 -5.947063715518517389e-12 2.078046693725918387e-12 2.530386111699701407e-12 -2.803307219807101994e-12
8.498932031155424678e-11 -6.645060607099185987e-11 -1.979621589275141265e-13 8.544329624134512433e-11 6.115280504134102709e-11 3.315133996086257736e-10 5.006751570768265506e-12 -3.276454196088714278e-12 -1.571153890454216839e-12 -1.070821729095644834e-11 -5.014091069112394475e-12 1.162406108348479530e-12 -5.386255534411083795e-12 4.823225334511017159e-12 6.458275180314300872e-12 3.912100456347393168e-12 -1.548824483230821120e-12 5.305579090545304982e-12 9.807794783719174405e-13 -3.128267115306974711e-12 1.006082312260906875e-13 2.711705615295643335e-12 -3.032444243934576970e-12 1.881672252050909950e-13 1.138950328040072620e-12 2.839335848837042143e-12
-4.749343163329668459e-12 3.327440529563190344e-11 -1.340672616279788233e-11 6.683417551617394986e-12 5.894950808119469281e-12 5.006751570768265506e-12 2.157867962859926278e-10 1.857818558511334190e-11 2.177055129894546862e-11 -4.561596453384101546e-12 2.032902969415966674e-12 7.936029544962810357e-12 -6.584207079469805543e-12 5.889469002640058172e-12 1.108274442233996387e-11 5.473876505318728622e-12 4.583184758151111044e-13 2.514009754924933569e-12 2.121245769690491689e-12 -2.696512537926202830e-12 -1.575764528186878836e-12 1.716628526178874730e-13 1.819707575913921982e-13 -1.286757366960926432e-12 3.320391275828311403e-13 -1.165788792990116603e-12
4.121608836160186703e-11 -4.894609688121241017e-12 -2.472606497592626680e-11 1.845648757930479580e-11 1.906898138188100147e-11 -3.276454196088714278e-12 1.857818558511334190e-11 1.436605954737713009e-10 1.478822820310308048e-11 3.732994880213030976e-12 5.013186768220980356e-12 7.792934263126705669e-12 5.869766977474673381e-12 3.209499062354814323e-12 5.497719810247363046e-12 -1.343283619517928527e-12 -5.194531651489652141e-13 -9.516662927058179688e-13 -1.520919404707612096e-12 -1.181567709178637474e-12 -9.192143591601108262e-13 1.498458461371206011e-12 7.699704775015164232e-13 8.571856535808025897e-13 1.845306933692847148e-14 9.744243429505227035e-14
1.897045777963094507e-12 -7.465443844936869017e-12 -3.015591405822310022e-11 -1.975512429554414162e-12 1.592387007200847276e-11 -1.571153890454216839e-12 2.177055129894546862e-11 1.478822820310308048e-11 1.034458025448411823e-10 7.366293437762394850e-12 1.032588338472056041e-11 1.115884413844462138e-11 -4.428325322123549396e-12 -5.590575734074041013e-12 1.493778388931068555e-13 4.007640958230604028e-12 4.095843435237667496e-12 1.159398836191075965e-12 -4.625085769181580290e-13 6.122489202278519928e-13 2.829746087836445109e-12 1.032555167727641550e-12 2.236219566705914215e-12 -5.556881013363053741e-13 7.137948984657703326e-13 2.194598474918352000e-13
-4.165023104788408707e-11 4.251901294803897396e-12 2.954172203930701465e-12 2.234177849734173200e-11 2.148126862749854450e-12 -1.070821729095644834e-11 -4.561596453384101546e-12 3.732994880213030976e-12 7.366293437762394850e-12 7.275986647873984251e-11 9.629334848150276020e-12 4.519557217020638363e-12 -9.177293552516388432e-13 4.203101985270758417e-13 4.013454984640685100e-12 -2.505126541865511387e-13 5.791851989006510910e-12 3.559014507614043624e-12 -6.028955437301907189e-13 1.135992278096723279e-13 -1.122428190432935124e-12 -5.334515364773994751e-13 3.415617522368593599e-13 -6.207301216800281843e-14 -1.811355630569454287e-13 -9.727683173994407900e-13
6.511006778923499295e-12 -3.525161960577517366e-11 -1.784167174898161187e-11 1.128280119156137343e-11 -4.859158116471001687e-13 -5.014091069112394475e-12 2.032902969415966674e-12 5.013186768220980356e-12 1.032588338472056041e-11 9.629334848150276020e-12 4.752975645635535425e-11 1.205068074748919355e-11 7.794689373352603392e-12 3.499736337013088792e-12 2.215670556118453753e-12 5.869535057291875606e-13 2.101281146791942327e-12 1.374444241969549847e-12 1.366470696520075329e-12 2.444145741085769596e-12 1.697805133651838693e-12 7.431014207913590129e-13 -5.832810627388194445e-13 -1.634203532647238980e-12 -2.861129964517742240e-13 -2.105938280515996637e-13
2.983250307283654477e-12 -3.421266000371570313e-11 -4.253408118251341430e-12 -2.236324429079441157e-12 8.400334096214380821e-12 1.162406108348479530e-12 7.936029544962810357e-12 7.792934263126705669e-12 1.115884413844462138e-11 4.519557217020638363e-12 1.205068074748919355e-11 4.427844476067123414e-11 9.243390678084010681e-12 7.160017383068376764e-12 7.122868974971709186e-12 2.697870309623994664e-12 5.295767346599927251e-12 3.066749157648317070e-12 -9.492741493761539789e-13 -1.358179663282468109e-13 -5.809878978004609471e-13 -1.016132284635321816e-12 -5.883010276581247929e-14 -8.777878168824682037e-13 7.694531977580270630e-13 5.609562535615605199e-14
1.598201008872837464e-11 -9.920610112078831921e-12 -4.035992792052395736e-11 -8.632167895021823067e-12 -2.556480222290852789e-12 -5.386255534411083795e-12 -6.584207079469805543e-12 5.869766977474673381e-12 -4.428325322123549396e-12 -9.177293552516388432e-13 7.794689373352603392e-12 9.243390678084010681e-12 3.212635012664979436e-11 1.007196813814090794e-11 6.298136302687422917e-12 1.156268048369920610e-12 -2.281398185002816973e-12 -1.707769244629032346e-12 4.632010923433208140e-13 -7.144133141822372481e-13 -2.946182029266724757e-13 1.124231079668925609e-12 -7.005183333931417380e-13 -1.797890107959931149e-13 3.841807752757488440e-13 -2.353060471638358028e-13
9.434774613968180592e-12 -1.699863013932849962e-11 -1.287497268801919473e-11 -1.894735058930427718e-12 2.272009757269612580e-12 4.823225334511017159e-12 5.889469002640058172e-12 3.209499062354814323e-12 -5.590575734074041013e-12 4.203101985270758417e-13 3.499736337013088792e-12 7.160017383068376764e-12 1.007196813814090794e-11 2.767323057523860398e-11 1.490168789899632951e-11 3.557958100726456864e-12 5.599333850877685213e-13 1.516028708404085362e-12 3.530443057181652653e-13 -4.550920473162198783e-13 -6.384764482911550094e-13 -9.549363113726366944e-13 -7.362865377396621594e-13 -5.543090592531438861e-13 -2.889519606784551098e-13 -5.749853312989679285e-13
7.695423451345620416e-12 -1.222887107129192177e-11 -7.064783536006919744e-12 9.296401912657206062e-12 -1.184452306121264146e-12 6.458275180314300872e-12 1.108274442233996387e-11 5.497719810247363046e-12 1.493778388931068555e-13 4.013454984640685100e-12 2.215670556118453753e-12 7.122868974971709186e-12 6.298136302687422917e-12 1.490168789899632951e-11 2.811531594094700689e-11 8.138022811030007256e-12 3.914115469285216044e-12 2.541007753931147394e-12 1.153437898447477896e-12 4.843440167739366344e-13 -1.378441806500995965e-12 -3.968552409932211525e-13 -2.794108047355159342e-13 6.574192977726209313e-14 -4.057551727219482244e-14 1.551816796292289895e-13
-9.185421079299219602e-12 -1.254384735588802286e-12 -4.403623232726249830e-12 -3.827282980342013403e-13 6.900978871178648219e-12 3.912100456347393168e-12 5.473876505318728622e-12 -1.343283619517928527e-12 4.007640958230604028e-12 -2.505126541865511387e-13 5.869535057291875606e-13 2.697870309623994664e-12 1.156268048369920610e-12 3.557958100726456864e-12 8.138022811030007256e-12 1.439723429868223635e-11 4.625076643073969075e-12 2.130771287030045649e-12 -1.405924057812086764e-13 5.379020188913928682e-13 -5.975151719452826875e-13 -1.311966140178814977e-13 -4.368185938175012466e-13 9.235065711891290486e-13 5.038247278202337962e-13 2.436267976561602714e-14
3.583656467717018507e-12 5.984277201201494806e-12 3.069621730615131196e-12 3.174664525523920682e-12 3.450067911240758948e-12 -1.548824483230821120e-12 4.583184758151111044e-13 -5.194531651489652141e-13 4.095843435237667496e-12 5.791851989006510910e-12 2.101281146791942327e-12 5.295767346599927251e-12 -2.281398185002816973e-12 5.599333850877685213e-13 3.914115469285216044e-12 4.625076643073969075e-12 1.440915701597865744e-11 6.585734882459696555e-12 1.248042046921708514e-12 7.995719789042750469e-13 9.920464315638895550e-13 1.504990420793027335e-13 2.478398596212648479e-15 1.194732113495107978e-13 2.565375628673466849e-14 -1.608890431893242743e-14
-7.638120852960721203e-13 -5.345957259179091184e-12 1.413536909385538865e-11 1.338533697082506664e-11 2.434729478681069812e-12 5.305579090545304982e-12 2.514009754924933569e-12 -9.516662927058179688e-13 1.159398836191075965e-12 3.559014507614043624e-12 1.374444241969549847e-12 3.066749157648317070e-12 -1.707769244629032346e-12 1.516028708404085362e-12 2.541007753931147394e-12 2.130771287030045649e-12 6.585734882459696555e-12 1.287717671481331558e-11 3.431877338357021104e-12 2.150782480012070766e-12 1.095859003848193617e-12 7.707504782350780252e-14 -1.611451657591471335e-13 -7.517515195967940130e-13 -6.501902059352385890e-14 -1.320700576420650184e-13
-1.354118290970762882e-11 -6.774404958583277918e-12 -2.959837230044728130e-13 7.430868627384236878e-12 2.604654903205650228e-12 9.807794783719174405e-13 2.121245769690491689e-12 -1.520919404707612096e-12 -4.625085769181580290e-13 -6.028955437301907189e-13 1.366470696520075329e-12 -9.492741493761539789e-13 4.632010923433208140e-13 3.530443057181652653e-13 1.153437898447477896e-12 -1.405924057812086764e-13 1.248042046921708514e-12 3.431877338357021104e-12 9.136029578326792747e-12 3.445247335700193286e-12 9.468114596101479156e-13 -2.311532144072440972e-13 1.138955898643941522e-13 -1.187625045050440636e-12 -5.213219904616271661e-13 -6.393200958132993722e-14
-1.605322942180257971e-11 -7.256998926012613727e-13 3.915823915282489780e-12 1.017797868412290981e-11 -9.784122607956274690e-12 -3.128267115306974711e-12 -2.696512537926202830e-12 -1.181567709178637474e-12 6.122489202278519928e-13 1.135992278096723279e-13 2.444145741085769596e-12 -1.358179663282468109e-13 -7.144133141822372481e-13 -4.550920473162198783e-13 4.843440167739366344e-13 5.379020188913928682e-13 7.995719789042750469e-13 2.150782480012070766e-12 3.445247335700193286e-12 9.156322223858088046e-12 3.335685924804886720e-12 -9.790628961924389743e-14 4.867083188079880589e-13 -8.060453964423174442e-13 -1.001349262600549850e-13 -3.242492157737307706e-14
-9.244738585665747225e-12 -2.297527570156650334e-12 -5.221360195563996773e-12 2.705155526057428031e-12 -4.055533315006402978e-12 1.006082312260906875e-13 -1.575764528186878836e-12 -9.192143591601108262e-13 2.829746087836445109e-12 -1.122428190432935124e-12 1.697805133651838693e-12 -5.809878978004609471e-13 -2.946182029266724757e-13 -6.384764482911550094e-13 -1.378441806500995965e-12 -5.975151719452826875e-13 9.920464315638895550e-13 1.095859003848193617e-12 9.468114596101479156e-13 3.335685924804886720e-12 6.686998641379070452e-12 1.860245039031446788e-12 6.888762749661929904e-13 -5.367322520648618849e-13 2.206837785278320961e-13 -2.628182111889805889e-13
3.127221234614408691e-12 -3.956344427582565119e-12 -4.669900211704790489e-12 8.581287107280300130e-12 -1.849215488941397246e-12 2.711705615295643335e-12 1.716628526178874730e-13 1.498458461371206011e-12 1.032555167727641550e-12 -5.334515364773994751e-13 7.431014207913590129e-13 -1.016132284635321816e-12 1.124231079668925609e-12 -9.549363113726366944e-13 -3.968552409932211525e-13 -1.311966140178814977e-13 1.504990420793027335e-13 7.707504782350780252e-14 -2.311532144072440972e-13 -9.790628961924389743e-14 1.860245039031446788e-12 5.271152756687500579e-12 9.964065802502894619e-13 -3.329810996036941433e-13 3.359911016471061726e-13 1.548682710614171154e-13
-9.817491459033142710e-12 2.566039118379176644e-12 -1.422967820686260074e-12 -1.786905314532293228e-13 -5.947063715518517389e-12 -3.032444243934576970e-12 1.819707575913921982e-13 7.699704775015164232e-13 2.236219566705914215e-12 3.415617522368593599e-13 -5.832810627388194445e-13 -5.883010276581247929e-14 -7.005183333931417380e-13 -7.362865377396621594e-13 -2.794108047355159342e-13 -4.368185938175012466e-13 2.478398596212648479e-15 -1.611451657591471335e-13 1.138955898643941522e-13 4.867083188079880589e-13 6.888762749661929904e-13 9.964065802502894619e-13 3.215372742562846812e-12 5.036241598535897253e-13 5.041923280705152088e-14 2.370057271913719606e-13
2.262263073632678377e-12 1.363970731401142530e-12 1.119566285495545932e-11 1.035832023928947719e-12 2.078046693725918387e-12 1.881672252050909950e-13 -1.286757366960926432e-12 8.571856535808025897e-13 -5.556881013363053741e-13 -6.207301216800281843e-14 -1.634203532647238980e-12 -8.777878168824682037e-13 -1.797890107959931149e-13 -5.543090592531438861e-13 6.574192977726209313e-14 9.235065711891290486e-13 1.194732113495107978e-13 -7.517515195967940130e-13 -1.187625045050440636e-12 -8.060453964423174442e-13 -5.367322520648618849e-13 -3.329810996036941433e-13 5.036241598535897253e-13 2.940226959747296551e-12 6.221276144100572026e-13 -1.049891944725081020e-13
1.778557808105944487e-12 -1.525774783130889567e-12 -4.148278475934453678e-13 5.849297624598812121e-13 2.530386111699701407e-12 1.138950328040072620e-12 3.320391275828311403e-13 1.845306933692847148e-14 7.137948984657703326e-13 -1.811355630569454287e-13 -2.861129964517742240e-13 7.694531977580270630e-13 3.841807752757488440e-13 -2.889519606784551098e-13 -4.057551727219482244e-14 5.038247278202337962e-13 2.565375628673466849e-14 -6.501902059352385890e-14 -5.213219904616271661e-13 -1.001349262600549850e-13 2.206837785278320961e-13 3.359911016471061726e-13 5.041923280705152088e-14 6.221276144100572026e-13 1.758410791853632335e-12 -1.716187037437761564e-15
-1.285629298577159475e-13 -2.599931411527240666e-12 -2.535069069104394476e-12 3.777091501457120727e-12 -2.803307219807101994e-12 2.839335848837042143e-12 -1.165788792990116603e-12 9.744243429505227035e-14 2.194598474918352000e-13 -9.727683173994407900e-13 -2.105938280515996637e-13 5.609562535615605199e-14 -2.353060471638358028e-13 -5.749853312989679285e-13 1.551816796292289895e-13 2.436267976561602714e-14 -1.608890431893242743e-14 -1.320700576420650184e-13 -6.393200958132993722e-14 -3.242492157737307706e-14 -2.628182111889805889e-13 1.548682710614171154e-13 2.370057271913719606e-13 -1.049891944725081020e-13 -1.716187037437761564e-15 1.552024520873990259e-12
