3.722398940196396791e-09 2.756826992901925999e-10 3.911279667609477435e-10 1.871484624742916877e-10 -1.217277733707015373e-10 -3.655083351939090895e-11 -7.489264375200994750e-11 -5.678138106510510390e-11 -5.500604623844887806e-11 8.987128454971017228e-12 2.981926776016662401e-11 1.060114952445255633e-11 4.535202051097163028e-11 2.162433408841122199e-11 -8.238129390178435872e-13 -1.587900648958913652e-11 -2.371150133346119620e-11 -8.682799139240030991e-12 -3.726136757498355757e-12 -1.304102929688679491e-11 -1.207223801126845159e-11 1.629891692778219496e-11 -2.123942410730135800e-11 1.876048678949012661e-12 9.229395988224971238e-12 8.924359823488465212e-12
2.756826992901925999e-10 2.600206743429405634e-09 -6.414991519072642223e-11 -1.058118763563849296e-11 1.222135096209485240e-10 6.396926116517361522e-11 4.889461611977174689e-11 6.647899659850911864e-11 6.924529928348603761e-12 1.374245934023427339e-12 -6.696942539431699161e-12 9.036993891338410938e-12 -3.337698371178198253e-12 -3.250306172685026735e-12 -7.354553227655110667e-12 -4.532230441190402301e-12 4.087616879040248549e-11 4.173639077632329923e-11 -3.082704538631981699e-12 -1.093059825212055433e-11 -2.344166251052616282e-11 9.489407673617203547e-12 1.608615118020958506e-11 -5.379749676723817928e-13 -9.384870718007140098e-12 9.131625975889717603e-12
3.911279667609477435e-10 -6.414991519072642223e-11 1.405840112003878174e-09 2.572860190624631030e-10 -3.434188266041362936e-11 -2.938698138117962204e-11 4.247354768786344367e-11 -2.762609206010283528e-11 2.564443242801035279e-11 3.331599343084859430e-12 2.466879098784019429e-12 9.744604337878734800e-12 2.609167363268883091e-11 2.925877706083049646e-11 5.046787983542741086e-12 -7.482296864957736506e-12 6.479789970213129004e-12 -3.610556177959466973e-12 -1.026213248413026070e-11 -7.750675562674054585e-12 -1.879033618162803336e-12 1.604757287961402405e-11 8.216753696770984577e-13 3.333150346397655483e-12 9.511262390921514838e-12 3.112723953626486575e-12
1.871484624742916877e-10 -1.058118763563849296e-11 2.572860190624631030e-10 9.500256221920358671e-10 1.024586168994197075e-10 6.705494272977289655e-11 8.528000625638503673e-11 5.403205702635022613e-14 1.462582664375472355e-11 2.466581310225148916e-11 2.055056746129220675e-11 3.023786651842481148e-11 1.739935309930672646e-11 2.284854223981147825e-11 -3.094289177668691516e-12 -1.057835375798708817e-11 -4.589123523661593651e-12 -1.835657509899691317e-11 -1.272637145209798697e-11 1.161229491457803966e-11 1.079566168520600463e-11 1.648568465965559321e-11 -7.024799132184030516e-12 -9.893665640346108056e-12 -3.650366253400557048e-12 3.074968333230226583e-12
-1.217277733707015373e-10 1.222135096209485240e-10 -3.434188266041362936e-11 1.024586168994197075e-10 6.205322582140580830e-10 5.753016065147132295e-11 6.701265178290329699e-11 4.166544777693101100e-11 2.734672385637223939e-11 2.355387915107059841e-11 2.639474729696552594e-11 2.329441097881681375e-11 3.715771417671920159e-12 2.390169998709887942e-12 -6.464089904641745533e-13 -1.497648986737986363e-11 4.267516634849609166e-12 4.959621219249108505e-12 -2.865800423083121627e-12 1.757364952204597009e-12 -8.277308222997242845e-12 9.527611534135178417e-13 -2.459296661428774777e-12 -7.633710626564722949e-12 -5.468075030799159728e-13 -1.466280748092154282e-12
-3.655083351939090895e-11 6.396926116517361522e-11 -2.938698138117962204e-11 6.705494272977289655e-11 5.753016065147132295e-11 4.217432180948079962e-10 4.166428577486449541e-11 5.490093461435716289e-12 1.921986162481323751e-11 2.585232487905468450e-12 -7.847873156804172000e-12 1.391686504320170650e-11 1.251244286447966129e-11 2.011967244831306191e-12 3.607282720766617571e-12 -2.550285950502047050e-13 7.142503610776272304e-12 5.013462948992096996e-12 -6.840057709408785388e-13 -9.715783056020451699e-12 -9.858668625265505640e-12 -3.467491910862641713e-12 9.726467076411564512e-13 3.409048643754987846e-12 -9.148533795331513153e-13 -3.414544655215506207e-12
-7.489264375200994750e-11 4.889461611977174689e-11 4.247354768786344367e-11 8.528000625638503673e-11 6.701265178290329699e-11 4.166428577486449541e-11 2.998138145998629156e-10 3.537358809313681444e-11 6.944459310378989441e-12 8.460689755903685196e-13 1.202531308853548346e-11 9.620543039906389830e-12 7.027912118122610870e-12 1.287534854953769008e-11 7.160390464675303875e-12 -6.587605169240717099e-13 7.650292996089219537e-12 1.716548343029916905e-12 -2.649447506018579420e-12 2.322020964241997523e-12 -5.602961902687757272e-13 4.300747704827162827e-12 -5.206038611413811190e-12 -1.633287666188009262e-12 1.562525265526528551e-12 -3.392238917879256368e-12
-5.678138106510510390e-11 6.647899659850911864e-11 -2.762609206010283528e-11 5.403205702635022613e-14 4.166544777693101100e-11 5.490093461435716289e-12 3.537358809313681444e-11 1.915594594852881374e-10 3.289245457239349076e-11 1.697247215451824580e-11 -7.364565729492216713e-13 1.777647152302721559e-12 -2.509745861809741527e-12 1.756241179675037281e-12 6.844701501374537256e-12 1.048056922963244932e-11 1.128053911885220852e-11 1.080932875230691265e-12 -6.342798514877953161e-12 -7.780268082472616596e-13 2.824223345138238449e-12 9.796733136404622425e-13 -1.130341032794789150e-13 -3.939349110030462847e-12 -1.274871991996315042e-12 -2.044849476239025899e-12
-5.500604623844887806e-11 6.924529928348603761e-12 2.564443242801035279e-11 1.462582664375472355e-11 2.734672385637223939e-11 1.921986162481323751e-11 6.944459310378989441e-12 3.289245457239349076e-11 1.228250275726703819e-10 3.061202338949426641e-11 8.556572259307938142e-12 8.736741126409294865e-12 3.266565182935989301e-12 -6.674554418517252656e-13 -7.327696436471506660e-12 -2.177314850439614700e-12 1.917863481669659521e-12 -1.689610976348326678e-12 -4.613602400024109632e-12 -5.871909347222970705e-12 -3.296656608824484617e-12 -3.102746530536943754e-12 1.570289308239640358e-12 5.317382918666159081e-13 -1.867587321905807117e-12 -5.654923091599915724e-13
8.987128454971017228e-12 1.374245934023427339e-12 3.331599343084859430e-12 2.466581310225148916e-11 2.355387915107059841e-11 2.585232487905468450e-12 8.460689755903685196e-13 1.697247215451824580e-11 3.061202338949426641e-11 1.246335777683588723e-10 2.005104923098553569e-11 1.510917887277475996e-11 -2.818334579500038211e-12 -2.936134281123078443e-12 -2.792711555828988910e-12 -2.586699818332408259e-12 -1.051700391866801436e-12 -5.102828745723952087e-12 -4.434957146576600638e-12 -1.647490588955842944e-12 -6.665630433373691296e-13 -3.006053710631762728e-13 2.584021441309187876e-12 1.227829447343427790e-12 -6.267227652780843491e-12 4.453018688371186674e-13
2.981926776016662401e-11 -6.696942539431699161e-12 2.466879098784019429e-12 2.055056746129220675e-11 2.639474729696552594e-11 -7.847873156804172000e-12 1.202531308853548346e-11 -7.364565729492216713e-13 8.556572259307938142e-12 2.005104923098553569e-11 7.474159513672499532e-11 2.652857620848170630e-11 1.478842583231998280e-11 4.965162510757380518e-12 -8.664358120868896218e-13 -2.019118146501089144e-12 -1.320761750059144544e-12 -5.634645836328356468e-13 -3.133381643442629765e-12 3.938403691023526138e-13 7.774531584987933765e-13 8.037667239730066452e-13 -2.195718799335876631e-13 -9.891881558304290877e-13 -7.021875231812931180e-13 2.450845293397540809e-14
1.060114952445255633e-11 9.036993891338410938e-12 9.744604337878734800e-12 3.023786651842481148e-11 2.329441097881681375e-11 1.391686504320170650e-11 9.620543039906389830e-12 1.777647152302721559e-12 8.736741126409294865e-12 1.510917887277475996e-11 2.652857620848170630e-11 7.691069597219636293e-11 2.290695244534886202e-11 8.273206654295255419e-12 3.060847626558844150e-12 -6.506692765902362531e-15 3.033360318641468485e-13 -1.304720998016437744e-12 -3.840618905156461396e-12 -5.738699993994826851e-13 -5.248979669097205555e-12 -5.773814685293803174e-13 2.655288323188125320e-13 -4.546929783857961600e-13 -1.824077073960612791e-12 1.786234316568646543e-13
4.535202051097163028e-11 -3.337698371178198253e-12 2.609167363268883091e-11 1.739935309930672646e-11 3.715771417671920159e-12 1.251244286447966129e-11 7.027912118122610870e-12 -2.509745861809741527e-12 3.266565182935989301e-12 -2.818334579500038211e-12 1.478842583231998280e-11 2.290695244534886202e-11 5.825359064542549325e-11 2.104520896919283219e-11 1.062784600608847937e-11 5.532797206889872686e-13 2.816497148261162889e-12 3.758561798521704976e-12 -1.766204531461804561e-12 -3.768473414474868618e-13 -1.787856900214146928e-12 -7.792902104737634595e-13 -1.634657030602155140e-12 -6.681013174881112415e-13 -6.228678850901689688e-13 4.976353443549666250e-13
2.162433408841122199e-11 -3.250306172685026735e-12 2.925877706083049646e-11 2.284854223981147825e-11 2.390169998709887942e-12 2.011967244831306191e-12 1.287534854953769008e-11 1.756241179675037281e-12 -6.674554418517252656e-13 -2.936134281123078443e-12 4.965162510757380518e-12 8.273206654295255419e-12 2.104520896919283219e-11 4.667371340983881275e-11 1.987863457531097902e-11 5.796856500936781235e-12 2.668855050203493670e-12 1.567662532432930934e-13 -3.311396350859439969e-13 1.267099981371025563e-12 -2.661223132464950034e-12 -2.771456354425962245e-12 -3.596982413159871688e-12 -1.421591497257692768e-12 -1.318380155671759526e-12 -6.663934226414976524e-13
-8.238129390178435872e-13 -7.354553227655110667e-12 5.046787983542741086e-12 -3.094289177668691516e-12 -6.464089904641745533e-13 3.607282720766617571e-12 7.160390464675303875e-12 6.844701501374537256e-12 -7.327696436471506660e-12 -2.792711555828988910e-12 -8.664358120868896218e-13 3.060847626558844150e-12 1.062784600608847937e-11 1.987863457531097902e-11 3.613300577892341753e-11 1.302416276474619531e-11 4.864221109744002102e-12 2.513341903216621622e-12 3.648809240215119026e-12 4.540705846988474469e-12 1.859714427541459611e-12 -2.628726715687009738e-12 -6.228013313377510372e-14 4.972948851722999113e-13 6.878157414214690649e-13 -4.046467681343244316e-13
-1.587900648958913652e-11 -4.532230441190402301e-12 -7.482296864957736506e-12 -1.057835375798708817e-11 -1.497648986737986363e-11 -2.550285950502047050e-13 -6.587605169240717099e-13 1.048056922963244932e-11 -2.177314850439614700e-12 -2.586699818332408259e-12 -2.019118146501089144e-12 -6.506692765902362531e-15 5.532797206889872686e-13 5.796856500936781235e-12 1.302416276474619531e-11 3.182132345917723884e-11 1.552925523714096533e-11 7.666697760672083477e-12 7.628524497640426979e-12 4.692445501235051024e-12 3.241171595373415787e-12 1.021931152278387537e-12 -1.614926762152678531e-14 -3.222382879437462187e-13 1.003054547510612799e-13 8.378229407191199307e-14
-2.371150133346119620e-11 4.087616879040248549e-11 6.479789970213129004e-12 -4.589123523661593651e-12 4.267516634849609166e-12 7.142503610776272304e-12 7.650292996089219537e-12 1.128053911885220852e-11 1.917863481669659521e-12 -1.051700391866801436e-12 -1.320761750059144544e-12 3.033360318641468485e-13 2.816497148261162889e-12 2.668855050203493670e-12 4.864221109744002102e-12 1.552925523714096533e-11 3.156698841262172325e-11 1.568908627121379039e-11 7.033673787989537061e-12 3.409146047341095382e-12 3.784348972763310429e-12 1.016862505856669160e-12 4.151319935981440072e-13 -5.405650668222590849e-13 -3.832150356854121836e-13 1.901524746459903435e-13
-8.682799139240030991e-12 4.173639077632329923e-11 -3.610556177959466973e-12 -1.835657509899691317e-11 4.959621219249108505e-12 5.013462948992096996e-12 1.716548343029916905e-12 1.080932875230691265e-12 -1.689610976348326678e-12 -5.102828745723952087e-12 -5.634645836328356468e-13 -1.304720998016437744e-12 3.758561798521704976e-12 1.567662532432930934e-13 2.513341903216621622e-12 7.666697760672083477e-12 1.568908627121379039e-11 2.802851797079317655e-11 1.123769186261846274e-11 5.902914825726041925e-12 4.186676272660567992e-12 1.680236559823946674e-12 6.614894652705033637e-13 -1.599622388332156185e-12 -6.301234281134968477e-14 -1.465988152180090635e-13
-3.726136757498355757e-12 -3.082704538631981699e-12 -1.026213248413026070e-11 -1.272637145209798697e-11 -2.865800423083121627e-12 -6.840057709408785388e-13 -2.649447506018579420e-12 -6.342798514877953161e-12 -4.613602400024109632e-12 -4.434957146576600638e-12 -3.133381643442629765e-12 -3.840618905156461396e-12 -1.766204531461804561e-12 -3.311396350859439969e-13 3.648809240215119026e-12 7.628524497640426979e-12 7.033673787989537061e-12 1.123769186261846274e-11 2.221862006498778096e-11 1.050336657760309856e-11 4.767206990139772964e-12 1.346008194127970249e-12 -6.624899654941846150e-13 -3.715940834588265069e-13 -2.453025346360917790e-13 -6.415252666330020846e-14
-1.304102929688679491e-11 -1.093059825212055433e-11 -7.750675562674054585e-12 1.161229491457803966e-11 1.757364952204597009e-12 -9.715783056020451699e-12 2.322020964241997523e-12 -7.780268082472616596e-13 -5.871909347222970705e-12 -1.647490588955842944e-12 3.938403691023526138e-13 -5.738699993994826851e-13 -3.768473414474868618e-13 1.267099981371025563e-12 4.540705846988474469e-12 4.692445501235051024e-12 3.409146047341095382e-12 5.902914825726041925e-12 1.050336657760309856e-11 2.440911430580448352e-11 1.098125536631865926e-11 3.874660269547129000e-12 3.238510500744307845e-13 -1.130085410753167678e-12 -6.753338197893776775e-14 5.841492376378474014e-13
-1.207223801126845159e-11 -2.344166251052616282e-11 -1.879033618162803336e-12 1.079566168520600463e-11 -8.277308222997242845e-12 -9.858668625265505640e-12 -5.602961902687757272e-13 2.824223345138238449e-12 -3.296656608824484617e-12 -6.665630433373691296e-13 7.774531584987933765e-13 -5.248979669097205555e-12 -1.787856900214146928e-12 -2.661223132464950034e-12 1.859714427541459611e-12 3.241171595373415787e-12 3.784348972763310429e-12 4.186676272660567992e-12 4.767206990139772964e-12 1.098125536631865926e-11 1.950683704394679287e-11 5.555709593926199093e-12 6.015905882966326873e-13 -5.183327020097121570e-13 5.306491828617131555e-13 1.886529108856521719e-13
1.629891692778219496e-11 9.489407673617203547e-12 1.604757287961402405e-11 1.648568465965559321e-11 9.527611534135178417e-13 -3.467491910862641713e-12 4.300747704827162827e-12 9.796733136404622425e-13 -3.102746530536943754e-12 -3.006053710631762728e-13 8.037667239730066452e-13 -5.773814685293803174e-13 -7.792902104737634595e-13 -2.771456354425962245e-12 -2.628726715687009738e-12 1.021931152278387537e-12 1.016862505856669160e-12 1.680236559823946674e-12 1.346008194127970249e-12 3.874660269547129000e-12 5.555709593926199093e-12 1.241965965184900697e-11 2.532210781629368554e-12 -2.219693075830304768e-13 7.886207651436856581e-13 7.754961417846943659e-13
-2.123942410730135800e-11 1.608615118020958506e-11 8.216753696770984577e-13 -7.024799132184030516e-12 -2.459296661428774777e-12 9.726467076411564512e-13 -5.206038611413811190e-12 -1.130341032794789150e-13 1.570289308239640358e-12 2.584021441309187876e-12 -2.195718799335876631e-13 2.655288323188125320e-13 -1.634657030602155140e-12 -3.596982413159871688e-12 -6.228013313377510372e-14 -1.614926762152678531e-14 4.151319935981440072e-13 6.614894652705033637e-13 -6.624899654941846150e-13 3.238510500744307845e-13 6.015905882966326873e-13 2.532210781629368554e-12 1.147738078924210312e-11 3.605577695760667812e-12 -2.411379811208022707e-13 5.172902815566304316e-13
1.876048678949012661e-12 -5.379749676723817928e-13 3.333150346397655483e-12 -9.893665640346108056e-12 -7.633710626564722949e-12 3.409048643754987846e-12 -1.633287666188009262e-12 -3.939349110030462847e-12 5.317382918666159081e-13 1.227829447343427790e-12 -9.891881558304290877e-13 -4.546929783857961600e-13 -6.681013174881112415e-13 -1.421591497257692768e-12 4.972948851722999113e-13 -3.222382879437462187e-13 -5.405650668222590849e-13 -1.599622388332156185e-12 -3.715940834588265069e-13 -1.130085410753167678e-12 -5.183327020097121570e-13 -2.219693075830304768e-13 3.605577695760667812e-12 8.409786941477998912e-12 3.527026884818380305e-13 -2.292235885852193700e-13
9.229395988224971238e-12 -9.384870718007140098e-12 9.511262390921514838e-12 -3.650366253400557048e-12 -5.468075030799159728e-13 -9.148533795331513153e-13 1.562525265526528551e-12 -1.274871991996315042e-12 -1.867587321905807117e-12 -6.267227652780843491e-12 -7.021875231812931180e-13 -1.824077073960612791e-12 -6.228678850901689688e-13 -1.318380155671759526e-12 6.878157414214690649e-13 1.003054547510612799e-13 -3.832150356854121836e-13 -6.301234281134968477e-14 -2.453025346360917790e-13 -6.753338197893776775e-14 5.306491828617131555e-13 7.886207651436856581e-13 -2.411379811208022707e-13 3.527026884818380305e-13 6.081741043263381409e-12 7.144982405050002755e-13
8.924359823488465212e-12 9.131625975889717603e-12 3.112723953626486575e-12 3.074968333230226583e-12 -1.466280748092154282e-12 -3.414544655215506207e-12 -3.392238917879256368e-12 -2.044849476239025899e-12 -5.654923091599915724e-13 4.453018688371186674e-13 2.450845293397540809e-14 1.786234316568646543e-13 4.976353443549666250e-13 -6.663934226414976524e-13 -4.046467681343244316e-13 8.378229407191199307e-14 1.901524746459903435e-13 -1.465988152180090635e-13 -6.415252666330020846e-14 5.841492376378474014e-13 1.886529108856521719e-13 7.754961417846943659e-13 5.172902815566304316e-13 -2.292235885852193700e-13 7.144982405050002755e-13 3.960108427765294348e-12
