2.318721353963167121e-09 2.022923494001823086e-11 1.200640758832107546e-10 -2.426986134791188889e-11 -2.170772526074501691e-11 7.043648156331337267e-12 -2.464231015669805535e-11 -6.869973755933031746e-11 2.120681118359691603e-11 2.228063465803032028e-12 -7.261544280122390885e-12 -9.113646359742613589e-12 -1.030813778184777236e-11 3.308177421368283184e-12 -6.381196704932988544e-12 2.969229975822972661e-12 1.523777799173077940e-11 -6.794530781394919353e-12 -4.377160836880549945e-12 -6.873401244660831964e-12 1.833721091635287653e-11 1.966363027906589568e-11 7.089756902069838640e-12 6.412984615455697921e-12 -1.187316094384201759e-11 -7.073515095492216580e-12
2.022923494001823086e-11 1.623067399798203353e-09 3.812222373877778850e-11 9.294062662032347629e-11 7.225379865349865389e-11 -1.443633223213444633e-11 -8.133445551044648838e-12 1.711348149459104614e-11 -6.444641343486572924e-12 1.396545525914147813e-11 1.204158580955200443e-11 9.466967234024369647e-12 -2.486296105332145359e-11 -2.569327036312281959e-11 -1.678653871060740888e-12 3.341627522202935242e-11 3.780003624602981216e-11 3.823050850706189896e-11 8.617726956631913827e-12 1.045752354692623288e-11 1.998335507635382301e-12 -1.049480166875222671e-11 -9.184538048056327555e-12 -2.809597107631000862e-12 -4.885282031869865767e-12 2.848000560356019648e-12
1.200640758832107546e-10 3.812222373877778850e-11 1.068965605541847603e-09 1.407526400043494747e-10 -7.384440661334966559e-12 2.360341627288997200e-11 4.011442560923055353e-11 2.512783467969816883e-11 1.607263651425059899e-11 1.527341652598914946e-11 1.544118846694062974e-11 1.160794494460966981e-11 -1.864057728642252836e-11 2.889467826937285027e-12 -8.249883560686814462e-12 -1.268365504734543046e-11 -1.265999791992852920e-11 -3.921673471511473381e-12 -6.643848214712785269e-12 -1.103950284777896875e-11 -1.207862946462941361e-11 -6.847141759302083453e-12 -3.959279875433842899e-12 -6.787518553979533325e-12 7.930305519911443167e-12 1.005081672411051983e-11
-2.426986134791188889e-11 9.294062662032347629e-11 1.407526400043494747e-10 7.832760236693614730e-10 6.815450257501931345e-12 -1.127739054549747961e-11 4.492620745436286722e-11 3.903289235135721339e-11 -1.431288032923786770e-12 1.095301594667777992e-12 5.632787925048586649e-12 5.426480808741052777e-12 9.878713812635138814e-13 9.568383756526467768e-12 8.126031973848801865e-12 5.442068598364095700e-12 2.383458274399588446e-11 1.974140324731130933e-11 2.730792983905882333e-11 4.947250120644124671e-12 -7.328449515147351222e-12 -9.819134293591194489e-12 -9.975197950510980497e-12 -4.618517847998365054e-12 -1.226533164410804253e-11 3.551202241729615935e-13
-2.170772526074501691e-11 7.225379865349865389e-11 -7.384440661334966559e-12 6.815450257501931345e-12 4.264410392464687145e-10 3.246377312457174309e-11 2.534009010575297672e-11 2.565457977379560624e-12 8.067261722332354929e-12 -7.783355061927145562e-12 3.979857042903499063e-12 2.968966205389443429e-12 2.906229365896322273e-12 -3.256755766502335534e-12 -5.380913373722118913e-12 -1.174045817707283706e-11 -8.483568176469916231e-12 -2.776152580992518744e-12 -5.143861746994692948e-12 3.178667812886196587e-12 2.354558679568006845e-12 4.706501286318869414e-12 -2.943191702563726629e-12 2.489479891271238335e-12 1.074733584523178779e-12 6.364021882149925103e-12
7.043648156331337267e-12 -1.443633223213444633e-11 2.360341627288997200e-11 -1.127739054549747961e-11 3.246377312457174309e-11 3.178842947397124172e-10 4.117072352693267045e-11 8.442893952513314421e-12 1.291811332783501097e-11 -9.221476055045823288e-13 -2.366821039059170288e-14 -6.354840402766668167e-12 2.422139551753191294e-12 1.059368853057340223e-11 -1.145518135104880699e-13 -3.783334976057112427e-12 1.514952028359338472e-12 -1.276490408670630344e-12 1.034534797161913813e-12 1.691642691280818958e-13 1.127865425188944434e-12 4.958466839841608330e-12 -1.745249818676153690e-12 -8.256220564510563912e-12 -3.843459400400368260e-12 3.683729394828675779e-12
-2.464231015669805535e-11 -8.133445551044648838e-12 4.011442560923055353e-11 4.492620745436286722e-11 2.534009010575297672e-11 4.117072352693267045e-11 2.107056223435240320e-10 4.053352582225508845e-11 4.766030838361288199e-12 -4.202366383500633770e-12 -8.396469805214523107e-12 -5.732826549850785934e-12 -7.508653428328085946e-12 -2.857439060295640260e-12 -1.440206081371847924e-11 -4.507113369980168117e-12 8.910079395363191208e-13 8.363383514192031326e-13 3.065136023572510154e-12 3.362116751341126706e-12 -1.390765352543070344e-12 -1.084847881341129167e-12 -3.390920979420050117e-12 -8.984378707772820921e-13 -2.389789636497204625e-14 1.763588055883652743e-12
-6.869973755933031746e-11 1.711348149459104614e-11 2.512783467969816883e-11 3.903289235135721339e-11 2.565457977379560624e-12 8.442893952513314421e-12 4.053352582225508845e-11 1.285998545438178029e-10 2.568726908642880731e-11 1.060743963849205621e-11 8.598762971124736890e-12 6.840579954605712864e-12 -4.987993661644341562e-12 1.114741226689380141e-12 -6.244953197796326014e-12 -1.249598526052276534e-12 -3.801235403988298819e-12 6.678515752017676955e-12 7.132060711296857532e-12 4.745781493115294232e-12 2.050007840703413664e-12 3.974811812398799157e-12 3.194779620459671584e-14 6.407265378960288314e-13 1.046407382340786559e-12 1.181228705604126701e-12
2.120681118359691603e-11 -6.444641343486572924e-12 1.607263651425059899e-11 -1.431288032923786770e-12 8.067261722332354929e-12 1.291811332783501097e-11 4.766030838361288199e-12 2.568726908642880731e-11 1.171790993524331532e-10 2.951751777344653982e-11 1.266638749071659589e-11 1.409691482720099707e-11 1.618897562490845139e-11 8.115062199515879233e-12 -7.890596341113316997e-13 1.136956039679456295e-12 3.149747932321046827e-12 1.715154480808564019e-12 3.739120885300590600e-12 3.416364607689030348e-12 -8.784759614129686817e-14 -1.140182729457458674e-12 -3.148110040393434186e-12 -2.813924867897532998e-12 -2.222880162867764590e-12 -5.410472135277316913e-12
2.228063465803032028e-12 1.396545525914147813e-11 1.527341652598914946e-11 1.095301594667777992e-12 -7.783355061927145562e-12 -9.221476055045823288e-13 -4.202366383500633770e-12 1.060743963849205621e-11 2.951751777344653982e-11 8.167788308304511611e-11 2.002375441323574757e-11 1.639692699230621821e-11 1.029556106765012385e-11 6.871451061385009785e-12 2.753519295452733480e-12 -4.093346941196673056e-13 3.012016406031046816e-12 4.188679025266676610e-12 2.319282241803067326e-12 2.945536018446182288e-12 2.006536653002797431e-12 3.700006312566296421e-12 3.361081066434889147e-12 -1.910023881519476292e-12 -3.086009449615496098e-12 -2.388954413234324698e-12
-7.261544280122390885e-12 1.204158580955200443e-11 1.544118846694062974e-11 5.632787925048586649e-12 3.979857042903499063e-12 -2.366821039059170288e-14 -8.396469805214523107e-12 8.598762971124736890e-12 1.266638749071659589e-11 2.002375441323574757e-11 6.845293617816434666e-11 2.304649262290380576e-11 1.085518046899711725e-11 -5.040180249875278470e-12 2.131941911715576098e-12 -1.806668645614089719e-12 -1.040527260868875810e-12 1.179025612862003364e-12 -1.186828638525486889e-13 2.391872013481078551e-12 -1.010565917806501427e-12 3.704368397151510444e-12 3.401109696807841014e-12 -7.430025281429143470e-13 -2.996870063532095998e-12 -2.752062998949722560e-12
-9.113646359742613589e-12 9.466967234024369647e-12 1.160794494460966981e-11 5.426480808741052777e-12 2.968966205389443429e-12 -6.354840402766668167e-12 -5.732826549850785934e-12 6.840579954605712864e-12 1.409691482720099707e-11 1.639692699230621821e-11 2.304649262290380576e-11 4.938873702673945151e-11 1.783914644700612312e-11 3.257172361175153618e-12 8.978029918597365404e-12 2.660151808310218283e-12 -7.271896288002597263e-13 -3.190364252570692237e-13 -2.011850086685932306e-13 5.219288171487582733e-13 -2.569274015894157031e-12 -2.485166109860897804e-12 3.639787743294556388e-13 1.100007947038805996e-12 -8.552009237300918258e-13 -7.302647041154715879e-13
-1.030813778184777236e-11 -2.486296105332145359e-11 -1.864057728642252836e-11 9.878713812635138814e-13 2.906229365896322273e-12 2.422139551753191294e-12 -7.508653428328085946e-12 -4.987993661644341562e-12 1.618897562490845139e-11 1.029556106765012385e-11 1.085518046899711725e-11 1.783914644700612312e-11 4.388021678602712007e-11 1.311113996168360079e-11 9.687212447803768506e-12 5.273999454793531067e-12 2.411025825042010203e-12 7.730965070945778710e-13 -1.813909726554222424e-13 1.026711976679197347e-12 3.703212435382847704e-13 1.885109779595256998e-12 1.317422274902690516e-12 -7.229231697062315165e-13 -1.265703058075596191e-12 -8.155427941492721387e-13
3.308177421368283184e-12 -2.569327036312281959e-11 2.889467826937285027e-12 9.568383756526467768e-12 -3.256755766502335534e-12 1.059368853057340223e-11 -2.857439060295640260e-12 1.114741226689380141e-12 8.115062199515879233e-12 6.871451061385009785e-12 -5.040180249875278470e-12 3.257172361175153618e-12 1.311113996168360079e-11 3.155327238111068355e-11 1.488713906607466645e-11 7.674728395986684700e-12 3.134116196989108015e-12 6.538637076114282385e-13 -4.648351531907749905e-13 -1.900285324840223180e-12 -2.365312710956780766e-12 -1.432146892682252340e-12 -1.079802406010504433e-12 -1.978974914525951927e-12 5.390731768610189996e-14 1.652759564497797757e-12
-6.381196704932988544e-12 -1.678653871060740888e-12 -8.249883560686814462e-12 8.126031973848801865e-12 -5.380913373722118913e-12 -1.145518135104880699e-13 -1.440206081371847924e-11 -6.244953197796326014e-12 -7.890596341113316997e-13 2.753519295452733480e-12 2.131941911715576098e-12 8.978029918597365404e-12 9.687212447803768506e-12 1.488713906607466645e-11 3.318808218063143201e-11 1.371742915028613134e-11 5.472297396015974781e-12 3.868747724216081932e-12 1.172590776807925001e-12 -8.811893015183189982e-13 -9.976200587622789648e-13 -3.018814755182645252e-12 -1.815404233614994127e-12 -8.619417661580370952e-13 1.043564212123556744e-12 1.706605405615402331e-12
2.969229975822972661e-12 3.341627522202935242e-11 -1.268365504734543046e-11 5.442068598364095700e-12 -1.174045817707283706e-11 -3.783334976057112427e-12 -4.507113369980168117e-12 -1.249598526052276534e-12 1.136956039679456295e-12 -4.093346941196673056e-13 -1.806668645614089719e-12 2.660151808310218283e-12 5.273999454793531067e-12 7.674728395986684700e-12 1.371742915028613134e-11 2.546924410106185128e-11 1.103028984570553570e-11 7.325908079294928063e-12 4.925904644936656725e-12 1.711104523495646481e-12 1.751416952169309964e-13 -2.931705903266957394e-12 -2.489752622688295012e-12 -2.031700595188928897e-13 -3.004811043446730459e-13 2.181883318085089753e-13
1.523777799173077940e-11 3.780003624602981216e-11 -1.265999791992852920e-11 2.383458274399588446e-11 -8.483568176469916231e-12 1.514952028359338472e-12 8.910079395363191208e-13 -3.801235403988298819e-12 3.149747932321046827e-12 3.012016406031046816e-12 -1.040527260868875810e-12 -7.271896288002597263e-13 2.411025825042010203e-12 3.134116196989108015e-12 5.472297396015974781e-12 1.103028984570553570e-11 2.609876288044066396e-11 1.612024074653564482e-11 9.857303370356197078e-12 3.344486035297168505e-12 2.127520273021025681e-12 -1.829473688778921380e-12 -1.998940915972525703e-12 -3.440583640433641932e-13 -1.890914368781813299e-12 -1.230328442690835595e-12
-6.794530781394919353e-12 3.823050850706189896e-11 -3.921673471511473381e-12 1.974140324731130933e-11 -2.776152580992518744e-12 -1.276490408670630344e-12 8.363383514192031326e-13 6.678515752017676955e-12 1.715154480808564019e-12 4.188679025266676610e-12 1.179025612862003364e-12 -3.190364252570692237e-13 7.730965070945778710e-13 6.538637076114282385e-13 3.868747724216081932e-12 7.325908079294928063e-12 1.612024074653564482e-11 2.650569169618992057e-11 1.535991858582957927e-11 7.192722275225444049e-12 2.503112955498196336e-12 -7.564862385117924312e-13 -8.287324105212971602e-13 -1.554625044320875213e-13 -1.228888295203959204e-12 -1.741254112189487084e-14
-4.377160836880549945e-12 8.617726956631913827e-12 -6.643848214712785269e-12 2.730792983905882333e-11 -5.143861746994692948e-12 1.034534797161913813e-12 3.065136023572510154e-12 7.132060711296857532e-12 3.739120885300590600e-12 2.319282241803067326e-12 -1.186828638525486889e-13 -2.011850086685932306e-13 -1.813909726554222424e-13 -4.648351531907749905e-13 1.172590776807925001e-12 4.925904644936656725e-12 9.857303370356197078e-12 1.535991858582957927e-11 2.228283465809316029e-11 1.148493422554122616e-11 5.264844562337365527e-12 -4.151608426478199540e-13 -1.208280037332400605e-12 -5.905578063960948240e-13 -2.299605523025105050e-12 -9.713381207248207117e-13
-6.873401244660831964e-12 1.045752354692623288e-11 -1.103950284777896875e-11 4.947250120644124671e-12 3.178667812886196587e-12 1.691642691280818958e-13 3.362116751341126706e-12 4.745781493115294232e-12 3.416364607689030348e-12 2.945536018446182288e-12 2.391872013481078551e-12 5.219288171487582733e-13 1.026711976679197347e-12 -1.900285324840223180e-12 -8.811893015183189982e-13 1.711104523495646481e-12 3.344486035297168505e-12 7.192722275225444049e-12 1.148493422554122616e-11 1.807330835598808699e-11 9.711723568341141326e-12 2.883921817488475384e-12 1.109791339738431037e-13 -7.447372236028457283e-13 -2.274902274489316169e-12 -1.710849304654433150e-12
1.833721091635287653e-11 1.998335507635382301e-12 -1.207862946462941361e-11 -7.328449515147351222e-12 2.354558679568006845e-12 1.127865425188944434e-12 -1.390765352543070344e-12 2.050007840703413664e-12 -8.784759614129686817e-14 2.006536653002797431e-12 -1.010565917806501427e-12 -2.569274015894157031e-12 3.703212435382847704e-13 -2.365312710956780766e-12 -9.976200587622789648e-13 1.751416952169309964e-13 2.127520273021025681e-12 2.503112955498196336e-12 5.264844562337365527e-12 9.711723568341141326e-12 1.613583020929224856e-11 8.278466856916278198e-12 1.817382484793462106e-12 -4.004203401120265674e-13 -1.051961189164957025e-12 -1.389975346585509545e-12
1.966363027906589568e-11 -1.049480166875222671e-11 -6.847141759302083453e-12 -9.819134293591194489e-12 4.706501286318869414e-12 4.958466839841608330e-12 -1.084847881341129167e-12 3.974811812398799157e-12 -1.140182729457458674e-12 3.700006312566296421e-12 3.704368397151510444e-12 -2.485166109860897804e-12 1.885109779595256998e-12 -1.432146892682252340e-12 -3.018814755182645252e-12 -2.931705903266957394e-12 -1.829473688778921380e-12 -7.564862385117924312e-13 -4.151608426478199540e-13 2.883921817488475384e-12 8.278466856916278198e-12 1.709018082700503679e-11 8.833614322274685484e-12 2.111359205075422259e-12 1.306082213271245340e-13 -1.196436519714275812e-12
7.089756902069838640e-12 -9.184538048056327555e-12 -3.959279875433842899e-12 -9.975197950510980497e-12 -2.943191702563726629e-12 -1.745249818676153690e-12 -3.390920979420050117e-12 3.194779620459671584e-14 -3.148110040393434186e-12 3.361081066434889147e-12 3.401109696807841014e-12 3.639787743294556388e-13 1.317422274902690516e-12 -1.079802406010504433e-12 -1.815404233614994127e-12 -2.489752622688295012e-12 -1.998940915972525703e-12 -8.287324105212971602e-13 -1.208280037332400605e-12 1.109791339738431037e-13 1.817382484793462106e-12 8.833614322274685484e-12 1.496100956835983473e-11 5.679196805961278270e-12 4.987018329188107663e-13 -7.581002832268239672e-13
6.412984615455697921e-12 -2.809597107631000862e-12 -6.787518553979533325e-12 -4.618517847998365054e-12 2.489479891271238335e-12 -8.256220564510563912e-12 -8.984378707772820921e-13 6.407265378960288314e-13 -2.813924867897532998e-12 -1.910023881519476292e-12 -7.430025281429143470e-13 1.100007947038805996e-12 -7.229231697062315165e-13 -1.978974914525951927e-12 -8.619417661580370952e-13 -2.031700595188928897e-13 -3.440583640433641932e-13 -1.554625044320875213e-13 -5.905578063960948240e-13 -7.447372236028457283e-13 -4.004203401120265674e-13 2.111359205075422259e-12 5.679196805961278270e-12 1.134382166447221525e-11 3.929261975148836863e-12 2.138930148251216078e-13
-1.187316094384201759e-11 -4.885282031869865767e-12 7.930305519911443167e-12 -1.226533164410804253e-11 1.074733584523178779e-12 -3.843459400400368260e-12 -2.389789636497204625e-14 1.046407382340786559e-12 -2.222880162867764590e-12 -3.086009449615496098e-12 -2.996870063532095998e-12 -8.552009237300918258e-13 -1.265703058075596191e-12 5.390731768610189996e-14 1.043564212123556744e-12 -3.004811043446730459e-13 -1.890914368781813299e-12 -1.228888295203959204e-12 -2.299605523025105050e-12 -2.274902274489316169e-12 -1.051961189164957025e-12 1.306082213271245340e-13 4.987018329188107663e-13 3.929261975148836863e-12 9.716460826159218959e-12 2.971465659089438995e-12
-7.073515095492216580e-12 2.848000560356019648e-12 1.005081672411051983e-11 3.551202241729615935e-13 6.364021882149925103e-12 3.683729394828675779e-12 1.763588055883652743e-12 1.181228705604126701e-12 -5.410472135277316913e-12 -2.388954413234324698e-12 -2.752062998949722560e-12 -7.302647041154715879e-13 -8.155427941492721387e-13 1.652759564497797757e-12 1.706605405615402331e-12 2.181883318085089753e-13 -1.230328442690835595e-12 -1.741254112189487084e-14 -9.713381207248207117e-13 -1.710849304654433150e-12 -1.389975346585509545e-12 -1.196436519714275812e-12 -7.581002832268239672e-13 2.138930148251216078e-13 2.971465659089438995e-12 7.966191936300292776e-12
