3.069719653671739674e-09 8.402018399658550247e-11 -1.355781678096190450e-11 5.317265882573697417e-11 4.664978028947726836e-11 6.681946764323612119e-11 -3.959689477111444756e-11 -1.481613665193192354e-11 9.691937219544527788e-12 -1.655756315565271581e-11 -3.938471925871697732e-11 5.221816426683028218e-12 8.514759157748870332e-12 -5.572321959499183972e-12 1.738932478686430604e-11 -1.024502272206031830e-11 -1.623986368657246673e-11 -3.946535808498042712e-12 -1.729121174276392012e-11 -3.480651619984308048e-11 -1.029282822979448510e-11 2.032150759779950261e-12 5.430263876053979705e-12 -9.383843460120016502e-12 -4.472532783282657331e-12 1.922031330699287101e-11
8.402018399658550247e-11 2.252551202356484963e-09 8.443148228839986682e-12 8.385139123589574997e-11 5.989768335438089393e-11 -3.833683666981141646e-11 -9.834741631493182304e-13 8.397544991337523337e-12 3.744444570221309709e-12 -1.007607337287291942e-11 -3.150430034104922436e-11 4.846701312749967728e-11 -1.610793878868141529e-11 1.195365361694314101e-11 -3.437221303784641010e-12 -1.200900511550930523e-11 3.577111471405446193e-12 1.185949351179253237e-11 -4.072459429863376976e-13 -9.167503922641956983e-12 -3.122705440716701759e-12 -3.806419686872877616e-12 -6.550302429153715976e-12 -9.363735444228688208e-12 -3.495852793589258057e-13 -8.009891185137988377e-13
-1.355781678096190450e-11 8.443148228839986682e-12 1.401782470030342157e-09 7.742604006448887417e-11 4.309759642398830278e-11 4.168649560707726041e-11 -1.700736121194949619e-11 -2.286631553863163528e-11 7.047815370086288575e-12 4.485700863014239622e-11 2.913844371645513513e-11 4.210672973621463898e-11 7.038548227891102545e-11 -1.552372590237333364e-12 7.899298471679472054e-12 -8.199825587996573007e-12 1.111878426544354972e-11 1.347663431674594774e-12 -9.600057466935983772e-12 2.453243507327316274e-12 -5.041811241262702645e-12 4.315416968544137314e-12 -8.573558801001252236e-12 -7.112329009728835172e-12 8.409933844849529717e-12 2.287491673815746093e-12
5.317265882573697417e-11 8.385139123589574997e-11 7.742604006448887417e-11 8.708676056551945577e-10 9.502782701431510982e-11 1.071966025335730014e-10 1.590649127485941599e-11 -3.756798718126001860e-12 2.002600970751457522e-11 -9.483335838538913686e-13 1.015411352210577809e-11 5.356961018344167954e-13 9.313843357069781974e-12 -5.268322474113030675e-12 -3.877258746059799031e-13 1.393412109708566966e-11 -3.535215144324061103e-12 3.208710593858139432e-12 9.711327916316063649e-12 1.641747353131284002e-11 6.198983003068195072e-12 5.164119583383373493e-12 4.255073907978372479e-12 -5.924522275913931163e-13 -3.623906646556881036e-12 -5.020386119707432638e-12
4.664978028947726836e-11 5.989768335438089393e-11 4.309759642398830278e-11 9.502782701431510982e-11 6.082703284721434674e-10 5.475692093411479266e-11 -1.125035984383174896e-11 -2.218543790847332116e-11 7.161310654960198922e-12 4.373505954958781867e-12 6.932689018264399397e-12 1.399470908053518905e-11 1.414166717825088872e-11 9.534878212820703374e-12 8.202756552018078058e-12 -6.006929745531863145e-12 -3.078619753278575513e-12 -1.169135336369661953e-11 -1.148305231829281303e-11 -8.937163419857868897e-13 -1.443812911035070475e-11 -1.149092605092451199e-11 -4.617740194397692297e-13 3.415021422412851813e-12 2.435988402553119101e-12 -1.395976118297400591e-12
6.681946764323612119e-11 -3.833683666981141646e-11 4.168649560707726041e-11 1.071966025335730014e-10 5.475692093411479266e-11 3.904604956709909699e-10 7.757441287601624195e-11 3.650744444703760928e-11 3.833329404901149821e-11 2.784433919069877893e-11 -8.192795488965645913e-12 -8.064001602655148474e-12 -5.988278814248715277e-13 -1.164104805922148747e-11 -4.805133414058861138e-12 7.806792996071749981e-14 -8.814600239223142988e-13 1.281438919681453052e-12 -9.258020479778141395e-13 -7.696300034659830387e-12 -5.684623361007084789e-12 3.172856496924007190e-12 6.207430572660003250e-13 6.326264577422103944e-12 7.687569561038018325e-12 4.596764398785595069e-12
-3.959689477111444756e-11 -9.834741631493182304e-13 -1.700736121194949619e-11 1.590649127485941599e-11 -1.125035984383174896e-11 7.757441287601624195e-11 3.130323548540173039e-10 2.480898885003001017e-11 3.350019415315778585e-11 3.522603541148836558e-11 5.851770641284710952e-12 9.669815196877298417e-12 2.914329279689128311e-12 -2.048990118277540934e-12 -1.303299301696373468e-12 -1.594109682346246732e-12 2.288595552628994474e-12 -3.162839432625592630e-12 -7.574185810271129999e-13 -1.805932695213087321e-12 -5.030789198297414464e-12 -3.789759716606002215e-12 5.264485936786799458e-13 -2.644582986022833680e-13 -2.371301075543380940e-12 3.738347368750645442e-12
-1.481613665193192354e-11 8.397544991337523337e-12 -2.286631553863163528e-11 -3.756798718126001860e-12 -2.218543790847332116e-11 3.650744444703760928e-11 2.480898885003001017e-11 1.809997562057818406e-10 3.668069672603898119e-11 2.059142007848116695e-11 5.051313615907774780e-12 4.946716408488626089e-12 3.249316963815856942e-12 2.411580924556634259e-12 2.933897900031480370e-12 -5.238054229633843876e-12 -4.960736247783590531e-12 -1.770360587455522358e-12 -1.362120860993782005e-12 -6.645829699998964403e-13 1.239102902319198655e-12 3.126793421447622581e-12 3.110514750083373037e-13 2.428053987919585567e-12 1.383538970306898094e-12 7.787654013046734412e-13
9.691937219544527788e-12 3.744444570221309709e-12 7.047815370086288575e-12 2.002600970751457522e-11 7.161310654960198922e-12 3.833329404901149821e-11 3.350019415315778585e-11 3.668069672603898119e-11 1.617451342167672865e-10 4.223138127263833721e-11 2.199594749177561940e-11 1.775660018878110829e-11 -1.657722355619949973e-12 -2.849955214348605456e-12 -3.021618165955966206e-13 3.128429659388067812e-12 -2.632478735913256130e-12 -1.243299038563306965e-12 -1.249497561564880278e-12 5.731040144476824243e-13 1.692185830260397041e-12 -2.578666467836623511e-12 -1.901945046382212459e-12 2.389101193330280934e-13 6.702026457605481284e-13 2.294054890561582349e-12
-1.655756315565271581e-11 -1.007607337287291942e-11 4.485700863014239622e-11 -9.483335838538913686e-13 4.373505954958781867e-12 2.784433919069877893e-11 3.522603541148836558e-11 2.059142007848116695e-11 4.223138127263833721e-11 1.059500299127393838e-10 2.204059208058050522e-11 1.506410951631631028e-11 9.622313573658553835e-12 1.589788574892502487e-12 1.437370374961819615e-12 6.520128139026422626e-15 -2.827632043947093459e-12 -4.897162464281364463e-12 -7.114510152386430032e-12 -6.516135772654119948e-12 -1.712368449107050064e-12 -4.013101195624982995e-12 -1.724729954632451178e-12 -1.114560818120569996e-12 -1.882135873848054806e-12 1.996309720114966748e-13
-3.938471925871697732e-11 -3.150430034104922436e-11 2.913844371645513513e-11 1.015411352210577809e-11 6.932689018264399397e-12 -8.192795488965645913e-12 5.851770641284710952e-12 5.051313615907774780e-12 2.199594749177561940e-11 2.204059208058050522e-11 8.109381030324843554e-11 2.515431537400676202e-11 9.007366254113840276e-12 5.935637938400459163e-12 6.356224561031919970e-12 5.336529057236659805e-12 5.983967834717846633e-12 -7.680888817110616555e-14 -1.199766798122774201e-12 2.856072128356391945e-12 2.300376896502660343e-12 1.784616461369893468e-12 2.113834149624129274e-12 2.518883426311780946e-13 -6.140761983568571819e-13 -7.799802028302294537e-13
5.221816426683028218e-12 4.846701312749967728e-11 4.210672973621463898e-11 5.356961018344167954e-13 1.399470908053518905e-11 -8.064001602655148474e-12 9.669815196877298417e-12 4.946716408488626089e-12 1.775660018878110829e-11 1.506410951631631028e-11 2.515431537400676202e-11 5.957755137836239418e-11 2.173978405965070692e-11 8.464310082418267160e-12 6.985355405225470177e-12 2.717378876968183003e-12 3.763155381811795234e-12 2.154074243602841171e-12 -3.080190575126712875e-12 1.837365910822981315e-12 5.238247038794805772e-13 3.682647284345623892e-13 2.864445653124529654e-12 1.744692492091655278e-12 6.269407493343739418e-13 -1.697792507668718109e-13
8.514759157748870332e-12 -1.610793878868141529e-11 7.038548227891102545e-11 9.313843357069781974e-12 1.414166717825088872e-11 -5.988278814248715277e-13 2.914329279689128311e-12 3.249316963815856942e-12 -1.657722355619949973e-12 9.622313573658553835e-12 9.007366254113840276e-12 2.173978405965070692e-11 5.351908701100290709e-11 2.147868846669672826e-11 1.117632145176835848e-11 3.958750659683482980e-12 3.812871183051694456e-12 7.027064874674695811e-13 -2.115933901985744482e-12 -7.234677564266512894e-13 -7.705274681988024658e-13 -7.915997896180158080e-13 -2.255590043431549105e-12 -2.164486486694798835e-12 -1.884510383581959908e-12 -4.649543035034315083e-13
-5.572321959499183972e-12 1.195365361694314101e-11 -1.552372590237333364e-12 -5.268322474113030675e-12 9.534878212820703374e-12 -1.164104805922148747e-11 -2.048990118277540934e-12 2.411580924556634259e-12 -2.849955214348605456e-12 1.589788574892502487e-12 5.935637938400459163e-12 8.464310082418267160e-12 2.147868846669672826e-11 4.041537989056411784e-11 1.694098412874737731e-11 9.120231681079264111e-12 5.207309526861647599e-12 1.143863002866611427e-12 -3.785583241999355503e-13 8.684097687230982530e-13 -5.301272737502258442e-13 -2.092607259727633840e-12 -6.382062931365823104e-13 -1.445828578220937600e-12 -1.425692152488188349e-12 -1.113119175460680769e-12
1.738932478686430604e-11 -3.437221303784641010e-12 7.899298471679472054e-12 -3.877258746059799031e-13 8.202756552018078058e-12 -4.805133414058861138e-12 -1.303299301696373468e-12 2.933897900031480370e-12 -3.021618165955966206e-13 1.437370374961819615e-12 6.356224561031919970e-12 6.985355405225470177e-12 1.117632145176835848e-11 1.694098412874737731e-11 3.018146775502635183e-11 1.388738063099694726e-11 6.355397810869446986e-12 2.070282936372672398e-12 1.120641322630283693e-13 4.267491692335438750e-12 2.890322349126586020e-12 1.742707237909206586e-12 9.793376146818847357e-13 9.219450073327948401e-13 1.761865952105231940e-12 6.511303450392636449e-13
-1.024502272206031830e-11 -1.200900511550930523e-11 -8.199825587996573007e-12 1.393412109708566966e-11 -6.006929745531863145e-12 7.806792996071749981e-14 -1.594109682346246732e-12 -5.238054229633843876e-12 3.128429659388067812e-12 6.520128139026422626e-15 5.336529057236659805e-12 2.717378876968183003e-12 3.958750659683482980e-12 9.120231681079264111e-12 1.388738063099694726e-11 3.300863374137220795e-11 1.663764918907287003e-11 6.909817780849148464e-12 3.946265794046656231e-12 4.345066295002917978e-12 1.148971080396080126e-12 -6.150099668701925809e-13 -1.006114460821225428e-12 -1.618441266870993094e-13 5.295789492261487585e-13 1.336124852989187930e-12
-1.623986368657246673e-11 3.577111471405446193e-12 1.111878426544354972e-11 -3.535215144324061103e-12 -3.078619753278575513e-12 -8.814600239223142988e-13 2.288595552628994474e-12 -4.960736247783590531e-12 -2.632478735913256130e-12 -2.827632043947093459e-12 5.983967834717846633e-12 3.763155381811795234e-12 3.812871183051694456e-12 5.207309526861647599e-12 6.355397810869446986e-12 1.663764918907287003e-11 3.317367558294889543e-11 1.709452250783101496e-11 3.824961607255570320e-12 5.562265770608868573e-13 -1.931401623433446500e-12 -6.112840161644584705e-13 -4.750348527061172533e-13 -1.704113112917271296e-12 -7.322454128218925212e-13 5.351895769324881061e-13
-3.946535808498042712e-12 1.185949351179253237e-11 1.347663431674594774e-12 3.208710593858139432e-12 -1.169135336369661953e-11 1.281438919681453052e-12 -3.162839432625592630e-12 -1.770360587455522358e-12 -1.243299038563306965e-12 -4.897162464281364463e-12 -7.680888817110616555e-14 2.154074243602841171e-12 7.027064874674695811e-13 1.143863002866611427e-12 2.070282936372672398e-12 6.909817780849148464e-12 1.709452250783101496e-11 2.478194753680013495e-11 1.146960196518390649e-11 2.655211264063106274e-12 2.030143851386220938e-13 1.636589050085640107e-12 4.369844614843368369e-13 -9.386103782195608121e-13 -1.469491586455338225e-13 5.309379561310096741e-13
-1.729121174276392012e-11 -4.072459429863376976e-13 -9.600057466935983772e-12 9.711327916316063649e-12 -1.148305231829281303e-11 -9.258020479778141395e-13 -7.574185810271129999e-13 -1.362120860993782005e-12 -1.249497561564880278e-12 -7.114510152386430032e-12 -1.199766798122774201e-12 -3.080190575126712875e-12 -2.115933901985744482e-12 -3.785583241999355503e-13 1.120641322630283693e-13 3.946265794046656231e-12 3.824961607255570320e-12 1.146960196518390649e-11 2.043892389126068995e-11 8.421016669439975960e-12 2.298190318577244366e-12 1.714549428758597098e-12 -9.826985980976060052e-13 -1.782446367804026747e-12 -2.236344143220004025e-13 1.497572753224497118e-13
-3.480651619984308048e-11 -9.167503922641956983e-12 2.453243507327316274e-12 1.641747353131284002e-11 -8.937163419857868897e-13 -7.696300034659830387e-12 -1.805932695213087321e-12 -6.645829699998964403e-13 5.731040144476824243e-13 -6.516135772654119948e-12 2.856072128356391945e-12 1.837365910822981315e-12 -7.234677564266512894e-13 8.684097687230982530e-13 4.267491692335438750e-12 4.345066295002917978e-12 5.562265770608868573e-13 2.655211264063106274e-12 8.421016669439975960e-12 2.418983525061374493e-11 9.557138779156630144e-12 4.114528396056855994e-12 8.704089340070664029e-13 -7.163331073808725367e-13 2.420784509883256633e-13 1.008139747762217788e-12
-1.029282822979448510e-11 -3.122705440716701759e-12 -5.041811241262702645e-12 6.198983003068195072e-12 -1.443812911035070475e-11 -5.684623361007084789e-12 -5.030789198297414464e-12 1.239102902319198655e-12 1.692185830260397041e-12 -1.712368449107050064e-12 2.300376896502660343e-12 5.238247038794805772e-13 -7.705274681988024658e-13 -5.301272737502258442e-13 2.890322349126586020e-12 1.148971080396080126e-12 -1.931401623433446500e-12 2.030143851386220938e-13 2.298190318577244366e-12 9.557138779156630144e-12 1.694186583607088717e-11 5.985486932603015269e-12 1.228683905057137504e-12 -8.400186772958898044e-13 -2.034980871749272310e-13 9.297121918984003627e-13
2.032150759779950261e-12 -3.806419686872877616e-12 4.315416968544137314e-12 5.164119583383373493e-12 -1.149092605092451199e-11 3.172856496924007190e-12 -3.789759716606002215e-12 3.126793421447622581e-12 -2.578666467836623511e-12 -4.013101195624982995e-12 1.784616461369893468e-12 3.682647284345623892e-13 -7.915997896180158080e-13 -2.092607259727633840e-12 1.742707237909206586e-12 -6.150099668701925809e-13 -6.112840161644584705e-13 1.636589050085640107e-12 1.714549428758597098e-12 4.114528396056855994e-12 5.985486932603015269e-12 1.354288902494750362e-11 3.911134669284427525e-12 1.977194084492299832e-14 8.029981419214488461e-13 9.648819741486317795e-13
5.430263876053979705e-12 -6.550302429153715976e-12 -8.573558801001252236e-12 4.255073907978372479e-12 -4.617740194397692297e-13 6.207430572660003250e-13 5.264485936786799458e-13 3.110514750083373037e-13 -1.901945046382212459e-12 -1.724729954632451178e-12 2.113834149624129274e-12 2.864445653124529654e-12 -2.255590043431549105e-12 -6.382062931365823104e-13 9.793376146818847357e-13 -1.006114460821225428e-12 -4.750348527061172533e-13 4.369844614843368369e-13 -9.826985980976060052e-13 8.704089340070664029e-13 1.228683905057137504e-12 3.911134669284427525e-12 8.468817291002213552e-12 2.077835347316502603e-12 7.928616005022399259e-13 6.020391412388646833e-13
-9.383843460120016502e-12 -9.363735444228688208e-12 -7.112329009728835172e-12 -5.924522275913931163e-13 3.415021422412851813e-12 6.326264577422103944e-12 -2.644582986022833680e-13 2.428053987919585567e-12 2.389101193330280934e-13 -1.114560818120569996e-12 2.518883426311780946e-13 1.744692492091655278e-12 -2.164486486694798835e-12 -1.445828578220937600e-12 9.219450073327948401e-13 -1.618441266870993094e-13 -1.704113112917271296e-12 -9.386103782195608121e-13 -1.782446367804026747e-12 -7.163331073808725367e-13 -8.400186772958898044e-13 1.977194084492299832e-14 2.077835347316502603e-12 8.801996461469985486e-12 3.282738779232012630e-12 5.105990660033686197e-13
-4.472532783282657331e-12 -3.495852793589258057e-13 8.409933844849529717e-12 -3.623906646556881036e-12 2.435988402553119101e-12 7.687569561038018325e-12 -2.371301075543380940e-12 1.383538970306898094e-12 6.702026457605481284e-13 -1.882135873848054806e-12 -6.140761983568571819e-13 6.269407493343739418e-13 -1.884510383581959908e-12 -1.425692152488188349e-12 1.761865952105231940e-12 5.295789492261487585e-13 -7.322454128218925212e-13 -1.469491586455338225e-13 -2.236344143220004025e-13 2.420784509883256633e-13 -2.034980871749272310e-13 8.029981419214488461e-13 7.928616005022399259e-13 3.282738779232012630e-12 6.885394996329781109e-12 9.870743358004991021e-13
1.922031330699287101e-11 -8.009891185137988377e-13 2.287491673815746093e-12 -5.020386119707432638e-12 -1.395976118297400591e-12 4.596764398785595069e-12 3.738347368750645442e-12 7.787654013046734412e-13 2.294054890561582349e-12 1.996309720114966748e-13 -7.799802028302294537e-13 -1.697792507668718109e-13 -4.649543035034315083e-13 -1.113119175460680769e-12 6.511303450392636449e-13 1.336124852989187930e-12 5.351895769324881061e-13 5.309379561310096741e-13 1.497572753224497118e-13 1.008139747762217788e-12 9.297121918984003627e-13 9.648819741486317795e-13 6.020391412388646833e-13 5.105990660033686197e-13 9.870743358004991021e-13 3.625318547749085363e-12
