3.996558702801138887e-09 2.206741229606469673e-10 1.163152432051821824e-10 1.772649056746208986e-10 -4.524122876221734492e-11 -7.540934691349442640e-12 1.386597316705673235e-11 -5.691892096244550233e-12 -8.154674898336376562e-11 7.622611168934873694e-11 6.886485368513594149e-11 4.218310946724424076e-11 3.739164920481845153e-11 2.655150309201761326e-11 -8.753830987191906559e-12 -1.685970718294484062e-11 -2.838219978678238714e-11 3.189344836819955133e-12 4.531702731673634339e-12 -2.884980957259187366e-11 -1.963516656472490326e-11 3.176645351492579098e-12 1.238428272678263781e-12 -1.621002973985987479e-11 -6.445311345487896669e-12 -7.306086284772512789e-13
2.206741229606469673e-10 2.352079250356844659e-09 -1.385305029213687005e-10 1.033269359515986078e-10 -2.978273084515378542e-11 -7.240066113101873056e-11 1.323380631486665399e-10 1.124287843429701223e-11 -1.841647195119776086e-11 3.785772264212210742e-11 6.195640963826404906e-12 -3.521235625420867746e-11 -1.073309636015185951e-12 1.815812550694125917e-11 -2.354543299327458449e-11 1.001223884573509180e-11 -5.713934179395775964e-12 -2.072552030618633244e-12 -9.643520606536453934e-12 -1.158165340519567488e-11 2.824907998491485401e-11 1.150958314899278575e-11 -8.085936074646559954e-12 -4.382451915663174271e-12 2.855600274564889494e-12 -5.257947722367556797e-12
1.163152432051821824e-10 -1.385305029213687005e-10 1.245988234938030163e-09 5.090058278764775108e-11 9.041580531799194244e-11 2.201094866441925417e-11 -6.872287538859743992e-11 -1.585168072576393258e-11 3.623378350938694608e-11 -2.347966143417386936e-11 2.114891144302073409e-11 8.528871958143785691e-13 3.504274263634843215e-14 2.683195586457815915e-11 2.772950673795230057e-11 3.054720767012095767e-11 2.535775902059876000e-12 3.443413300556063738e-12 1.207527540969461978e-11 1.146228168938274635e-11 6.811588398421075732e-12 -8.015824164955750653e-13 -1.266640307632294492e-11 -9.025685047250550352e-14 4.988976838670142907e-12 -1.102055854018869405e-12
1.772649056746208986e-10 1.033269359515986078e-10 5.090058278764775108e-11 1.097614520447428374e-09 7.385424870864185224e-12 2.113170753983273619e-11 7.843193879839408259e-11 3.934684459806786706e-11 1.245168767589574340e-11 -7.828621952678879730e-14 -5.434624255038595966e-12 -2.124772357151121340e-11 5.618803923356849428e-12 -2.101081000307293015e-11 -4.478636627856040145e-13 -6.244770395948674625e-12 -2.010827746585161888e-12 -8.611201563061812343e-12 1.149936531913734552e-12 7.006879158792135892e-12 9.219587823822193615e-12 1.614776114737547679e-12 -2.104427798299174583e-12 4.007740266755023327e-12 6.167591982270445737e-12 5.854690370667917990e-12
-4.524122876221734492e-11 -2.978273084515378542e-11 9.041580531799194244e-11 7.385424870864185224e-12 5.105635905855113280e-10 5.189461578266606520e-11 1.980540646573439706e-11 2.694718929387654753e-11 1.793140827466898805e-11 2.121939229587293120e-11 1.343535513251945853e-11 1.220677499473077888e-11 1.346244924224443841e-11 -3.020658281820387271e-12 1.716084053102503991e-11 1.236454623809878436e-11 9.214037895884725748e-12 7.030067776350266610e-12 7.462466737037858415e-12 1.310691463378750051e-11 6.107892542585027373e-12 -1.013802212301274994e-11 -5.244801457434026914e-12 -1.879548620851244959e-12 -2.136476145959545420e-12 -2.693980432079554964e-12
-7.540934691349442640e-12 -7.240066113101873056e-11 2.201094866441925417e-11 2.113170753983273619e-11 5.189461578266606520e-11 4.356780608513623908e-10 8.143477710750160244e-11 3.961181510965537267e-11 1.284010401449393631e-12 4.550931218874087162e-12 1.496346151247292781e-11 5.378316691868672570e-12 8.938557107415935285e-12 -3.634187670285330777e-12 5.119993507038184460e-12 1.179033516042511120e-12 -2.039010343983912590e-12 3.328141352911892614e-12 7.081852059523580134e-12 6.959325290687902886e-12 1.237371268036819227e-11 5.287387073313623572e-12 -8.055664928707071351e-12 -1.120189567589857304e-13 -3.122920144589748737e-12 -1.644376211328975130e-13
1.386597316705673235e-11 1.323380631486665399e-10 -6.872287538859743992e-11 7.843193879839408259e-11 1.980540646573439706e-11 8.143477710750160244e-11 2.879793671172696282e-10 5.755111560014711085e-11 8.984457418671038777e-12 2.170624118725532790e-11 -1.072748619862767444e-11 -1.093127327072096602e-11 -5.147602189545390310e-12 -1.497369626973445880e-11 -1.234082318043591971e-11 -3.786808456010337963e-12 -4.382525928361970968e-12 -5.148383154739306400e-12 -5.713467555570642673e-12 4.386082331483133828e-12 2.552146588499168985e-12 4.592232869691807683e-12 -3.491264728063065672e-12 1.010148571215639284e-12 4.913201781191661679e-12 4.048973556895186434e-12
-5.691892096244550233e-12 1.124287843429701223e-11 -1.585168072576393258e-11 3.934684459806786706e-11 2.694718929387654753e-11 3.961181510965537267e-11 5.755111560014711085e-11 1.870587546975297090e-10 1.927784833825134106e-11 2.680606697440032735e-11 1.027133133909863839e-11 1.877275887627744861e-11 7.536344400703983501e-13 -2.121592167230452948e-12 8.157783966205393385e-13 3.907006876226350333e-12 3.083775645229353276e-12 1.545964759531181463e-12 3.007747872490709714e-13 4.717893264187217490e-12 -2.392764271506938693e-12 -1.741915696705659158e-12 9.608148632551384418e-15 -4.354016602766184276e-13 -9.864569185922280791e-13 -4.770820489902294603e-13
-8.154674898336376562e-11 -1.841647195119776086e-11 3.623378350938694608e-11 1.245168767589574340e-11 1.793140827466898805e-11 1.284010401449393631e-12 8.984457418671038777e-12 1.927784833825134106e-11 1.456715694193361295e-10 3.171020884743680213e-11 1.909866634370512783e-11 1.510422490110057111e-11 6.977048803551065929e-12 4.904866955688891584e-12 2.549864582285873092e-12 4.355680077816439235e-12 6.222765444688016498e-12 -7.211869472472083890e-13 6.967997847435545995e-12 7.606195105764632232e-12 6.400356337625777810e-12 2.507919423129851417e-12 -2.352297905586137664e-12 -1.610389906256875650e-12 1.354545600452449825e-12 -2.391310611945078723e-13
7.622611168934873694e-11 3.785772264212210742e-11 -2.347966143417386936e-11 -7.828621952678879730e-14 2.121939229587293120e-11 4.550931218874087162e-12 2.170624118725532790e-11 2.680606697440032735e-11 3.171020884743680213e-11 8.750141167907592904e-11 1.750519599042275613e-11 5.328537138419056827e-12 5.832165343683829303e-12 1.804522225184660540e-12 -7.753527173174872393e-13 -3.329305724115291191e-13 2.440514835037703474e-12 -8.879231365033607163e-14 4.096993321308452258e-12 3.046072994660302345e-13 1.531108512454382762e-12 1.372351471428731258e-12 -1.065328987974825589e-12 -2.923133546933557373e-12 -2.880691445375544141e-12 -1.049076261215184210e-12
6.886485368513594149e-11 6.195640963826404906e-12 2.114891144302073409e-11 -5.434624255038595966e-12 1.343535513251945853e-11 1.496346151247292781e-11 -1.072748619862767444e-11 1.027133133909863839e-11 1.909866634370512783e-11 1.750519599042275613e-11 6.393535395452362060e-11 2.447500357254323265e-11 1.006597610532683722e-11 6.341436345411556846e-12 4.977152346270170114e-12 3.398887339544862719e-12 3.384166492317318235e-12 1.111178696745380507e-12 3.986970220205809453e-12 1.913301279422994376e-12 3.076776178627085361e-13 6.286061092612646449e-13 -1.705644912801908402e-12 -1.732162357227066012e-12 -1.303889304286963904e-12 -8.014160192834090700e-13
4.218310946724424076e-11 -3.521235625420867746e-11 8.528871958143785691e-13 -2.124772357151121340e-11 1.220677499473077888e-11 5.378316691868672570e-12 -1.093127327072096602e-11 1.877275887627744861e-11 1.510422490110057111e-11 5.328537138419056827e-12 2.447500357254323265e-11 6.697056852366202265e-11 2.049103610065104170e-11 9.715994020535237697e-12 5.684000076146650505e-12 5.399905551687433117e-12 2.742156845489666746e-12 1.411751209539925303e-12 2.675479503252779050e-12 1.535515942057178295e-12 -1.813926915034869503e-13 1.209016566362743697e-12 9.412022668396889442e-13 -1.475884277718810207e-12 -1.033337656097512180e-12 8.167194884298091288e-14
3.739164920481845153e-11 -1.073309636015185951e-12 3.504274263634843215e-14 5.618803923356849428e-12 1.346244924224443841e-11 8.938557107415935285e-12 -5.147602189545390310e-12 7.536344400703983501e-13 6.977048803551065929e-12 5.832165343683829303e-12 1.006597610532683722e-11 2.049103610065104170e-11 3.972959658239401109e-11 1.435891040874908336e-11 6.130696776645640968e-12 3.473302304752379880e-12 1.693941787561103698e-12 6.322020876966918423e-13 9.823209110886706592e-13 1.895702256498640455e-12 3.520184772611925917e-12 1.648906965132007882e-12 -1.575229064238108019e-12 -1.619927912143552558e-12 -5.976548323137082689e-13 9.817287115861214153e-14
2.655150309201761326e-11 1.815812550694125917e-11 2.683195586457815915e-11 -2.101081000307293015e-11 -3.020658281820387271e-12 -3.634187670285330777e-12 -1.497369626973445880e-11 -2.121592167230452948e-12 4.904866955688891584e-12 1.804522225184660540e-12 6.341436345411556846e-12 9.715994020535237697e-12 1.435891040874908336e-11 3.237166944199636157e-11 1.325842761436380545e-11 7.708927741711853688e-12 1.622742263226819637e-12 4.037677666633159171e-13 1.160720367037142946e-12 -1.693072284511738428e-12 5.052307659152260889e-13 6.689156620944683044e-13 -6.105122766142074137e-13 -8.196089495275087978e-13 -1.254499045905125190e-12 -1.351171929394548756e-12
-8.753830987191906559e-12 -2.354543299327458449e-11 2.772950673795230057e-11 -4.478636627856040145e-13 1.716084053102503991e-11 5.119993507038184460e-12 -1.234082318043591971e-11 8.157783966205393385e-13 2.549864582285873092e-12 -7.753527173174872393e-13 4.977152346270170114e-12 5.684000076146650505e-12 6.130696776645640968e-12 1.325842761436380545e-11 3.064575811231572673e-11 1.259423174696858374e-11 7.295715014658732468e-12 4.592989180487040928e-12 1.864960661203231762e-12 -3.070455841310990158e-13 -1.766599757904703453e-13 -5.940939410726016454e-13 -1.165776312976961912e-12 1.651090781686551719e-13 8.225879777449548118e-13 -6.673978038905677311e-14
-1.685970718294484062e-11 1.001223884573509180e-11 3.054720767012095767e-11 -6.244770395948674625e-12 1.236454623809878436e-11 1.179033516042511120e-12 -3.786808456010337963e-12 3.907006876226350333e-12 4.355680077816439235e-12 -3.329305724115291191e-13 3.398887339544862719e-12 5.399905551687433117e-12 3.473302304752379880e-12 7.708927741711853688e-12 1.259423174696858374e-11 2.269753798612848515e-11 1.192202281430114068e-11 7.003095762390690076e-12 3.274428865215721155e-12 1.029880954319529074e-12 -7.004450541647175432e-13 -1.766982611075649615e-12 -4.591902469683397655e-13 9.334469766251520373e-14 9.955243672723768186e-13 3.189162249127625963e-13
-2.838219978678238714e-11 -5.713934179395775964e-12 2.535775902059876000e-12 -2.010827746585161888e-12 9.214037895884725748e-12 -2.039010343983912590e-12 -4.382525928361970968e-12 3.083775645229353276e-12 6.222765444688016498e-12 2.440514835037703474e-12 3.384166492317318235e-12 2.742156845489666746e-12 1.693941787561103698e-12 1.622742263226819637e-12 7.295715014658732468e-12 1.192202281430114068e-11 2.453121814391009791e-11 1.270939113118760065e-11 6.610404418354167128e-12 4.160958501387362041e-12 9.981789561844143286e-13 -1.341192792095368427e-12 -8.424520042445173231e-13 -1.327505122354686375e-12 -8.377475785269450080e-13 -7.997386228543297378e-13
3.189344836819955133e-12 -2.072552030618633244e-12 3.443413300556063738e-12 -8.611201563061812343e-12 7.030067776350266610e-12 3.328141352911892614e-12 -5.148383154739306400e-12 1.545964759531181463e-12 -7.211869472472083890e-13 -8.879231365033607163e-14 1.111178696745380507e-12 1.411751209539925303e-12 6.322020876966918423e-13 4.037677666633159171e-13 4.592989180487040928e-12 7.003095762390690076e-12 1.270939113118760065e-11 2.052273351645034939e-11 1.022864378419632393e-11 3.941905350448856407e-12 1.358311274264769796e-13 -2.131033151834085559e-13 1.177928644987276439e-13 -1.212883668187488785e-12 -2.766723991164930462e-13 -9.404214054906386551e-13
4.531702731673634339e-12 -9.643520606536453934e-12 1.207527540969461978e-11 1.149936531913734552e-12 7.462466737037858415e-12 7.081852059523580134e-12 -5.713467555570642673e-12 3.007747872490709714e-13 6.967997847435545995e-12 4.096993321308452258e-12 3.986970220205809453e-12 2.675479503252779050e-12 9.823209110886706592e-13 1.160720367037142946e-12 1.864960661203231762e-12 3.274428865215721155e-12 6.610404418354167128e-12 1.022864378419632393e-11 2.023570166316121705e-11 1.052138881869524633e-11 2.594382428988591692e-12 2.095505562500608559e-13 -6.904452567587431776e-13 -1.388720801928959158e-12 -3.861664014634140743e-13 -1.825147181808871920e-12
-2.884980957259187366e-11 -1.158165340519567488e-11 1.146228168938274635e-11 7.006879158792135892e-12 1.310691463378750051e-11 6.959325290687902886e-12 4.386082331483133828e-12 4.717893264187217490e-12 7.606195105764632232e-12 3.046072994660302345e-13 1.913301279422994376e-12 1.535515942057178295e-12 1.895702256498640455e-12 -1.693072284511738428e-12 -3.070455841310990158e-13 1.029880954319529074e-12 4.160958501387362041e-12 3.941905350448856407e-12 1.052138881869524633e-11 2.003635683130279542e-11 9.809476703900133601e-12 3.115958614956212652e-12 -5.149090374649097745e-13 -1.258955658745240437e-12 -5.142719180099153725e-13 -1.354462691113083519e-12
-1.963516656472490326e-11 2.824907998491485401e-11 6.811588398421075732e-12 9.219587823822193615e-12 6.107892542585027373e-12 1.237371268036819227e-11 2.552146588499168985e-12 -2.392764271506938693e-12 6.400356337625777810e-12 1.531108512454382762e-12 3.076776178627085361e-13 -1.813926915034869503e-13 3.520184772611925917e-12 5.052307659152260889e-13 -1.766599757904703453e-13 -7.004450541647175432e-13 9.981789561844143286e-13 1.358311274264769796e-13 2.594382428988591692e-12 9.809476703900133601e-12 1.693440222827115105e-11 6.820342741743605333e-12 -1.513721250389919987e-13 -6.090166167832558451e-13 -1.129275400231497259e-12 -1.103127707008461063e-12
3.176645351492579098e-12 1.150958314899278575e-11 -8.015824164955750653e-13 1.614776114737547679e-12 -1.013802212301274994e-11 5.287387073313623572e-12 4.592232869691807683e-12 -1.741915696705659158e-12 2.507919423129851417e-12 1.372351471428731258e-12 6.286061092612646449e-13 1.209016566362743697e-12 1.648906965132007882e-12 6.689156620944683044e-13 -5.940939410726016454e-13 -1.766982611075649615e-12 -1.341192792095368427e-12 -2.131033151834085559e-13 2.095505562500608559e-13 3.115958614956212652e-12 6.820342741743605333e-12 1.383050973243479471e-11 5.990212033582819307e-12 1.284758966000158093e-12 -1.325191931109174555e-12 -1.029881110621814612e-12
1.238428272678263781e-12 -8.085936074646559954e-12 -1.266640307632294492e-11 -2.104427798299174583e-12 -5.244801457434026914e-12 -8.055664928707071351e-12 -3.491264728063065672e-12 9.608148632551384418e-15 -2.352297905586137664e-12 -1.065328987974825589e-12 -1.705644912801908402e-12 9.412022668396889442e-13 -1.575229064238108019e-12 -6.105122766142074137e-13 -1.165776312976961912e-12 -4.591902469683397655e-13 -8.424520042445173231e-13 1.177928644987276439e-13 -6.904452567587431776e-13 -5.149090374649097745e-13 -1.513721250389919987e-13 5.990212033582819307e-12 1.298904535289323546e-11 5.504815931055033205e-12 -3.879011123891393995e-13 -3.644071897990802554e-13
-1.621002973985987479e-11 -4.382451915663174271e-12 -9.025685047250550352e-14 4.007740266755023327e-12 -1.879548620851244959e-12 -1.120189567589857304e-13 1.010148571215639284e-12 -4.354016602766184276e-13 -1.610389906256875650e-12 -2.923133546933557373e-12 -1.732162357227066012e-12 -1.475884277718810207e-12 -1.619927912143552558e-12 -8.196089495275087978e-13 1.651090781686551719e-13 9.334469766251520373e-14 -1.327505122354686375e-12 -1.212883668187488785e-12 -1.388720801928959158e-12 -1.258955658745240437e-12 -6.090166167832558451e-13 1.284758966000158093e-12 5.504815931055033205e-12 8.887394214888090388e-12 1.667695832316466303e-12 -5.028229687092597083e-13
-6.445311345487896669e-12 2.855600274564889494e-12 4.988976838670142907e-12 6.167591982270445737e-12 -2.136476145959545420e-12 -3.122920144589748737e-12 4.913201781191661679e-12 -9.864569185922280791e-13 1.354545600452449825e-12 -2.880691445375544141e-12 -1.303889304286963904e-12 -1.033337656097512180e-12 -5.976548323137082689e-13 -1.254499045905125190e-12 8.225879777449548118e-13 9.955243672723768186e-13 -8.377475785269450080e-13 -2.766723991164930462e-13 -3.861664014634140743e-13 -5.142719180099153725e-13 -1.129275400231497259e-12 -1.325191931109174555e-12 -3.879011123891393995e-13 1.667695832316466303e-12 5.720483078535576768e-12 1.242575537494251126e-12
-7.306086284772512789e-13 -5.257947722367556797e-12 -1.102055854018869405e-12 5.854690370667917990e-12 -2.693980432079554964e-12 -1.644376211328975130e-13 4.048973556895186434e-12 -4.770820489902294603e-13 -2.391310611945078723e-13 -1.049076261215184210e-12 -8.014160192834090700e-13 8.167194884298091288e-14 9.817287115861214153e-14 -1.351171929394548756e-12 -6.673978038905677311e-14 3.189162249127625963e-13 -7.997386228543297378e-13 -9.404214054906386551e-13 -1.825147181808871920e-12 -1.354462691113083519e-12 -1.103127707008461063e-12 -1.029881110621814612e-12 -3.644071897990802554e-13 -5.028229687092597083e-13 1.242575537494251126e-12 4.987167635633617897e-12
