2.750559930459148478e-09 4.766465919088401216e-11 -2.722655684115887435e-11 1.323935151890323165e-10 7.571409098705362086e-11 -3.533401320176515722e-11 1.138881584510885006e-10 1.210121262142510524e-10 3.518992780545887548e-11 3.571416939103290488e-11 -2.480454613002836707e-11 -1.801984737814077197e-11 -2.370132931490207671e-11 1.447414176729706328e-11 -1.424780489935934411e-11 -1.394571412640739239e-11 -5.624037815584367364e-12 1.318795979345490287e-11 2.144856065377970125e-12 2.006262461626565636e-11 1.443366156500819318e-11 3.567484071050815584e-12 5.848761161303699253e-14 1.652981892790802667e-12 3.008823246870662808e-13 5.423731731536558652e-12
4.766465919088401216e-11 1.947678762255098970e-09 -2.786432437399622022e-11 -1.107970593188303240e-11 -6.516294653843536472e-12 -1.363270086073059802e-11 -1.193146365001580793e-11 -2.564981694154687260e-11 9.950147557439188826e-13 -2.070804098416054347e-11 -2.445809332281907283e-11 1.447122485354333698e-12 1.321776564216904241e-11 -7.670822304663830630e-13 1.989731908558813292e-11 1.204302268885711101e-11 1.029513385975680836e-11 6.128978414502534282e-12 -1.517073146404845581e-11 1.918179999301342304e-11 2.054502139620525849e-11 3.949081166226173339e-13 -5.268437040975657456e-12 -5.316632982055471604e-12 4.710421072694495011e-13 3.333029482678050879e-12
-2.722655684115887435e-11 -2.786432437399622022e-11 1.207860813198291867e-09 6.136918286178923867e-11 1.060749051101750449e-11 -1.531745022755548651e-11 -4.232531850638645429e-11 -6.068635202409636835e-13 1.375536497614306517e-11 -2.792035554445158814e-11 -1.295145948956211193e-11 1.570107815366818263e-11 2.443245708516719418e-11 4.828173869769564351e-12 1.460001669357556600e-11 -2.735202844301848743e-12 -5.014844754053737513e-12 5.252916725228737982e-12 7.627550885017915986e-12 -5.045590699276896835e-12 -2.381371473060727988e-12 -1.159607546135550334e-11 -8.306158406564239482e-13 -5.132182821152051982e-12 5.013296660015160089e-12 4.476267892779115805e-12
1.323935151890323165e-10 -1.107970593188303240e-11 6.136918286178923867e-11 7.865830727395860136e-10 7.603176324763291585e-11 3.437770438235432603e-11 3.656277985546641151e-12 -2.630786604650671934e-12 6.872722690197089190e-12 1.477773320806608666e-11 1.530504126494347851e-11 -1.078886048951693049e-11 -8.515590332812711044e-12 2.146859430902766833e-13 1.264996506298405418e-11 -2.435164619383220023e-12 -4.532947187543095765e-12 -3.022435930794175285e-13 -9.043080626306681858e-13 3.234742455087047886e-12 5.741151659507463884e-12 4.852498468094831250e-12 1.235956623505957714e-12 9.484844941578543485e-13 4.088413718267523755e-12 4.252469737711976547e-13
7.571409098705362086e-11 -6.516294653843536472e-12 1.060749051101750449e-11 7.603176324763291585e-11 5.567804782027387565e-10 4.576193704846860182e-11 9.110784696120886804e-12 -1.980614755298609109e-11 -1.259937014572268202e-13 1.306178233882676685e-11 1.855284942533690093e-11 -1.164172713379702125e-11 -5.994464829579232132e-12 -3.143730388745757223e-12 -3.369132529968635688e-12 -7.579134569698872542e-12 -1.395683991240418971e-11 -6.119368782080193187e-12 -1.291532746819412212e-12 -8.610669538973406417e-12 -6.248885585091868342e-12 -8.812766185452769222e-12 2.504218462595095304e-13 9.213806206572351564e-13 1.271494757854501971e-12 4.735846470530864567e-12
-3.533401320176515722e-11 -1.363270086073059802e-11 -1.531745022755548651e-11 3.437770438235432603e-11 4.576193704846860182e-11 4.095155612919524292e-10 1.204462039630805488e-11 3.103045456628206235e-11 1.649966376981922742e-11 1.301591854759199657e-11 1.291009185114624800e-11 -3.942992427048767474e-13 -7.559077881745243621e-12 -9.589743381767910406e-13 -3.483273634008279631e-12 -2.547853738286738862e-12 -8.214544744571315188e-12 -2.726033063786784050e-12 1.071704410822530921e-12 5.511008206753825629e-12 4.372653064841836872e-12 5.302788820242687593e-12 4.344433809267583828e-12 1.115920959813294051e-12 -2.107088253900704132e-12 -3.308200827394716198e-12
1.138881584510885006e-10 -1.193146365001580793e-11 -4.232531850638645429e-11 3.656277985546641151e-12 9.110784696120886804e-12 1.204462039630805488e-11 2.391349988558062660e-10 2.600829783941004013e-11 -1.604471117265803083e-12 1.755515146720132707e-11 5.540017665588198360e-12 -7.724408919891082107e-12 1.166401280948624630e-12 4.903680669767886280e-12 -6.401554529359837281e-12 -9.224405699669982615e-12 -1.081922233009410673e-11 -7.603240935908049268e-12 -5.958937906719380826e-12 -2.939526775039971496e-12 -1.337465070551608397e-12 -2.879652295634078797e-12 -8.250374878193451318e-14 6.485889249797563917e-14 7.174378214495428278e-14 3.611004364834034649e-12
1.210121262142510524e-10 -2.564981694154687260e-11 -6.068635202409636835e-13 -2.630786604650671934e-12 -1.980614755298609109e-11 3.103045456628206235e-11 2.600829783941004013e-11 1.941922909047881136e-10 3.803756653749855877e-11 2.316722997429793733e-11 9.779008126610729950e-12 -3.064665896648641965e-12 -3.410956169999642762e-12 6.993527972214025840e-12 2.487177176120600211e-12 9.083468852658782460e-13 -2.743453805435693561e-12 2.066327903069129809e-12 -4.552452281506491379e-12 1.138366170840791021e-12 1.407416710544787365e-12 -2.032762927777955211e-12 2.267160111297698502e-12 1.486279086628897715e-12 -5.572383896697262856e-13 -1.006656971406122730e-12
3.518992780545887548e-11 9.950147557439188826e-13 1.375536497614306517e-11 6.872722690197089190e-12 -1.259937014572268202e-13 1.649966376981922742e-11 -1.604471117265803083e-12 3.803756653749855877e-11 1.230363106212758919e-10 1.888877111009609837e-11 1.138887491418480548e-11 5.510670706833849550e-12 -6.045066269013393892e-12 1.530888189862757931e-12 -1.809344500936880004e-12 2.295924381540643701e-13 -1.097379816635983648e-12 7.020609299101204358e-12 6.534723023184613990e-12 4.190363697341913711e-12 5.495688922775667275e-13 1.299901885381599361e-12 5.186481444111251195e-14 6.633038661071816947e-13 -5.762351996365039335e-13 -2.093369931604426047e-12
3.571416939103290488e-11 -2.070804098416054347e-11 -2.792035554445158814e-11 1.477773320806608666e-11 1.306178233882676685e-11 1.301591854759199657e-11 1.755515146720132707e-11 2.316722997429793733e-11 1.888877111009609837e-11 8.982830864379779269e-11 1.493639616359656912e-11 1.059689233894638572e-11 7.331236805626846378e-12 4.713888331850727265e-12 -1.382801854359871082e-12 -3.432946687729238823e-13 -1.130082771134308281e-12 -2.178376720688763305e-12 -3.275224004063845998e-12 2.306609659215583059e-12 2.278448855828132027e-12 5.024354746401080016e-14 -1.055235843878632294e-13 4.179958823675014503e-13 -7.841772950312073984e-13 -1.633175389575299300e-12
-2.480454613002836707e-11 -2.445809332281907283e-11 -1.295145948956211193e-11 1.530504126494347851e-11 1.855284942533690093e-11 1.291009185114624800e-11 5.540017665588198360e-12 9.779008126610729950e-12 1.138887491418480548e-11 1.493639616359656912e-11 6.114277111492681850e-11 1.421735900777179902e-11 4.920970380716227985e-13 9.059765550778814107e-13 -2.504750379257787015e-12 -1.684896546055312022e-12 -6.972747682134166031e-13 -8.309743591602945633e-13 -3.261929516174886527e-12 -3.009217452257493140e-12 -3.872954723083064540e-12 -2.194895359361746243e-12 -7.648689142629572861e-13 1.341474158302838031e-12 1.196604934014442241e-12 -4.828675685723845229e-13
-1.801984737814077197e-11 1.447122485354333698e-12 1.570107815366818263e-11 -1.078886048951693049e-11 -1.164172713379702125e-11 -3.942992427048767474e-13 -7.724408919891082107e-12 -3.064665896648641965e-12 5.510670706833849550e-12 1.059689233894638572e-11 1.421735900777179902e-11 4.802818943232787553e-11 1.213388090138001565e-11 7.492666487523009003e-12 1.037952823712097330e-13 -2.713980594647905214e-12 1.647916233836919069e-12 9.968800960142188552e-13 -1.706032485757114166e-13 -1.070599401610910574e-12 -1.771973576707295347e-13 9.297955500103783220e-13 -6.287049709509562341e-13 -6.114362178951116703e-13 3.913717039071871683e-13 -6.191506910065355804e-13
-2.370132931490207671e-11 1.321776564216904241e-11 2.443245708516719418e-11 -8.515590332812711044e-12 -5.994464829579232132e-12 -7.559077881745243621e-12 1.166401280948624630e-12 -3.410956169999642762e-12 -6.045066269013393892e-12 7.331236805626846378e-12 4.920970380716227985e-13 1.213388090138001565e-11 3.872076263358506826e-11 1.161786867825884372e-11 8.864603010300405314e-12 5.001738186507108024e-12 5.539044264422525092e-12 1.507372619923995032e-12 2.112951780147754588e-12 -2.189025180141358520e-13 -7.623746078717541786e-13 3.160158337504460925e-13 8.071304108178738506e-13 1.028020520878899144e-12 1.266523821258559425e-12 2.934751968206140174e-13
1.447414176729706328e-11 -7.670822304663830630e-13 4.828173869769564351e-12 2.146859430902766833e-13 -3.143730388745757223e-12 -9.589743381767910406e-13 4.903680669767886280e-12 6.993527972214025840e-12 1.530888189862757931e-12 4.713888331850727265e-12 9.059765550778814107e-13 7.492666487523009003e-12 1.161786867825884372e-11 2.625856765510040890e-11 1.173039203270480009e-11 7.280256407464132780e-12 2.725548993449794687e-12 2.535311646453615162e-12 2.168067773286838267e-12 5.311576379375881163e-13 1.795201777114253329e-12 8.901569651299426834e-13 2.833703571299569842e-13 -3.909753138719025086e-13 1.221589213019148930e-12 -5.414120840676170832e-13
-1.424780489935934411e-11 1.989731908558813292e-11 1.460001669357556600e-11 1.264996506298405418e-11 -3.369132529968635688e-12 -3.483273634008279631e-12 -6.401554529359837281e-12 2.487177176120600211e-12 -1.809344500936880004e-12 -1.382801854359871082e-12 -2.504750379257787015e-12 1.037952823712097330e-13 8.864603010300405314e-12 1.173039203270480009e-11 2.603479073708266436e-11 1.415898738260133316e-11 5.204504100070373594e-12 4.478535695311633952e-12 2.055504517938708949e-12 1.273054706015295179e-12 1.596396151575035031e-12 2.790571188056361530e-13 1.503540393226015109e-12 9.622924956391854346e-14 1.087560566533936830e-13 -9.491616297951386425e-13
-1.394571412640739239e-11 1.204302268885711101e-11 -2.735202844301848743e-12 -2.435164619383220023e-12 -7.579134569698872542e-12 -2.547853738286738862e-12 -9.224405699669982615e-12 9.083468852658782460e-13 2.295924381540643701e-13 -3.432946687729238823e-13 -1.684896546055312022e-12 -2.713980594647905214e-12 5.001738186507108024e-12 7.280256407464132780e-12 1.415898738260133316e-11 2.622291923352613050e-11 1.226590478854813801e-11 6.503020123844294957e-12 5.204302857896890933e-12 2.710981913597944655e-12 3.220947440019672984e-12 2.397913769023182640e-12 3.032845937884201993e-12 1.469281003190490701e-12 2.008209343895276177e-13 -9.023662208298288830e-13
-5.624037815584367364e-12 1.029513385975680836e-11 -5.014844754053737513e-12 -4.532947187543095765e-12 -1.395683991240418971e-11 -8.214544744571315188e-12 -1.081922233009410673e-11 -2.743453805435693561e-12 -1.097379816635983648e-12 -1.130082771134308281e-12 -6.972747682134166031e-13 1.647916233836919069e-12 5.539044264422525092e-12 2.725548993449794687e-12 5.204504100070373594e-12 1.226590478854813801e-11 2.226293548285636583e-11 1.069000446480964785e-11 5.628897902856582191e-12 2.988957047663398676e-12 2.198974152931010540e-12 1.963249532258221360e-12 1.400983127697617065e-12 1.156829300449824061e-14 2.452020650520595245e-13 6.690156836936298306e-14
1.318795979345490287e-11 6.128978414502534282e-12 5.252916725228737982e-12 -3.022435930794175285e-13 -6.119368782080193187e-12 -2.726033063786784050e-12 -7.603240935908049268e-12 2.066327903069129809e-12 7.020609299101204358e-12 -2.178376720688763305e-12 -8.309743591602945633e-13 9.968800960142188552e-13 1.507372619923995032e-12 2.535311646453615162e-12 4.478535695311633952e-12 6.503020123844294957e-12 1.069000446480964785e-11 1.996362071972222916e-11 9.882690755318624116e-12 4.123138243326926333e-12 3.413738776409922136e-12 2.552649306286798871e-12 1.502466331836011633e-13 -1.005614296655814051e-12 8.201169574681180679e-13 -6.477183779495334679e-13
2.144856065377970125e-12 -1.517073146404845581e-11 7.627550885017915986e-12 -9.043080626306681858e-13 -1.291532746819412212e-12 1.071704410822530921e-12 -5.958937906719380826e-12 -4.552452281506491379e-12 6.534723023184613990e-12 -3.275224004063845998e-12 -3.261929516174886527e-12 -1.706032485757114166e-13 2.112951780147754588e-12 2.168067773286838267e-12 2.055504517938708949e-12 5.204302857896890933e-12 5.628897902856582191e-12 9.882690755318624116e-12 1.662030514546776102e-11 8.453889638616608838e-12 5.318347084010310169e-12 3.095766459656453778e-12 2.122551484736713527e-13 -9.128672997767577490e-13 3.587180480389456547e-13 -4.130497369925156993e-13
2.006262461626565636e-11 1.918179999301342304e-11 -5.045590699276896835e-12 3.234742455087047886e-12 -8.610669538973406417e-12 5.511008206753825629e-12 -2.939526775039971496e-12 1.138366170840791021e-12 4.190363697341913711e-12 2.306609659215583059e-12 -3.009217452257493140e-12 -1.070599401610910574e-12 -2.189025180141358520e-13 5.311576379375881163e-13 1.273054706015295179e-12 2.710981913597944655e-12 2.988957047663398676e-12 4.123138243326926333e-12 8.453889638616608838e-12 1.489154117319252155e-11 6.726821154095611193e-12 2.777402315244420868e-12 2.120216092042140973e-13 -6.471619056939622965e-13 1.976538039429957424e-13 -1.015531002625476704e-12
1.443366156500819318e-11 2.054502139620525849e-11 -2.381371473060727988e-12 5.741151659507463884e-12 -6.248885585091868342e-12 4.372653064841836872e-12 -1.337465070551608397e-12 1.407416710544787365e-12 5.495688922775667275e-13 2.278448855828132027e-12 -3.872954723083064540e-12 -1.771973576707295347e-13 -7.623746078717541786e-13 1.795201777114253329e-12 1.596396151575035031e-12 3.220947440019672984e-12 2.198974152931010540e-12 3.413738776409922136e-12 5.318347084010310169e-12 6.726821154095611193e-12 1.203629187547023973e-11 5.298165486166526743e-12 7.585745609471199382e-13 -1.558072982168832213e-13 2.999529877725094195e-13 -1.100397040567412845e-12
3.567484071050815584e-12 3.949081166226173339e-13 -1.159607546135550334e-11 4.852498468094831250e-12 -8.812766185452769222e-12 5.302788820242687593e-12 -2.879652295634078797e-12 -2.032762927777955211e-12 1.299901885381599361e-12 5.024354746401080016e-14 -2.194895359361746243e-12 9.297955500103783220e-13 3.160158337504460925e-13 8.901569651299426834e-13 2.790571188056361530e-13 2.397913769023182640e-12 1.963249532258221360e-12 2.552649306286798871e-12 3.095766459656453778e-12 2.777402315244420868e-12 5.298165486166526743e-12 9.161239842022812912e-12 3.314006261905494828e-12 8.749318139122904590e-13 -6.011171867739890031e-14 -8.560171709968350975e-13
5.848761161303699253e-14 -5.268437040975657456e-12 -8.306158406564239482e-13 1.235956623505957714e-12 2.504218462595095304e-13 4.344433809267583828e-12 -8.250374878193451318e-14 2.267160111297698502e-12 5.186481444111251195e-14 -1.055235843878632294e-13 -7.648689142629572861e-13 -6.287049709509562341e-13 8.071304108178738506e-13 2.833703571299569842e-13 1.503540393226015109e-12 3.032845937884201993e-12 1.400983127697617065e-12 1.502466331836011633e-13 2.122551484736713527e-13 2.120216092042140973e-13 7.585745609471199382e-13 3.314006261905494828e-12 7.807780521033244849e-12 2.616499232486205844e-12 -2.187803792781600206e-13 -8.158477194729990703e-13
1.652981892790802667e-12 -5.316632982055471604e-12 -5.132182821152051982e-12 9.484844941578543485e-13 9.213806206572351564e-13 1.115920959813294051e-12 6.485889249797563917e-14 1.486279086628897715e-12 6.633038661071816947e-13 4.179958823675014503e-13 1.341474158302838031e-12 -6.114362178951116703e-13 1.028020520878899144e-12 -3.909753138719025086e-13 9.622924956391854346e-14 1.469281003190490701e-12 1.156829300449824061e-14 -1.005614296655814051e-12 -9.128672997767577490e-13 -6.471619056939622965e-13 -1.558072982168832213e-13 8.749318139122904590e-13 2.616499232486205844e-12 5.821242105220095662e-12 6.930166211684371824e-13 -2.220137737495717458e-13
3.008823246870662808e-13 4.710421072694495011e-13 5.013296660015160089e-12 4.088413718267523755e-12 1.271494757854501971e-12 -2.107088253900704132e-12 7.174378214495428278e-14 -5.572383896697262856e-13 -5.762351996365039335e-13 -7.841772950312073984e-13 1.196604934014442241e-12 3.913717039071871683e-13 1.266523821258559425e-12 1.221589213019148930e-12 1.087560566533936830e-13 2.008209343895276177e-13 2.452020650520595245e-13 8.201169574681180679e-13 3.587180480389456547e-13 1.976538039429957424e-13 2.999529877725094195e-13 -6.011171867739890031e-14 -2.187803792781600206e-13 6.930166211684371824e-13 3.254471220025109882e-12 5.839818513865595422e-13
5.423731731536558652e-12 3.333029482678050879e-12 4.476267892779115805e-12 4.252469737711976547e-13 4.735846470530864567e-12 -3.308200827394716198e-12 3.611004364834034649e-12 -1.006656971406122730e-12 -2.093369931604426047e-12 -1.633175389575299300e-12 -4.828675685723845229e-13 -6.191506910065355804e-13 2.934751968206140174e-13 -5.414120840676170832e-13 -9.491616297951386425e-13 -9.023662208298288830e-13 6.690156836936298306e-14 -6.477183779495334679e-13 -4.130497369925156993e-13 -1.015531002625476704e-12 -1.100397040567412845e-12 -8.560171709968350975e-13 -8.158477194729990703e-13 -2.220137737495717458e-13 5.839818513865595422e-13 2.749783379607145547e-12
