4.693178295237791342e-09 3.017734882599146040e-10 -2.709836105396239201e-10 1.987942003295891462e-10 2.278879430743998128e-10 -3.959577274783507627e-11 3.175900253766741858e-11 -1.470363046130624578e-11 -8.604623976384066243e-12 2.399457153121144552e-11 2.806534115383808280e-11 2.663184152226936554e-11 -2.129444171618533325e-11 -2.261970845674396705e-12 6.220401056711518672e-11 6.647641891718040901e-11 4.537835211956450614e-11 4.751454607925472696e-11 3.878887223659051953e-11 3.024712088661784073e-11 -1.029062674929643996e-12 3.794566285562074166e-11 4.367924043278599405e-11 3.826530127777478712e-11 4.339777918129073443e-12 -1.251445998288931341e-11
3.017734882599146040e-10 3.077572479286407868e-09 1.411837718490271340e-10 -4.278153160378447276e-11 -5.562123114657162629e-11 2.614206243681907685e-11 1.410554726070352188e-11 -5.884397665702518712e-11 -5.009775111899231011e-11 1.969367002006241034e-11 -2.371450990848336124e-11 -2.594888885560862206e-11 1.160350046374190814e-11 -1.085596207655342551e-11 -3.964991357864451201e-11 -5.024071011887834766e-11 -4.967227357914848484e-11 -6.328815868356135129e-12 -2.011567144117810067e-12 3.319724660554893373e-11 1.249466879207568791e-11 1.086708600141846774e-11 9.573297640651034543e-12 -7.900765323260033453e-12 -1.915484151656575191e-12 1.359269138957646154e-12
-2.709836105396239201e-10 1.411837718490271340e-10 1.803661309043728752e-09 1.391985071695476422e-10 -1.344878091059022383e-11 3.643380945226231708e-11 8.036074014752477514e-11 6.388683066840733043e-11 3.415900754899061233e-11 1.683504793983446349e-11 3.001258798322422173e-12 -2.237838452043388708e-11 -4.981547619615587998e-11 -1.340296337366722543e-11 -1.180409084655162633e-11 1.518249119581918538e-12 -9.405452673920767604e-12 -1.840253934321118946e-11 2.507997846258768988e-11 2.766961435071738063e-11 9.219669129718815314e-12 5.685462790351853274e-12 1.418727117438567043e-12 1.800665676046067959e-11 1.370459095280755360e-11 2.583297256421417773e-12
1.987942003295891462e-10 -4.278153160378447276e-11 1.391985071695476422e-10 1.342042865524383594e-09 1.673638280837108499e-11 1.435787245046915298e-10 1.874449349612194448e-12 -9.173641008012921220e-11 -3.462085786236559561e-11 -9.316113625698812164e-12 1.684630492775047958e-11 -6.699780963303239332e-13 -1.700934152580442908e-12 -9.170214322963511253e-12 1.181477705479871604e-11 8.202728157386137491e-12 2.916267677369724632e-11 2.142351935705597948e-11 7.565815328180021441e-12 -9.918507142778061244e-12 -7.196632032878632963e-12 -6.067156606620528072e-12 1.802644426207355135e-12 1.168905705601958940e-11 7.555524673353740917e-12 1.365867542655713994e-11
2.278879430743998128e-10 -5.562123114657162629e-11 -1.344878091059022383e-11 1.673638280837108499e-11 7.292448519619655534e-10 2.469917423537204686e-11 1.477473665320158983e-11 3.225759669816959704e-11 -9.468283286889794759e-12 2.516622848304025071e-11 5.088584960923838594e-12 1.223563736505084512e-11 -2.278887027422137522e-11 -1.792894354238268980e-11 -1.367659120016313863e-11 -1.517665797136626354e-11 1.132976576747369937e-11 1.575798377720087480e-11 8.841202747265767312e-12 8.663820081710009739e-12 -1.451697228563447810e-12 2.595315176285232617e-12 -6.598510022750418646e-13 -2.748754787579149545e-12 -3.801741969154589103e-12 -4.717974337489644914e-12
-3.959577274783507627e-11 2.614206243681907685e-11 3.643380945226231708e-11 1.435787245046915298e-10 2.469917423537204686e-11 5.788344835050389383e-10 4.049445469100623006e-11 8.433796073196970858e-12 1.743603484974906735e-12 2.627660422945945887e-11 1.307794273322909068e-11 2.529100948381763809e-11 2.029135184079937206e-11 4.988460797192352292e-12 -1.102634256648353009e-11 -2.926275968340163331e-12 -2.149124445928333589e-11 -4.158300145975005629e-12 5.995070212199228508e-12 -3.726893452737771996e-12 -6.535613158313071511e-12 -1.584521377400257149e-11 -3.583891359229581877e-12 -2.233405950186049355e-12 5.566908370383394764e-12 3.003575676273984905e-12
3.175900253766741858e-11 1.410554726070352188e-11 8.036074014752477514e-11 1.874449349612194448e-12 1.477473665320158983e-11 4.049445469100623006e-11 4.269527115164526752e-10 3.715421334807748987e-11 8.523411912033844771e-12 2.257066208434366121e-12 1.094064921152603460e-11 2.433981670973489243e-11 -4.093135897287448308e-12 2.677507767028972473e-12 1.681162489698308915e-12 1.940522059464098795e-12 8.723151332732244453e-12 1.128954509027475160e-11 1.556426652518762368e-11 1.080650523235715504e-11 3.775727371713143115e-12 -5.304591450912586755e-13 1.021508441671134235e-12 7.654937507443206488e-12 -4.859448248777143982e-13 2.086853277286196766e-12
-1.470363046130624578e-11 -5.884397665702518712e-11 6.388683066840733043e-11 -9.173641008012921220e-11 3.225759669816959704e-11 8.433796073196970858e-12 3.715421334807748987e-11 2.473956370361786328e-10 3.162135998644304580e-11 -2.288113677859662769e-13 2.045237723166422842e-11 8.959195213764398170e-12 -3.045608496337876273e-12 -7.166826368986642107e-12 -1.196037542650827273e-11 -8.676515684705638290e-12 -6.597386054774220090e-12 1.974052238999609115e-12 -7.734553705962403997e-12 -4.872794091095974062e-12 -7.740655170888183623e-12 -1.189475328535485477e-12 6.858495870484897179e-12 -6.773874221848677246e-13 -4.087351009339145905e-12 -2.508234604530364349e-12
-8.604623976384066243e-12 -5.009775111899231011e-11 3.415900754899061233e-11 -3.462085786236559561e-11 -9.468283286889794759e-12 1.743603484974906735e-12 8.523411912033844771e-12 3.162135998644304580e-11 1.992722181786557108e-10 3.013428208748405002e-11 2.730471973225133530e-11 2.810356378075351454e-11 1.276313957201859251e-11 7.422573587570143944e-12 1.391537235032682000e-11 2.673593938449883821e-13 -2.972320361223354775e-12 -1.151473181320626359e-12 4.164710081050608051e-12 3.198090826383900053e-12 -5.115118777768439586e-14 -1.041705067834139600e-12 2.666527177549534967e-12 2.965110027998004340e-12 2.961972873692505932e-12 -2.553973918839356824e-12
2.399457153121144552e-11 1.969367002006241034e-11 1.683504793983446349e-11 -9.316113625698812164e-12 2.516622848304025071e-11 2.627660422945945887e-11 2.257066208434366121e-12 -2.288113677859662769e-13 3.013428208748405002e-11 1.425970494029491188e-10 3.888124198457777200e-11 1.918080514862012356e-11 2.037693947339908554e-11 6.338712394486069704e-12 4.294098305579669756e-13 2.067274112772238434e-12 -4.531131656998920609e-12 -8.950000765378331318e-13 9.894467015495300805e-12 6.944362533872955143e-12 -9.134409673644791354e-14 -8.562274199531472287e-13 -5.069344471478480131e-13 -8.943215641370080657e-13 3.030261409029964468e-12 4.564638054875653866e-13
2.806534115383808280e-11 -2.371450990848336124e-11 3.001258798322422173e-12 1.684630492775047958e-11 5.088584960923838594e-12 1.307794273322909068e-11 1.094064921152603460e-11 2.045237723166422842e-11 2.730471973225133530e-11 3.888124198457777200e-11 9.810034759689317055e-11 5.363148726674884083e-11 2.389903892798506188e-11 1.729782863089329718e-11 1.107436171551559260e-11 4.322003889859558329e-12 5.334582418752712629e-12 5.433744744877298884e-12 -1.223931939979193707e-12 -3.191903131540794931e-12 1.856551158809667857e-12 -2.744811926249059481e-12 -1.654277395573648307e-12 -2.618849848260569739e-13 2.239127951503639062e-12 -1.061796847932037138e-12
2.663184152226936554e-11 -2.594888885560862206e-11 -2.237838452043388708e-11 -6.699780963303239332e-13 1.223563736505084512e-11 2.529100948381763809e-11 2.433981670973489243e-11 8.959195213764398170e-12 2.810356378075351454e-11 1.918080514862012356e-11 5.363148726674884083e-11 9.592128184319870618e-11 3.402271610474676627e-11 2.398634054082540870e-11 9.999055552885267634e-12 8.361598493920133012e-12 4.395412285691797576e-12 4.740611431138453554e-12 -1.665584786225290033e-12 1.037760028490176541e-12 4.788755440138802762e-12 -2.721537201318108805e-12 -3.491421338066234558e-13 -7.277586346960776876e-13 1.219378351600769834e-12 -4.529411471490905594e-13
-2.129444171618533325e-11 1.160350046374190814e-11 -4.981547619615587998e-11 -1.700934152580442908e-12 -2.278887027422137522e-11 2.029135184079937206e-11 -4.093135897287448308e-12 -3.045608496337876273e-12 1.276313957201859251e-11 2.037693947339908554e-11 2.389903892798506188e-11 3.402271610474676627e-11 7.825790517217184984e-11 3.728299056560387890e-11 1.231851088290514205e-11 9.864589738652864324e-12 -1.085094888420250112e-12 -1.158827145474660458e-12 -4.549953066841395008e-12 -4.293409138207747007e-12 -1.877227174082461673e-12 -1.381738991097536265e-12 -1.509925907939175784e-12 1.218428066604311248e-12 2.095106220786276314e-12 2.810233718054080347e-12
-2.261970845674396705e-12 -1.085596207655342551e-11 -1.340296337366722543e-11 -9.170214322963511253e-12 -1.792894354238268980e-11 4.988460797192352292e-12 2.677507767028972473e-12 -7.166826368986642107e-12 7.422573587570143944e-12 6.338712394486069704e-12 1.729782863089329718e-11 2.398634054082540870e-11 3.728299056560387890e-11 5.949394470568963131e-11 2.482218927369624629e-11 1.594931292727826593e-11 9.033281669958365079e-12 4.053868706616857260e-12 5.722485208072284992e-12 3.380608005124788728e-12 2.953680601670554189e-12 -2.666727519714919785e-12 -3.242374618610616923e-12 7.335918047504913274e-13 -4.039251303878935672e-13 2.201382670852430364e-12
6.220401056711518672e-11 -3.964991357864451201e-11 -1.180409084655162633e-11 1.181477705479871604e-11 -1.367659120016313863e-11 -1.102634256648353009e-11 1.681162489698308915e-12 -1.196037542650827273e-11 1.391537235032682000e-11 4.294098305579669756e-13 1.107436171551559260e-11 9.999055552885267634e-12 1.231851088290514205e-11 2.482218927369624629e-11 5.507035516906964417e-11 2.571211677796861133e-11 1.242509939200494808e-11 7.183733113701028188e-12 7.917457442158475834e-12 -7.655338714871994402e-15 2.825916184876233139e-12 2.340250515002219881e-12 7.003234517964537908e-13 2.125590019700894040e-12 -1.978393431914777933e-12 -4.122114309548013484e-12
6.647641891718040901e-11 -5.024071011887834766e-11 1.518249119581918538e-12 8.202728157386137491e-12 -1.517665797136626354e-11 -2.926275968340163331e-12 1.940522059464098795e-12 -8.676515684705638290e-12 2.673593938449883821e-13 2.067274112772238434e-12 4.322003889859558329e-12 8.361598493920133012e-12 9.864589738652864324e-12 1.594931292727826593e-11 2.571211677796861133e-11 4.543158312391348570e-11 2.058499910859213699e-11 1.453822742410237097e-11 9.119925423459438794e-12 5.167686131350426667e-12 4.714258055624242347e-12 5.692321289399889937e-13 -1.326747878934833814e-13 1.289387223304332085e-12 -1.520071115280632899e-12 -2.230189214568289756e-12
4.537835211956450614e-11 -4.967227357914848484e-11 -9.405452673920767604e-12 2.916267677369724632e-11 1.132976576747369937e-11 -2.149124445928333589e-11 8.723151332732244453e-12 -6.597386054774220090e-12 -2.972320361223354775e-12 -4.531131656998920609e-12 5.334582418752712629e-12 4.395412285691797576e-12 -1.085094888420250112e-12 9.033281669958365079e-12 1.242509939200494808e-11 2.058499910859213699e-11 3.744990058039886783e-11 1.816411104981518495e-11 9.941174507512310042e-12 6.282621595328059118e-12 6.434509161171032296e-12 2.341095501598043491e-12 6.386290406268434128e-13 3.509960416361392550e-12 -4.550875438175975070e-13 -1.681333487078054947e-12
4.751454607925472696e-11 -6.328815868356135129e-12 -1.840253934321118946e-11 2.142351935705597948e-11 1.575798377720087480e-11 -4.158300145975005629e-12 1.128954509027475160e-11 1.974052238999609115e-12 -1.151473181320626359e-12 -8.950000765378331318e-13 5.433744744877298884e-12 4.740611431138453554e-12 -1.158827145474660458e-12 4.053868706616857260e-12 7.183733113701028188e-12 1.453822742410237097e-11 1.816411104981518495e-11 3.599537434566316194e-11 2.086026406915735610e-11 1.040309589472222542e-11 4.613835854494994047e-12 7.614920088665520788e-13 -6.691115246036919678e-13 3.008431827476776844e-12 -1.315396915063857884e-12 -2.610958930735322814e-12
3.878887223659051953e-11 -2.011567144117810067e-12 2.507997846258768988e-11 7.565815328180021441e-12 8.841202747265767312e-12 5.995070212199228508e-12 1.556426652518762368e-11 -7.734553705962403997e-12 4.164710081050608051e-12 9.894467015495300805e-12 -1.223931939979193707e-12 -1.665584786225290033e-12 -4.549953066841395008e-12 5.722485208072284992e-12 7.917457442158475834e-12 9.119925423459438794e-12 9.941174507512310042e-12 2.086026406915735610e-11 3.815828248152227901e-11 1.959574337737209045e-11 7.016159232816572265e-12 2.152261213901399309e-12 -9.180002044756752143e-13 2.739639672266498101e-12 -8.740759441363427512e-13 -1.381693739310493867e-12
3.024712088661784073e-11 3.319724660554893373e-11 2.766961435071738063e-11 -9.918507142778061244e-12 8.663820081710009739e-12 -3.726893452737771996e-12 1.080650523235715504e-11 -4.872794091095974062e-12 3.198090826383900053e-12 6.944362533872955143e-12 -3.191903131540794931e-12 1.037760028490176541e-12 -4.293409138207747007e-12 3.380608005124788728e-12 -7.655338714871994402e-15 5.167686131350426667e-12 6.282621595328059118e-12 1.040309589472222542e-11 1.959574337737209045e-11 3.542121206553066401e-11 1.700255184092738363e-11 3.296462496306499322e-12 -7.480029861745126915e-13 1.334031559349107099e-12 -5.212655828564935322e-13 1.509307788116449983e-12
-1.029062674929643996e-12 1.249466879207568791e-11 9.219669129718815314e-12 -7.196632032878632963e-12 -1.451697228563447810e-12 -6.535613158313071511e-12 3.775727371713143115e-12 -7.740655170888183623e-12 -5.115118777768439586e-14 -9.134409673644791354e-14 1.856551158809667857e-12 4.788755440138802762e-12 -1.877227174082461673e-12 2.953680601670554189e-12 2.825916184876233139e-12 4.714258055624242347e-12 6.434509161171032296e-12 4.613835854494994047e-12 7.016159232816572265e-12 1.700255184092738363e-11 2.864389694595447592e-11 9.269998152593333625e-12 1.659757024225681890e-12 2.265771789755157054e-12 4.409352524347168433e-13 1.253238452970966525e-12
3.794566285562074166e-11 1.086708600141846774e-11 5.685462790351853274e-12 -6.067156606620528072e-12 2.595315176285232617e-12 -1.584521377400257149e-11 -5.304591450912586755e-13 -1.189475328535485477e-12 -1.041705067834139600e-12 -8.562274199531472287e-13 -2.744811926249059481e-12 -2.721537201318108805e-12 -1.381738991097536265e-12 -2.666727519714919785e-12 2.340250515002219881e-12 5.692321289399889937e-13 2.341095501598043491e-12 7.614920088665520788e-13 2.152261213901399309e-12 3.296462496306499322e-12 9.269998152593333625e-12 1.984628484014014977e-11 9.676413334530738530e-12 2.054017427897684261e-12 4.159102350053408849e-13 -3.724631155871311843e-13
4.367924043278599405e-11 9.573297640651034543e-12 1.418727117438567043e-12 1.802644426207355135e-12 -6.598510022750418646e-13 -3.583891359229581877e-12 1.021508441671134235e-12 6.858495870484897179e-12 2.666527177549534967e-12 -5.069344471478480131e-13 -1.654277395573648307e-12 -3.491421338066234558e-13 -1.509925907939175784e-12 -3.242374618610616923e-12 7.003234517964537908e-13 -1.326747878934833814e-13 6.386290406268434128e-13 -6.691115246036919678e-13 -9.180002044756752143e-13 -7.480029861745126915e-13 1.659757024225681890e-12 9.676413334530738530e-12 1.764592168188335495e-11 4.805604335624666159e-12 2.545118240183800984e-13 6.467362465515720606e-13
3.826530127777478712e-11 -7.900765323260033453e-12 1.800665676046067959e-11 1.168905705601958940e-11 -2.748754787579149545e-12 -2.233405950186049355e-12 7.654937507443206488e-12 -6.773874221848677246e-13 2.965110027998004340e-12 -8.943215641370080657e-13 -2.618849848260569739e-13 -7.277586346960776876e-13 1.218428066604311248e-12 7.335918047504913274e-13 2.125590019700894040e-12 1.289387223304332085e-12 3.509960416361392550e-12 3.008431827476776844e-12 2.739639672266498101e-12 1.334031559349107099e-12 2.265771789755157054e-12 2.054017427897684261e-12 4.805604335624666159e-12 1.388847389388199722e-11 3.929276209429870517e-12 -7.497574487511949383e-13
4.339777918129073443e-12 -1.915484151656575191e-12 1.370459095280755360e-11 7.555524673353740917e-12 -3.801741969154589103e-12 5.566908370383394764e-12 -4.859448248777143982e-13 -4.087351009339145905e-12 2.961972873692505932e-12 3.030261409029964468e-12 2.239127951503639062e-12 1.219378351600769834e-12 2.095106220786276314e-12 -4.039251303878935672e-13 -1.978393431914777933e-12 -1.520071115280632899e-12 -4.550875438175975070e-13 -1.315396915063857884e-12 -8.740759441363427512e-13 -5.212655828564935322e-13 4.409352524347168433e-13 4.159102350053408849e-13 2.545118240183800984e-13 3.929276209429870517e-12 1.021448919209988188e-11 2.695695991168531093e-12
-1.251445998288931341e-11 1.359269138957646154e-12 2.583297256421417773e-12 1.365867542655713994e-11 -4.717974337489644914e-12 3.003575676273984905e-12 2.086853277286196766e-12 -2.508234604530364349e-12 -2.553973918839356824e-12 4.564638054875653866e-13 -1.061796847932037138e-12 -4.529411471490905594e-13 2.810233718054080347e-12 2.201382670852430364e-12 -4.122114309548013484e-12 -2.230189214568289756e-12 -1.681333487078054947e-12 -2.610958930735322814e-12 -1.381693739310493867e-12 1.509307788116449983e-12 1.253238452970966525e-12 -3.724631155871311843e-13 6.467362465515720606e-13 -7.497574487511949383e-13 2.695695991168531093e-12 1.031554053470262642e-11
