2.721586474520798990e-09 3.476037767686471175e-10 2.316240952418395541e-10 2.774380270076635752e-11 1.205234528183690356e-10 6.068244128507767590e-11 -6.644144072737266024e-11 5.053324032444498710e-12 4.530174438635419703e-12 2.227955401967576133e-11 -7.058424032850981451e-13 -4.328151154502361672e-11 -3.556653187107323973e-11 6.409666939755106739e-12 -9.977791260289755591e-12 1.038006132427890819e-11 -3.102123252560369940e-11 4.249656893121517938e-12 1.153859593419472582e-11 1.695851254069539876e-11 1.962856627600628592e-11 2.481320342295454359e-11 1.248098376329922020e-11 6.538638509838653457e-12 -2.795179800460074076e-12 1.003421470629096685e-12
3.476037767686471175e-10 1.649629763887011019e-09 2.166214083582890261e-11 -1.244508566703165179e-11 4.018973407516327908e-11 2.658856695415729376e-11 1.748824851324606266e-11 -6.531213410878161702e-12 -4.475096097292602268e-11 -1.093035940613367868e-11 -2.877111119483678028e-11 -1.137739671895808630e-11 -2.292863937511759452e-11 2.196392076010760718e-13 -9.301777152286890592e-12 -1.049379643943895815e-12 -1.694402440628795080e-11 -9.288118773425333980e-12 3.079948831396675268e-13 4.425817911194788383e-12 -8.264782816683936344e-12 3.793241765131141075e-12 5.391538210018634710e-13 4.958388939910905977e-12 1.167045965629383243e-12 5.416078034667885204e-12
2.316240952418395541e-10 2.166214083582890261e-11 1.109414445045370493e-09 1.002244705345209446e-10 8.475901342583195134e-11 4.834307722981678221e-11 -2.793204695640876736e-11 -1.557766001168145681e-11 -3.800359648696911659e-11 -2.990992510033168848e-11 -2.313657100470755030e-12 -2.146471093498260693e-11 1.597039480445225493e-12 -1.515728552091872173e-11 -9.982143841635653614e-15 8.382304311655411035e-12 2.147888328490177010e-12 -3.864385250314036151e-12 2.885273766265149478e-13 1.573842168735305999e-11 1.356980066591785756e-11 7.989078716005543561e-12 3.968389723322499487e-13 -1.108426465606606170e-12 -5.972884069745860447e-13 -2.944553739672007203e-12
2.774380270076635752e-11 -1.244508566703165179e-11 1.002244705345209446e-10 6.916457281434544181e-10 4.969002751487967204e-11 5.364480536718797145e-11 1.532163865224853798e-11 3.595905717471696089e-12 -1.752072115144526138e-11 1.681884795058961377e-11 2.414391293334161517e-11 -2.585843280311022971e-13 1.942229296162463705e-11 2.774221420146360359e-11 1.543653007335619977e-11 2.081025268304368041e-11 1.616005429674398896e-11 7.732017732641351827e-12 2.494956929153741917e-12 2.287858582730569383e-12 -6.201580408731521187e-12 4.300582008600920391e-12 1.992580464341480336e-13 -5.076486045710633984e-12 1.003972897670753372e-12 2.024886316807514929e-12
1.205234528183690356e-10 4.018973407516327908e-11 8.475901342583195134e-11 4.969002751487967204e-11 4.402770273788677716e-10 1.531363755379096669e-11 7.884751765272562909e-12 -1.511543233122523293e-11 -1.304184430714120467e-11 9.211589076608750173e-12 -8.662336022145193871e-12 5.108961380777726179e-12 6.851995197133872432e-12 -3.299162476059747475e-13 7.791822574694817292e-13 1.237608192160855243e-11 2.135646192708394742e-12 -7.289406264645385814e-12 -4.823375067710372277e-12 1.006674483402002929e-11 1.024891306089537902e-12 6.759454319140875666e-12 7.862629275397519230e-12 -4.476849028044126028e-13 -2.029089342998222086e-12 2.025288077978244253e-12
6.068244128507767590e-11 2.658856695415729376e-11 4.834307722981678221e-11 5.364480536718797145e-11 1.531363755379096669e-11 3.284914761980532178e-10 1.592991306379153395e-11 1.113547504580636564e-11 7.597239715644645727e-12 1.238515758345864627e-11 2.004634614899483369e-11 1.601375120585393012e-11 2.442785056379185688e-12 4.297947106373991894e-12 4.594347617935401323e-12 3.332785604476865723e-12 3.560971734556361180e-12 -2.014410532600539765e-12 -2.919461304197192083e-12 5.749415307013736777e-12 7.707792011234945562e-13 -3.516882283164996788e-12 1.997611249426498295e-13 -9.154561280159487826e-13 1.200996326096643917e-12 -3.824009203860675196e-13
-6.644144072737266024e-11 1.748824851324606266e-11 -2.793204695640876736e-11 1.532163865224853798e-11 7.884751765272562909e-12 1.592991306379153395e-11 1.921912014931745673e-10 1.921920059836814378e-11 -4.132769319980270693e-13 2.141506452653558449e-12 5.887144330027082299e-13 8.148952147079171899e-12 3.378302820756858978e-12 -4.372222254603642407e-12 -2.625001191320320433e-13 3.681401944461420317e-12 2.840188454308034735e-12 1.908509171683078689e-12 1.412839281767877925e-12 3.855378612412297937e-12 2.703826696584853488e-12 2.142594083204249533e-12 -8.600961159743447873e-13 6.981855530304764744e-13 1.748844226605238643e-14 -1.041284073052647718e-12
5.053324032444498710e-12 -6.531213410878161702e-12 -1.557766001168145681e-11 3.595905717471696089e-12 -1.511543233122523293e-11 1.113547504580636564e-11 1.921920059836814378e-11 1.393067447271741042e-10 1.689280244214541912e-11 1.099505351126733417e-11 6.569575416705863378e-12 5.146430546791770935e-12 7.253244578234812283e-12 7.489376402710817970e-12 2.290880709134168600e-12 3.018765954570084587e-12 1.694443403260967857e-12 -1.335376588946249126e-12 5.714266237130540965e-12 -3.576250703638490274e-12 -5.537422489391675494e-12 -1.987013312155631873e-12 2.633099641167873479e-12 2.540705261923759022e-13 -1.781611397282229959e-12 -9.188137526716238869e-13
4.530174438635419703e-12 -4.475096097292602268e-11 -3.800359648696911659e-11 -1.752072115144526138e-11 -1.304184430714120467e-11 7.597239715644645727e-12 -4.132769319980270693e-13 1.689280244214541912e-11 1.016559031953788663e-10 2.082907064154639407e-11 1.852559451329521199e-11 2.996211648149794027e-12 5.066403911725005010e-12 -3.674501275137937287e-12 -2.665899058302710426e-13 -5.167647815979968676e-12 -9.894722219320851495e-13 7.001693608753818046e-13 1.457369651379531960e-12 -3.258447908143024559e-12 -1.018877611576756204e-12 -3.076440306553087520e-12 2.688345580300704451e-13 -4.603484608687058992e-13 -1.247596950651345876e-12 -8.623091186248526668e-13
2.227955401967576133e-11 -1.093035940613367868e-11 -2.990992510033168848e-11 1.681884795058961377e-11 9.211589076608750173e-12 1.238515758345864627e-11 2.141506452653558449e-12 1.099505351126733417e-11 2.082907064154639407e-11 9.408211843821191341e-11 2.690318085851626522e-11 1.588840482086649325e-11 2.270898959386310172e-12 4.570231352467446220e-12 2.228849467314218864e-12 3.856359212736608277e-12 -9.278446605726001853e-13 3.407659043641092156e-12 2.066295168554990584e-12 2.067102695746403324e-12 -8.740373210033108187e-13 -9.206345304977924012e-13 8.682270633498543155e-13 -3.891543342933612300e-14 5.713858507364829435e-13 -2.392229736310812300e-13
-7.058424032850981451e-13 -2.877111119483678028e-11 -2.313657100470755030e-12 2.414391293334161517e-11 -8.662336022145193871e-12 2.004634614899483369e-11 5.887144330027082299e-13 6.569575416705863378e-12 1.852559451329521199e-11 2.690318085851626522e-11 6.832363277970232522e-11 1.917493412928496453e-11 9.050484886965069021e-12 1.222662675789543785e-12 9.701934553178204660e-13 -5.174745514013957386e-13 -1.869396596357438832e-12 4.183935188101148957e-13 -2.748407622666760823e-12 -1.159276688243302348e-12 -1.747119867384261656e-12 -1.147376769814698636e-12 -2.043893594137201803e-13 -1.734375350334369657e-12 -5.716596610406712589e-13 1.438191368045754195e-12
-4.328151154502361672e-11 -1.137739671895808630e-11 -2.146471093498260693e-11 -2.585843280311022971e-13 5.108961380777726179e-12 1.601375120585393012e-11 8.148952147079171899e-12 5.146430546791770935e-12 2.996211648149794027e-12 1.588840482086649325e-11 1.917493412928496453e-11 4.365809865477044790e-11 1.346265823449493170e-11 9.182006626056309683e-12 4.743289834841320326e-12 2.869394158096496067e-12 1.318887211595699390e-12 1.313790458357451485e-13 -1.165552580687551406e-12 8.055277029908170709e-14 -3.745445298587073805e-12 -2.457068405710188151e-12 2.847839664635845790e-13 -2.850058092591267268e-13 -1.083321740586165695e-12 -8.844277869146791770e-13
-3.556653187107323973e-11 -2.292863937511759452e-11 1.597039480445225493e-12 1.942229296162463705e-11 6.851995197133872432e-12 2.442785056379185688e-12 3.378302820756858978e-12 7.253244578234812283e-12 5.066403911725005010e-12 2.270898959386310172e-12 9.050484886965069021e-12 1.346265823449493170e-11 3.549401080775580071e-11 1.557964078379877156e-11 7.173283537320145901e-12 3.002977783411177700e-12 3.230139478851420693e-12 1.048274812333302242e-13 -1.387917085048764903e-12 -4.662848477550985424e-13 -2.477801876239817799e-12 -1.780978399318191165e-12 4.625028405627774006e-13 -3.304902187409790799e-13 -8.888065802104278120e-13 7.948279377444733237e-14
6.409666939755106739e-12 2.196392076010760718e-13 -1.515728552091872173e-11 2.774221420146360359e-11 -3.299162476059747475e-13 4.297947106373991894e-12 -4.372222254603642407e-12 7.489376402710817970e-12 -3.674501275137937287e-12 4.570231352467446220e-12 1.222662675789543785e-12 9.182006626056309683e-12 1.557964078379877156e-11 3.614780065929378241e-11 1.176214239241007098e-11 5.185712228409048185e-12 2.328448082874372033e-12 -1.283241742000813392e-12 5.259743234546534471e-14 -1.624118114662103983e-12 -2.232987716588462207e-12 -9.808567454859155196e-13 9.248086025583262250e-13 -1.086403411016359328e-12 -1.075209077213323365e-12 5.087407872245289251e-13
-9.977791260289755591e-12 -9.301777152286890592e-12 -9.982143841635653614e-15 1.543653007335619977e-11 7.791822574694817292e-13 4.594347617935401323e-12 -2.625001191320320433e-13 2.290880709134168600e-12 -2.665899058302710426e-13 2.228849467314218864e-12 9.701934553178204660e-13 4.743289834841320326e-12 7.173283537320145901e-12 1.176214239241007098e-11 2.711859006065376751e-11 1.111135689158033761e-11 4.325179229630836072e-12 2.003137026039925755e-12 -1.173224625832283007e-12 4.486767158218848235e-13 -9.589201032016891711e-13 -1.732529718039895677e-14 4.654073130212534333e-13 -4.881076723657098494e-13 5.944692949968843375e-14 2.581548213823687818e-13
1.038006132427890819e-11 -1.049379643943895815e-12 8.382304311655411035e-12 2.081025268304368041e-11 1.237608192160855243e-11 3.332785604476865723e-12 3.681401944461420317e-12 3.018765954570084587e-12 -5.167647815979968676e-12 3.856359212736608277e-12 -5.174745514013957386e-13 2.869394158096496067e-12 3.002977783411177700e-12 5.185712228409048185e-12 1.111135689158033761e-11 2.049294330740525164e-11 8.306333325411101201e-12 1.680411978022161555e-12 -5.763438156016907403e-13 -8.974544745656723567e-13 -1.156619340844530772e-13 1.469082222250458216e-12 8.847878420298584802e-14 -1.585614892023084517e-12 -2.676477042454580565e-13 4.395204610404520711e-13
-3.102123252560369940e-11 -1.694402440628795080e-11 2.147888328490177010e-12 1.616005429674398896e-11 2.135646192708394742e-12 3.560971734556361180e-12 2.840188454308034735e-12 1.694443403260967857e-12 -9.894722219320851495e-13 -9.278446605726001853e-13 -1.869396596357438832e-12 1.318887211595699390e-12 3.230139478851420693e-12 2.328448082874372033e-12 4.325179229630836072e-12 8.306333325411101201e-12 2.142968487259484354e-11 8.069798057722583131e-12 5.705205074910967281e-13 -3.386770778271818159e-13 4.258548602530616371e-13 4.234183795375075408e-14 1.035787968757250564e-13 -1.536430518688244630e-12 3.826921322384308261e-13 6.620975496389178663e-13
4.249656893121517938e-12 -9.288118773425333980e-12 -3.864385250314036151e-12 7.732017732641351827e-12 -7.289406264645385814e-12 -2.014410532600539765e-12 1.908509171683078689e-12 -1.335376588946249126e-12 7.001693608753818046e-13 3.407659043641092156e-12 4.183935188101148957e-13 1.313790458357451485e-13 1.048274812333302242e-13 -1.283241742000813392e-12 2.003137026039925755e-12 1.680411978022161555e-12 8.069798057722583131e-12 1.666591342131516682e-11 5.008543066817924937e-12 1.437718328371869389e-12 7.055071677990411501e-13 2.777245805623848316e-13 -9.098534982775977234e-13 -6.341917632032405976e-13 4.553772385873222964e-13 -1.009822575648913350e-13
1.153859593419472582e-11 3.079948831396675268e-13 2.885273766265149478e-13 2.494956929153741917e-12 -4.823375067710372277e-12 -2.919461304197192083e-12 1.412839281767877925e-12 5.714266237130540965e-12 1.457369651379531960e-12 2.066295168554990584e-12 -2.748407622666760823e-12 -1.165552580687551406e-12 -1.387917085048764903e-12 5.259743234546534471e-14 -1.173224625832283007e-12 -5.763438156016907403e-13 5.705205074910967281e-13 5.008543066817924937e-12 1.217109819697542124e-11 4.420611981198346665e-12 1.907455229859066221e-12 8.164979331230952862e-13 -6.626509208876914135e-13 1.665956099373590796e-13 -6.196631810675005771e-13 7.957847213225861206e-14
1.695851254069539876e-11 4.425817911194788383e-12 1.573842168735305999e-11 2.287858582730569383e-12 1.006674483402002929e-11 5.749415307013736777e-12 3.855378612412297937e-12 -3.576250703638490274e-12 -3.258447908143024559e-12 2.067102695746403324e-12 -1.159276688243302348e-12 8.055277029908170709e-14 -4.662848477550985424e-13 -1.624118114662103983e-12 4.486767158218848235e-13 -8.974544745656723567e-13 -3.386770778271818159e-13 1.437718328371869389e-12 4.420611981198346665e-12 1.475715274434850369e-11 5.020187712466879384e-12 1.684145707741727130e-12 -7.382813695494872206e-14 7.383193960269528513e-13 6.733010617893390416e-13 8.271644449219918121e-14
1.962856627600628592e-11 -8.264782816683936344e-12 1.356980066591785756e-11 -6.201580408731521187e-12 1.024891306089537902e-12 7.707792011234945562e-13 2.703826696584853488e-12 -5.537422489391675494e-12 -1.018877611576756204e-12 -8.740373210033108187e-13 -1.747119867384261656e-12 -3.745445298587073805e-12 -2.477801876239817799e-12 -2.232987716588462207e-12 -9.589201032016891711e-13 -1.156619340844530772e-13 4.258548602530616371e-13 7.055071677990411501e-13 1.907455229859066221e-12 5.020187712466879384e-12 1.211384919876707242e-11 4.605389232722477405e-12 -4.068299112570107227e-13 1.990714230520205870e-14 4.493916481012250892e-13 2.205711140365085353e-13
2.481320342295454359e-11 3.793241765131141075e-12 7.989078716005543561e-12 4.300582008600920391e-12 6.759454319140875666e-12 -3.516882283164996788e-12 2.142594083204249533e-12 -1.987013312155631873e-12 -3.076440306553087520e-12 -9.206345304977924012e-13 -1.147376769814698636e-12 -2.457068405710188151e-12 -1.780978399318191165e-12 -9.808567454859155196e-13 -1.732529718039895677e-14 1.469082222250458216e-12 4.234183795375075408e-14 2.777245805623848316e-13 8.164979331230952862e-13 1.684145707741727130e-12 4.605389232722477405e-12 7.440905783259347557e-12 1.261317892118833474e-12 1.043153112025555709e-13 -5.788341583820263931e-14 3.964033008238178627e-13
1.248098376329922020e-11 5.391538210018634710e-13 3.968389723322499487e-13 1.992580464341480336e-13 7.862629275397519230e-12 1.997611249426498295e-13 -8.600961159743447873e-13 2.633099641167873479e-12 2.688345580300704451e-13 8.682270633498543155e-13 -2.043893594137201803e-13 2.847839664635845790e-13 4.625028405627774006e-13 9.248086025583262250e-13 4.654073130212534333e-13 8.847878420298584802e-14 1.035787968757250564e-13 -9.098534982775977234e-13 -6.626509208876914135e-13 -7.382813695494872206e-14 -4.068299112570107227e-13 1.261317892118833474e-12 5.289196563215350231e-12 8.086572989772743409e-13 -9.001344737825504660e-14 2.509251742769939742e-13
6.538638509838653457e-12 4.958388939910905977e-12 -1.108426465606606170e-12 -5.076486045710633984e-12 -4.476849028044126028e-13 -9.154561280159487826e-13 6.981855530304764744e-13 2.540705261923759022e-13 -4.603484608687058992e-13 -3.891543342933612300e-14 -1.734375350334369657e-12 -2.850058092591267268e-13 -3.304902187409790799e-13 -1.086403411016359328e-12 -4.881076723657098494e-13 -1.585614892023084517e-12 -1.536430518688244630e-12 -6.341917632032405976e-13 1.665956099373590796e-13 7.383193960269528513e-13 1.990714230520205870e-14 1.043153112025555709e-13 8.086572989772743409e-13 3.910703042965324503e-12 2.927577637227042395e-13 -3.643121185428382610e-13
-2.795179800460074076e-12 1.167045965629383243e-12 -5.972884069745860447e-13 1.003972897670753372e-12 -2.029089342998222086e-12 1.200996326096643917e-12 1.748844226605238643e-14 -1.781611397282229959e-12 -1.247596950651345876e-12 5.713858507364829435e-13 -5.716596610406712589e-13 -1.083321740586165695e-12 -8.888065802104278120e-13 -1.075209077213323365e-12 5.944692949968843375e-14 -2.676477042454580565e-13 3.826921322384308261e-13 4.553772385873222964e-13 -6.196631810675005771e-13 6.733010617893390416e-13 4.493916481012250892e-13 -5.788341583820263931e-14 -9.001344737825504660e-14 2.927577637227042395e-13 2.600509500272610848e-12 1.123739021470571998e-13
1.003421470629096685e-12 5.416078034667885204e-12 -2.944553739672007203e-12 2.024886316807514929e-12 2.025288077978244253e-12 -3.824009203860675196e-13 -1.041284073052647718e-12 -9.188137526716238869e-13 -8.623091186248526668e-13 -2.392229736310812300e-13 1.438191368045754195e-12 -8.844277869146791770e-13 7.948279377444733237e-14 5.087407872245289251e-13 2.581548213823687818e-13 4.395204610404520711e-13 6.620975496389178663e-13 -1.009822575648913350e-13 7.957847213225861206e-14 8.271644449219918121e-14 2.205711140365085353e-13 3.964033008238178627e-13 2.509251742769939742e-13 -3.643121185428382610e-13 1.123739021470571998e-13 2.113687294590643205e-12
