2.548329838582785810e-09 -4.784480286069049990e-11 -1.711098833391946332e-11 1.322158851294119992e-10 -4.229296210037706265e-11 -2.183421725734668646e-12 -1.694554244155008823e-12 -5.714690300334123946e-12 2.116027525893238423e-11 6.133130963512683509e-11 -3.710776570045148012e-11 -1.840530389914135196e-11 2.489367902813482474e-11 -9.812408061871885452e-12 -1.798926915458892385e-11 -4.412306366715784686e-12 -9.115253198048700816e-14 -3.777821049638578267e-13 -8.261179819096417668e-12 -1.135794640123148819e-11 7.627610117773037413e-12 5.170377507190044320e-12 -8.226832743118967582e-13 -1.381107699263210118e-12 -7.137436833664090183e-12 -1.189288664701967745e-11
-4.784480286069049990e-11 1.504442507709142775e-09 1.493468151002103817e-10 2.794320616953864608e-11 -4.055362186473676553e-11 -8.776292987615507519e-11 -5.028072575841471483e-11 -4.554454904613598016e-11 1.007290962678298370e-11 -2.728824604853003292e-11 3.665074373706219924e-11 3.004393472281611666e-11 2.948837307313544286e-11 3.060592988187193396e-11 1.107335783295131962e-11 -2.224070868613501598e-12 -7.200645682156218518e-12 -1.495417285453496350e-11 -3.697628012490854496e-12 -2.879409379064820651e-12 3.212908379007722541e-12 -1.093317961396644527e-11 8.591124425768958063e-12 1.179537834790415700e-11 3.207897913085352765e-12 -2.212965968997860860e-12
-1.711098833391946332e-11 1.493468151002103817e-10 9.244637287366984395e-10 1.309342720066955791e-10 1.683246256066708511e-11 -2.388642722116290225e-11 4.240619660951057417e-11 -3.661384860518060182e-11 -2.300302800633357133e-11 -2.741480168405388200e-11 -4.854143648485483028e-12 -2.378548759545934600e-11 -1.812944337028310825e-11 9.720226693932331107e-12 9.943003369709239177e-12 4.471504978580909023e-12 -7.565703868054645416e-13 -2.285475219456324131e-12 -3.749109201550859755e-12 -2.679235583222498883e-12 -7.607043402508096648e-12 3.125325314981227296e-12 1.940583401583393067e-12 -1.160039400092606696e-12 -2.176886853736043860e-12 6.223336302400592340e-13
1.322158851294119992e-10 2.794320616953864608e-11 1.309342720066955791e-10 6.887915623576269534e-10 1.898548637205692050e-11 1.768224885970155050e-11 4.062954738788393983e-11 6.054017991988589910e-12 -9.362934666720407394e-12 1.587185293190751523e-12 -1.120274484900725922e-11 -1.140021688739030354e-11 7.495916292004601160e-12 7.343050429723559696e-12 1.418975577915698839e-11 2.803489778140762451e-12 1.323737267929607126e-11 -2.763019843031688740e-12 6.813777573617319023e-12 -2.141984365814017356e-12 -7.117097569309026921e-13 -3.743146676920385780e-12 4.061499661390509488e-12 -9.688243964144741807e-13 -3.478319031212568979e-12 -2.295305672539387456e-12
-4.229296210037706265e-11 -4.055362186473676553e-11 1.683246256066708511e-11 1.898548637205692050e-11 4.966865451334289715e-10 2.795761135699181403e-11 3.568762822804839164e-11 4.300716333737587423e-11 1.948814047197146446e-11 -3.320586770897159773e-12 8.883086319815519259e-12 1.004091019827472136e-11 9.570235698357721109e-12 1.690522935358035423e-12 -2.841707878234127965e-12 2.270404924461382349e-12 -3.422673355393692890e-12 2.316018618376727348e-12 4.725150129160434528e-12 -3.632932210526455015e-13 7.394047533752453363e-13 -6.168728689655814994e-12 3.805557370745093084e-12 -1.581090927380132251e-12 4.634045305329980022e-13 -7.875646263016772135e-13
-2.183421725734668646e-12 -8.776292987615507519e-11 -2.388642722116290225e-11 1.768224885970155050e-11 2.795761135699181403e-11 2.979843962901825773e-10 3.243071844288357544e-11 2.061292987184670291e-11 1.265550273774616894e-11 1.538207027112652308e-11 3.633369071070271470e-12 -7.483112577637687406e-12 -8.348786174932496150e-12 -2.146462600416055703e-12 1.018911120281689277e-12 6.466852063941504828e-12 -8.955939108938597700e-13 3.019931368655338125e-12 7.233882269078974906e-12 -9.869130050701569119e-13 1.011977023026010607e-12 -2.442634867100108142e-12 4.272253791396450696e-12 1.039493712684686418e-12 1.252463480286568934e-12 -6.679206689919607071e-14
-1.694554244155008823e-12 -5.028072575841471483e-11 4.240619660951057417e-11 4.062954738788393983e-11 3.568762822804839164e-11 3.243071844288357544e-11 1.995456343468747245e-10 2.634236922939901407e-11 9.744237329576125676e-12 6.847926660548165538e-12 3.313756418174506013e-12 8.445302139031035577e-13 5.465580649015756644e-13 4.335758874926112589e-12 1.979994930831189880e-12 -5.196992435258401776e-12 -5.448813296344233651e-12 -8.276339002628090818e-13 1.715101124301243899e-12 -2.239850284738797765e-12 2.649059715665075609e-12 -2.293434413800251562e-12 -1.828370337382550861e-12 -8.285430021440283549e-13 -8.892646787403586245e-13 -1.463416281737389430e-12
-5.714690300334123946e-12 -4.554454904613598016e-11 -3.661384860518060182e-11 6.054017991988589910e-12 4.300716333737587423e-11 2.061292987184670291e-11 2.634236922939901407e-11 1.409229808830332476e-10 1.544850151093390913e-11 9.827379180477683724e-12 8.071306016120887799e-12 -6.221553269841047138e-12 -6.646315723068545642e-12 7.947993756188579710e-13 -5.118910906180026057e-12 -1.045035591311699391e-12 3.296813641234885704e-12 -1.356767226969809154e-12 -1.087200249256502353e-12 -6.962420380818919096e-13 -2.985739993176976644e-12 8.775304502942281592e-13 1.975810601501145184e-12 2.247618479877337193e-12 -4.025372527719664423e-13 -1.247689406279044388e-12
2.116027525893238423e-11 1.007290962678298370e-11 -2.300302800633357133e-11 -9.362934666720407394e-12 1.948814047197146446e-11 1.265550273774616894e-11 9.744237329576125676e-12 1.544850151093390913e-11 9.360288822618661099e-11 2.103567746724664472e-11 1.006468207884008368e-11 5.087822016752476938e-12 6.821246567895776153e-13 -2.267327070815742132e-12 -3.145246473890178413e-13 -4.227751871512531318e-12 1.952390466465923292e-12 -1.499511789364490911e-13 -1.730847584087893566e-12 -2.940791805205909110e-12 -4.378299195775886664e-12 -1.592141876138671912e-13 2.804081329820309253e-12 2.418430870945048279e-12 3.227021722970618594e-13 -1.142461248389224767e-12
6.133130963512683509e-11 -2.728824604853003292e-11 -2.741480168405388200e-11 1.587185293190751523e-12 -3.320586770897159773e-12 1.538207027112652308e-11 6.847926660548165538e-12 9.827379180477683724e-12 2.103567746724664472e-11 7.081783641398366822e-11 1.956553546537939396e-11 6.154142944607085283e-12 3.342842397021629670e-12 6.811287942212796483e-13 3.009922534894739744e-12 -5.153774963254100132e-12 -2.080469468274648035e-12 2.516402618573015921e-13 -1.917168710926581420e-13 -2.574817681361439770e-12 -6.187073289818679032e-13 -6.651989714733598334e-13 -9.578886983822273075e-13 -1.574041995786369191e-12 1.761233256350534777e-12 -2.829801371170231519e-13
-3.710776570045148012e-11 3.665074373706219924e-11 -4.854143648485483028e-12 -1.120274484900725922e-11 8.883086319815519259e-12 3.633369071070271470e-12 3.313756418174506013e-12 8.071306016120887799e-12 1.006468207884008368e-11 1.956553546537939396e-11 6.081491328379165166e-11 2.103508830696382114e-11 7.004743332038105621e-12 8.058538226535182085e-12 1.596518015817790348e-12 -2.680849049617839012e-12 -4.833395339296195354e-12 -4.890205817149920716e-12 -4.536465440808271042e-12 -2.720106816115565650e-12 -1.149672097719538669e-12 -2.252010329778289991e-12 3.391240327460349255e-13 1.004078526496468133e-12 3.993631987708179463e-13 -5.371568034794715076e-14
-1.840530389914135196e-11 3.004393472281611666e-11 -2.378548759545934600e-11 -1.140021688739030354e-11 1.004091019827472136e-11 -7.483112577637687406e-12 8.445302139031035577e-13 -6.221553269841047138e-12 5.087822016752476938e-12 6.154142944607085283e-12 2.103508830696382114e-11 4.003100152003830436e-11 2.082307674084521685e-11 1.396079116481739838e-11 9.489946910571096200e-12 2.013159321298113405e-12 6.128853173777554784e-13 1.073287954542707062e-13 1.877408877516045459e-12 2.203453710545694511e-12 -5.129957900505454089e-13 -1.808117835837752627e-12 3.129202610974910816e-13 -2.644685627176823032e-13 2.836294036545739961e-13 1.274512609600297645e-12
2.489367902813482474e-11 2.948837307313544286e-11 -1.812944337028310825e-11 7.495916292004601160e-12 9.570235698357721109e-12 -8.348786174932496150e-12 5.465580649015756644e-13 -6.646315723068545642e-12 6.821246567895776153e-13 3.342842397021629670e-12 7.004743332038105621e-12 2.082307674084521685e-11 4.314895674862642266e-11 2.278685154183922962e-11 1.439417745332017303e-11 5.293625028757924223e-12 6.195964813888798016e-13 1.757325488308615866e-12 2.524438046382371413e-12 3.390660409617389312e-12 1.589339678708773061e-13 -1.628029594053308156e-12 -6.127590299097675316e-13 -2.249985830295667434e-12 5.521876361913267033e-13 6.644258710264168637e-13
-9.812408061871885452e-12 3.060592988187193396e-11 9.720226693932331107e-12 7.343050429723559696e-12 1.690522935358035423e-12 -2.146462600416055703e-12 4.335758874926112589e-12 7.947993756188579710e-13 -2.267327070815742132e-12 6.811287942212796483e-13 8.058538226535182085e-12 1.396079116481739838e-11 2.278685154183922962e-11 3.544476386908653784e-11 1.544483831685474372e-11 5.469341510508980974e-12 1.526342907703449433e-12 -2.441472348294772256e-13 1.590516898252793507e-13 2.476107346079073952e-12 1.016121613349930137e-12 -9.141388368986307239e-13 9.660820599643792490e-13 -2.411149452322218254e-12 9.905958492624855510e-13 -9.912863705457438390e-14
-1.798926915458892385e-11 1.107335783295131962e-11 9.943003369709239177e-12 1.418975577915698839e-11 -2.841707878234127965e-12 1.018911120281689277e-12 1.979994930831189880e-12 -5.118910906180026057e-12 -3.145246473890178413e-13 3.009922534894739744e-12 1.596518015817790348e-12 9.489946910571096200e-12 1.439417745332017303e-11 1.544483831685474372e-11 2.561535449812079557e-11 8.968639608350534305e-12 6.710523806131614967e-12 3.541519251402752119e-12 1.562323310705594679e-12 1.070110068292714131e-12 3.444318708953067985e-13 -1.265753755635672468e-12 8.718041505957242828e-13 -2.196954063731666446e-12 -7.686069223284088077e-13 2.538056196439139549e-13
-4.412306366715784686e-12 -2.224070868613501598e-12 4.471504978580909023e-12 2.803489778140762451e-12 2.270404924461382349e-12 6.466852063941504828e-12 -5.196992435258401776e-12 -1.045035591311699391e-12 -4.227751871512531318e-12 -5.153774963254100132e-12 -2.680849049617839012e-12 2.013159321298113405e-12 5.293625028757924223e-12 5.469341510508980974e-12 8.968639608350534305e-12 2.549902399772141591e-11 1.207574382050019380e-11 4.144444420263911758e-12 2.656714351846189966e-12 4.540036425430054215e-13 3.383456194666849665e-13 -9.431790342910346790e-13 -8.002514227296095065e-13 -3.934963470041624058e-13 -5.189513576350012490e-13 7.424241698835508271e-13
-9.115253198048700816e-14 -7.200645682156218518e-12 -7.565703868054645416e-13 1.323737267929607126e-11 -3.422673355393692890e-12 -8.955939108938597700e-13 -5.448813296344233651e-12 3.296813641234885704e-12 1.952390466465923292e-12 -2.080469468274648035e-12 -4.833395339296195354e-12 6.128853173777554784e-13 6.195964813888798016e-13 1.526342907703449433e-12 6.710523806131614967e-12 1.207574382050019380e-11 2.204635171979138651e-11 1.024708513761507800e-11 4.866695139655747255e-12 7.900002802276962728e-13 -1.110802877652065990e-13 -3.109016767149228978e-13 8.423112448092387861e-13 6.838445224691781394e-13 -1.807558906864812087e-12 6.597135071383562609e-13
-3.777821049638578267e-13 -1.495417285453496350e-11 -2.285475219456324131e-12 -2.763019843031688740e-12 2.316018618376727348e-12 3.019931368655338125e-12 -8.276339002628090818e-13 -1.356767226969809154e-12 -1.499511789364490911e-13 2.516402618573015921e-13 -4.890205817149920716e-12 1.073287954542707062e-13 1.757325488308615866e-12 -2.441472348294772256e-13 3.541519251402752119e-12 4.144444420263911758e-12 1.024708513761507800e-11 1.737887968438575928e-11 1.074269143582778953e-11 4.286085692044162639e-12 2.557321554619998337e-12 4.076674869380757043e-13 -5.601946080847859496e-13 -7.245834093348582915e-13 -1.151727395846322141e-12 9.744597910544431037e-13
-8.261179819096417668e-12 -3.697628012490854496e-12 -3.749109201550859755e-12 6.813777573617319023e-12 4.725150129160434528e-12 7.233882269078974906e-12 1.715101124301243899e-12 -1.087200249256502353e-12 -1.730847584087893566e-12 -1.917168710926581420e-13 -4.536465440808271042e-12 1.877408877516045459e-12 2.524438046382371413e-12 1.590516898252793507e-13 1.562323310705594679e-12 2.656714351846189966e-12 4.866695139655747255e-12 1.074269143582778953e-11 1.863400905446923457e-11 7.322705756615346229e-12 3.332024614916121878e-12 -4.177490093117788905e-13 -6.284179965140979453e-13 -2.875603307881433999e-13 -1.039891016406663470e-12 1.126360576840449789e-12
-1.135794640123148819e-11 -2.879409379064820651e-12 -2.679235583222498883e-12 -2.141984365814017356e-12 -3.632932210526455015e-13 -9.869130050701569119e-13 -2.239850284738797765e-12 -6.962420380818919096e-13 -2.940791805205909110e-12 -2.574817681361439770e-12 -2.720106816115565650e-12 2.203453710545694511e-12 3.390660409617389312e-12 2.476107346079073952e-12 1.070110068292714131e-12 4.540036425430054215e-13 7.900002802276962728e-13 4.286085692044162639e-12 7.322705756615346229e-12 1.533246431782974031e-11 7.708273804646782818e-12 2.232054641083144281e-12 -3.686383458531928238e-13 -1.939419554824625205e-13 -1.786328653797983577e-13 8.488219022812894068e-13
7.627610117773037413e-12 3.212908379007722541e-12 -7.607043402508096648e-12 -7.117097569309026921e-13 7.394047533752453363e-13 1.011977023026010607e-12 2.649059715665075609e-12 -2.985739993176976644e-12 -4.378299195775886664e-12 -6.187073289818679032e-13 -1.149672097719538669e-12 -5.129957900505454089e-13 1.589339678708773061e-13 1.016121613349930137e-12 3.444318708953067985e-13 3.383456194666849665e-13 -1.110802877652065990e-13 2.557321554619998337e-12 3.332024614916121878e-12 7.708273804646782818e-12 1.448900535053537894e-11 5.984889543786170064e-12 1.506066102163296854e-12 -4.514451557444217376e-13 -2.019866083236342232e-13 6.986661448079865066e-13
5.170377507190044320e-12 -1.093317961396644527e-11 3.125325314981227296e-12 -3.743146676920385780e-12 -6.168728689655814994e-12 -2.442634867100108142e-12 -2.293434413800251562e-12 8.775304502942281592e-13 -1.592141876138671912e-13 -6.651989714733598334e-13 -2.252010329778289991e-12 -1.808117835837752627e-12 -1.628029594053308156e-12 -9.141388368986307239e-13 -1.265753755635672468e-12 -9.431790342910346790e-13 -3.109016767149228978e-13 4.076674869380757043e-13 -4.177490093117788905e-13 2.232054641083144281e-12 5.984889543786170064e-12 9.343478475042539233e-12 2.047946864311917906e-12 -1.540574986703024676e-13 -1.240940015375993514e-13 7.092044781464632340e-14
-8.226832743118967582e-13 8.591124425768958063e-12 1.940583401583393067e-12 4.061499661390509488e-12 3.805557370745093084e-12 4.272253791396450696e-12 -1.828370337382550861e-12 1.975810601501145184e-12 2.804081329820309253e-12 -9.578886983822273075e-13 3.391240327460349255e-13 3.129202610974910816e-13 -6.127590299097675316e-13 9.660820599643792490e-13 8.718041505957242828e-13 -8.002514227296095065e-13 8.423112448092387861e-13 -5.601946080847859496e-13 -6.284179965140979453e-13 -3.686383458531928238e-13 1.506066102163296854e-12 2.047946864311917906e-12 7.027614901417005002e-12 9.465930754919291837e-13 -2.138081449948210327e-13 -1.883240741650430657e-13
-1.381107699263210118e-12 1.179537834790415700e-11 -1.160039400092606696e-12 -9.688243964144741807e-13 -1.581090927380132251e-12 1.039493712684686418e-12 -8.285430021440283549e-13 2.247618479877337193e-12 2.418430870945048279e-12 -1.574041995786369191e-12 1.004078526496468133e-12 -2.644685627176823032e-13 -2.249985830295667434e-12 -2.411149452322218254e-12 -2.196954063731666446e-12 -3.934963470041624058e-13 6.838445224691781394e-13 -7.245834093348582915e-13 -2.875603307881433999e-13 -1.939419554824625205e-13 -4.514451557444217376e-13 -1.540574986703024676e-13 9.465930754919291837e-13 4.885205445697415339e-12 1.266992167862704073e-13 1.183655559528139978e-13
-7.137436833664090183e-12 3.207897913085352765e-12 -2.176886853736043860e-12 -3.478319031212568979e-12 4.634045305329980022e-13 1.252463480286568934e-12 -8.892646787403586245e-13 -4.025372527719664423e-13 3.227021722970618594e-13 1.761233256350534777e-12 3.993631987708179463e-13 2.836294036545739961e-13 5.521876361913267033e-13 9.905958492624855510e-13 -7.686069223284088077e-13 -5.189513576350012490e-13 -1.807558906864812087e-12 -1.151727395846322141e-12 -1.039891016406663470e-12 -1.786328653797983577e-13 -2.019866083236342232e-13 -1.240940015375993514e-13 -2.138081449948210327e-13 1.266992167862704073e-13 4.238611651428354715e-12 3.825064025205901695e-13
-1.189288664701967745e-11 -2.212965968997860860e-12 6.223336302400592340e-13 -2.295305672539387456e-12 -7.875646263016772135e-13 -6.679206689919607071e-14 -1.463416281737389430e-12 -1.247689406279044388e-12 -1.142461248389224767e-12 -2.829801371170231519e-13 -5.371568034794715076e-14 1.274512609600297645e-12 6.644258710264168637e-13 -9.912863705457438390e-14 2.538056196439139549e-13 7.424241698835508271e-13 6.597135071383562609e-13 9.744597910544431037e-13 1.126360576840449789e-12 8.488219022812894068e-13 6.986661448079865066e-13 7.092044781464632340e-14 -1.883240741650430657e-13 1.183655559528139978e-13 3.825064025205901695e-13 2.444182664420471967e-12
