3.450875151766825615e-09 8.723138725495386512e-11 1.623768465045899844e-10 2.682154424010742602e-10 4.568790087002047947e-11 2.650187206205790365e-10 -1.207587390195346431e-11 -3.142065704368095671e-11 2.184420219786509028e-11 4.294893043084623780e-11 7.079757930227929509e-11 2.362620770640488699e-11 3.408499600571699618e-11 2.024145062752815385e-11 -1.161462778818193498e-11 1.680550119341922460e-11 4.273916694996898536e-11 4.516510493564935090e-11 3.753018707692527335e-11 4.155631041883676299e-11 1.632785019394970036e-11 -8.755343404585164801e-12 -1.702265571461591431e-11 -6.718182824490660277e-12 -1.647177899308116585e-11 -1.286451604582293575e-11
8.723138725495386512e-11 2.087551687032977355e-09 -1.407368879639501088e-11 4.663639191037147612e-11 -5.257561595079689984e-12 4.418315892387005503e-11 8.609606100695834626e-11 6.082214025427182818e-11 -6.604727411992243774e-13 2.224075654680444647e-12 3.860892641996973326e-11 -1.785144280632413275e-11 1.562214444660703322e-11 2.091998531524195159e-11 2.486929827237428001e-11 5.318444152519830523e-12 1.164078749712157332e-11 2.585470277121226048e-11 3.109630226776811499e-11 6.762505921562480621e-12 8.729197765967528531e-12 4.007386477773488790e-11 4.673619612019438972e-11 3.342453049169674873e-11 3.064887468795076731e-12 -1.030570385692137016e-11
1.623768465045899844e-10 -1.407368879639501088e-11 1.325914733208443761e-09 1.990122417405605214e-10 4.151600094050484156e-11 1.471107692306129927e-11 -1.042965509135351277e-11 8.907745341779517268e-13 -1.111549528933761298e-11 7.023442103182483915e-12 4.214447468456737445e-12 -8.184569708604997505e-12 -2.312501534261715625e-11 -2.494920561351328652e-11 -2.436753315359971057e-11 -3.673306021608755897e-11 -1.450656985869030536e-11 -1.520894699319582839e-12 1.514581886143491805e-11 2.610912674205423146e-11 2.334231831176110686e-11 -1.414978941344309060e-12 -9.433787129918313625e-12 -1.986804824746032383e-11 9.149308115539407345e-13 1.970181035263861592e-12
2.682154424010742602e-10 4.663639191037147612e-11 1.990122417405605214e-10 9.313505179906547680e-10 8.026596321636032111e-11 3.767904515727362441e-11 -3.334954874707236819e-11 2.576222888007284821e-11 2.753683519609988025e-11 3.535178965442213034e-11 4.720414032079880038e-12 5.883284294400878257e-12 2.104411768482417419e-11 2.329849472055533796e-11 2.185276666694201612e-11 1.419307315440132628e-11 2.478780500739924884e-11 1.243638308813362129e-11 1.616800490666374376e-11 2.231427639783626521e-11 1.454362541031863837e-11 1.141741008038736872e-11 -1.317440440755072980e-12 -5.003292730666004369e-12 -2.570692824933140784e-13 6.283991803700592393e-12
4.568790087002047947e-11 -5.257561595079689984e-12 4.151600094050484156e-11 8.026596321636032111e-11 5.806244224678037631e-10 3.808011134940159356e-11 7.714989389405341148e-12 2.151035391270592330e-11 3.694245060462436928e-11 -2.686718610014252883e-12 6.951525203677464080e-12 2.115011516166166940e-11 6.436136743243506584e-12 -3.375663760148107846e-13 7.098225782445485936e-12 6.621921264314072557e-12 8.436578650078622157e-12 -2.981878381322191186e-12 -1.307032722856168030e-11 -6.698213947461578640e-13 -6.170683873731401735e-12 2.812566963309285828e-12 -1.058345559570988885e-12 -2.657265652572443210e-12 7.962465733233770008e-13 4.409017572335718235e-12
2.650187206205790365e-10 4.418315892387005503e-11 1.471107692306129927e-11 3.767904515727362441e-11 3.808011134940159356e-11 4.226316554123734179e-10 4.275276522744655172e-11 -5.495641050329620566e-12 -9.682979895692063108e-13 2.089923994529681834e-11 5.088058326604318286e-12 1.948404326699967605e-11 9.643427168079325774e-12 2.526939855912937645e-11 1.177305011554103043e-11 4.535904108201415431e-12 6.158772468758547699e-12 1.278250961881164253e-11 6.997095219910147880e-12 1.191660004238299897e-11 6.398168500810986302e-12 1.218486646049909002e-11 5.029491541541624151e-12 -9.621089456506393317e-13 3.958862875190181666e-12 -4.432511249292039597e-13
-1.207587390195346431e-11 8.609606100695834626e-11 -1.042965509135351277e-11 -3.334954874707236819e-11 7.714989389405341148e-12 4.275276522744655172e-11 3.201852976767358728e-10 7.174300182991410492e-11 2.710732235717018673e-11 2.019445328262133492e-11 2.462950639597622118e-11 9.178637258145852714e-12 1.299192337609388797e-11 9.037426178605362027e-12 3.924242412715863067e-12 3.893367224996138760e-12 4.143007507788661466e-12 -2.060300449800345614e-12 -3.357901356211356605e-12 7.413106565883575570e-12 9.605143432850301021e-12 5.619376394104449690e-12 -2.834724885457708290e-12 -1.550264223994058423e-12 9.527072615634018925e-12 4.369176253902123994e-12
-3.142065704368095671e-11 6.082214025427182818e-11 8.907745341779517268e-13 2.576222888007284821e-11 2.151035391270592330e-11 -5.495641050329620566e-12 7.174300182991410492e-11 2.539689400350304641e-10 5.329564649091952486e-11 2.242428958190273873e-11 1.353657404119451118e-11 3.435228522704778224e-12 7.901708186655648146e-12 -5.160967298271005946e-12 4.775731633465101450e-12 1.218431697757463136e-12 -1.663437381908322203e-12 -1.820789177472753334e-12 9.613775264223627856e-13 3.615506597518575965e-12 5.837614511163459482e-12 6.879242414748314323e-13 -5.113745223969991476e-12 -4.569695683443192187e-12 4.331732616098852874e-12 3.757089201219399974e-12
2.184420219786509028e-11 -6.604727411992243774e-13 -1.111549528933761298e-11 2.753683519609988025e-11 3.694245060462436928e-11 -9.682979895692063108e-13 2.710732235717018673e-11 5.329564649091952486e-11 1.816752882340202071e-10 3.175693803135200500e-11 1.443974524183567467e-11 1.897148709041482081e-11 7.415349425903815962e-12 -2.809297270646309528e-12 4.172632941865404730e-12 3.205133354183730107e-12 5.372864926499660886e-12 1.031743711221193441e-12 4.695348581981653338e-13 -6.194180110821450438e-13 -1.391606223995789414e-12 5.022818040412545221e-12 -2.566835606810430702e-12 5.294517242957579114e-13 4.290216295926705133e-12 7.256523032315606735e-12
4.294893043084623780e-11 2.224075654680444647e-12 7.023442103182483915e-12 3.535178965442213034e-11 -2.686718610014252883e-12 2.089923994529681834e-11 2.019445328262133492e-11 2.242428958190273873e-11 3.175693803135200500e-11 1.238205621004585198e-10 3.425335744331117433e-11 2.063908478792805918e-11 4.419259197450553254e-12 9.566418652801279025e-12 7.136237751188347749e-12 5.807902012700765652e-12 9.364768269255242868e-12 4.671756919800541104e-12 4.372139352154045378e-12 -1.396294552705096185e-12 -7.688646353194452248e-12 -7.614069046517071965e-12 -5.553724108250143356e-12 -5.668615512584028875e-13 4.422437889846416430e-12 3.958364162521189726e-12
7.079757930227929509e-11 3.860892641996973326e-11 4.214447468456737445e-12 4.720414032079880038e-12 6.951525203677464080e-12 5.088058326604318286e-12 2.462950639597622118e-11 1.353657404119451118e-11 1.443974524183567467e-11 3.425335744331117433e-11 9.770277174198442106e-11 2.757186236520968552e-11 9.909548810466830887e-12 1.223384802387042357e-11 4.737991352559097352e-12 9.444224567117418033e-12 -1.052701851704879227e-12 2.743904110563847665e-12 7.389400991837578584e-12 1.977180772673841199e-12 -2.274288701059477862e-12 -3.489046840181096892e-12 1.520872626163236935e-12 1.876619983884079036e-12 2.047694355605746283e-12 7.248756792593799282e-13
2.362620770640488699e-11 -1.785144280632413275e-11 -8.184569708604997505e-12 5.883284294400878257e-12 2.115011516166166940e-11 1.948404326699967605e-11 9.178637258145852714e-12 3.435228522704778224e-12 1.897148709041482081e-11 2.063908478792805918e-11 2.757186236520968552e-11 8.184350745576537681e-11 2.521947109134536072e-11 1.908181992300225212e-11 7.981310096397119223e-12 8.646180787799035354e-12 7.707008308349123402e-12 6.625248534362279199e-12 7.803798033401732450e-12 3.157378505881123661e-12 -9.697062513779114865e-15 -1.914269145141424208e-12 -8.170834964068625114e-13 6.578428478329862508e-14 1.309120573601639975e-12 2.682566907483890113e-12
3.408499600571699618e-11 1.562214444660703322e-11 -2.312501534261715625e-11 2.104411768482417419e-11 6.436136743243506584e-12 9.643427168079325774e-12 1.299192337609388797e-11 7.901708186655648146e-12 7.415349425903815962e-12 4.419259197450553254e-12 9.909548810466830887e-12 2.521947109134536072e-11 5.975888910169652555e-11 2.437520989170853686e-11 1.268713927098839939e-11 3.514135082199204290e-12 4.767617877956206003e-12 3.850643218739366891e-12 5.838496033130474098e-12 5.039527666464211688e-12 1.681041418969164376e-12 -2.006807468948464743e-12 -9.309772303923301830e-13 1.271197489958053664e-12 -6.891530614272861885e-13 -4.815229178022263301e-12
2.024145062752815385e-11 2.091998531524195159e-11 -2.494920561351328652e-11 2.329849472055533796e-11 -3.375663760148107846e-13 2.526939855912937645e-11 9.037426178605362027e-12 -5.160967298271005946e-12 -2.809297270646309528e-12 9.566418652801279025e-12 1.223384802387042357e-11 1.908181992300225212e-11 2.437520989170853686e-11 4.780547899279965309e-11 2.071420213111612533e-11 7.610540919257359718e-12 4.868552621497744540e-12 4.724018088977096587e-12 6.426192106175118656e-12 1.199091400001688484e-13 1.330951769938629368e-12 3.109853396652148095e-12 5.814334659502154269e-12 5.142382979567792565e-12 8.496467935146138383e-14 -2.459558282151062008e-13
-1.161462778818193498e-11 2.486929827237428001e-11 -2.436753315359971057e-11 2.185276666694201612e-11 7.098225782445485936e-12 1.177305011554103043e-11 3.924242412715863067e-12 4.775731633465101450e-12 4.172632941865404730e-12 7.136237751188347749e-12 4.737991352559097352e-12 7.981310096397119223e-12 1.268713927098839939e-11 2.071420213111612533e-11 4.383803108218623070e-11 2.311671635995761272e-11 1.619909345547189160e-11 9.269097151732518207e-12 5.039126513887623511e-12 2.113270653248284863e-12 3.172201402636590294e-12 4.809940082194013257e-12 3.982109307510034055e-12 2.623312538487591358e-12 -8.606908732822010711e-13 4.127508250677465212e-13
1.680550119341922460e-11 5.318444152519830523e-12 -3.673306021608755897e-11 1.419307315440132628e-11 6.621921264314072557e-12 4.535904108201415431e-12 3.893367224996138760e-12 1.218431697757463136e-12 3.205133354183730107e-12 5.807902012700765652e-12 9.444224567117418033e-12 8.646180787799035354e-12 3.514135082199204290e-12 7.610540919257359718e-12 2.311671635995761272e-11 3.877665654860604367e-11 2.453781013217987127e-11 1.252647117430089537e-11 6.946030494107832074e-12 5.754179763274649684e-12 2.228014740082693570e-12 3.813143682932848420e-12 3.830427050306476658e-12 2.156353230692067326e-12 -4.369430896551706126e-14 2.066257163508276722e-12
4.273916694996898536e-11 1.164078749712157332e-11 -1.450656985869030536e-11 2.478780500739924884e-11 8.436578650078622157e-12 6.158772468758547699e-12 4.143007507788661466e-12 -1.663437381908322203e-12 5.372864926499660886e-12 9.364768269255242868e-12 -1.052701851704879227e-12 7.707008308349123402e-12 4.767617877956206003e-12 4.868552621497744540e-12 1.619909345547189160e-11 2.453781013217987127e-11 4.854485689420590054e-11 2.869251314961446425e-11 1.451301770362164126e-11 8.640428699312836494e-12 8.454753681365963009e-13 -2.813644648709960715e-13 -1.110810496823886633e-12 -4.973884274242626737e-13 -1.404531464096338736e-12 -3.135377769440477343e-13
4.516510493564935090e-11 2.585470277121226048e-11 -1.520894699319582839e-12 1.243638308813362129e-11 -2.981878381322191186e-12 1.278250961881164253e-11 -2.060300449800345614e-12 -1.820789177472753334e-12 1.031743711221193441e-12 4.671756919800541104e-12 2.743904110563847665e-12 6.625248534362279199e-12 3.850643218739366891e-12 4.724018088977096587e-12 9.269097151732518207e-12 1.252647117430089537e-11 2.869251314961446425e-11 3.559910846721194761e-11 2.286721428721442630e-11 1.358285666341461037e-11 3.877061597854808617e-12 8.866186774594874123e-13 1.796025692012710193e-12 2.529969329625245813e-12 2.122191024838024115e-13 -5.061408061714205308e-13
3.753018707692527335e-11 3.109630226776811499e-11 1.514581886143491805e-11 1.616800490666374376e-11 -1.307032722856168030e-11 6.997095219910147880e-12 -3.357901356211356605e-12 9.613775264223627856e-13 4.695348581981653338e-13 4.372139352154045378e-12 7.389400991837578584e-12 7.803798033401732450e-12 5.838496033130474098e-12 6.426192106175118656e-12 5.039126513887623511e-12 6.946030494107832074e-12 1.451301770362164126e-11 2.286721428721442630e-11 3.642501176463967665e-11 2.026840328778866930e-11 6.818613955672631794e-12 9.866672168830158812e-13 2.643093436232017509e-12 1.561306155765132757e-12 4.129436650116468012e-14 -1.177922560793865022e-12
4.155631041883676299e-11 6.762505921562480621e-12 2.610912674205423146e-11 2.231427639783626521e-11 -6.698213947461578640e-13 1.191660004238299897e-11 7.413106565883575570e-12 3.615506597518575965e-12 -6.194180110821450438e-13 -1.396294552705096185e-12 1.977180772673841199e-12 3.157378505881123661e-12 5.039527666464211688e-12 1.199091400001688484e-13 2.113270653248284863e-12 5.754179763274649684e-12 8.640428699312836494e-12 1.358285666341461037e-11 2.026840328778866930e-11 3.062748776985943107e-11 1.533946218472842534e-11 5.554618530877959136e-12 2.279556826894371857e-12 -6.405367663346854892e-13 -1.381537899225712486e-12 -2.229314099205362829e-12
1.632785019394970036e-11 8.729197765967528531e-12 2.334231831176110686e-11 1.454362541031863837e-11 -6.170683873731401735e-12 6.398168500810986302e-12 9.605143432850301021e-12 5.837614511163459482e-12 -1.391606223995789414e-12 -7.688646353194452248e-12 -2.274288701059477862e-12 -9.697062513779114865e-15 1.681041418969164376e-12 1.330951769938629368e-12 3.172201402636590294e-12 2.228014740082693570e-12 8.454753681365963009e-13 3.877061597854808617e-12 6.818613955672631794e-12 1.533946218472842534e-11 2.694567724520622216e-11 1.506898088648802649e-11 5.462265109600067860e-12 1.543718531541605975e-12 -1.002038308129016766e-12 -1.072707516319821678e-12
-8.755343404585164801e-12 4.007386477773488790e-11 -1.414978941344309060e-12 1.141741008038736872e-11 2.812566963309285828e-12 1.218486646049909002e-11 5.619376394104449690e-12 6.879242414748314323e-13 5.022818040412545221e-12 -7.614069046517071965e-12 -3.489046840181096892e-12 -1.914269145141424208e-12 -2.006807468948464743e-12 3.109853396652148095e-12 4.809940082194013257e-12 3.813143682932848420e-12 -2.813644648709960715e-13 8.866186774594874123e-13 9.866672168830158812e-13 5.554618530877959136e-12 1.506898088648802649e-11 2.716198048971943668e-11 1.532965551228296502e-11 7.074972447019381379e-12 -9.553292469385368001e-14 3.965783579345848949e-13
-1.702265571461591431e-11 4.673619612019438972e-11 -9.433787129918313625e-12 -1.317440440755072980e-12 -1.058345559570988885e-12 5.029491541541624151e-12 -2.834724885457708290e-12 -5.113745223969991476e-12 -2.566835606810430702e-12 -5.553724108250143356e-12 1.520872626163236935e-12 -8.170834964068625114e-13 -9.309772303923301830e-13 5.814334659502154269e-12 3.982109307510034055e-12 3.830427050306476658e-12 -1.110810496823886633e-12 1.796025692012710193e-12 2.643093436232017509e-12 2.279556826894371857e-12 5.462265109600067860e-12 1.532965551228296502e-11 2.797067998486052656e-11 1.427530752102060802e-11 6.043174308459565265e-13 -4.744178946423598678e-13
-6.718182824490660277e-12 3.342453049169674873e-11 -1.986804824746032383e-11 -5.003292730666004369e-12 -2.657265652572443210e-12 -9.621089456506393317e-13 -1.550264223994058423e-12 -4.569695683443192187e-12 5.294517242957579114e-13 -5.668615512584028875e-13 1.876619983884079036e-12 6.578428478329862508e-14 1.271197489958053664e-12 5.142382979567792565e-12 2.623312538487591358e-12 2.156353230692067326e-12 -4.973884274242626737e-13 2.529969329625245813e-12 1.561306155765132757e-12 -6.405367663346854892e-13 1.543718531541605975e-12 7.074972447019381379e-12 1.427530752102060802e-11 2.184577832335545436e-11 5.942028287482241564e-12 -6.848758546506954973e-13
-1.647177899308116585e-11 3.064887468795076731e-12 9.149308115539407345e-13 -2.570692824933140784e-13 7.962465733233770008e-13 3.958862875190181666e-12 9.527072615634018925e-12 4.331732616098852874e-12 4.290216295926705133e-12 4.422437889846416430e-12 2.047694355605746283e-12 1.309120573601639975e-12 -6.891530614272861885e-13 8.496467935146138383e-14 -8.606908732822010711e-13 -4.369430896551706126e-14 -1.404531464096338736e-12 2.122191024838024115e-13 4.129436650116468012e-14 -1.381537899225712486e-12 -1.002038308129016766e-12 -9.553292469385368001e-14 6.043174308459565265e-13 5.942028287482241564e-12 1.234216241453394036e-11 4.480703110994965334e-12
-1.286451604582293575e-11 -1.030570385692137016e-11 1.970181035263861592e-12 6.283991803700592393e-12 4.409017572335718235e-12 -4.432511249292039597e-13 4.369176253902123994e-12 3.757089201219399974e-12 7.256523032315606735e-12 3.958364162521189726e-12 7.248756792593799282e-13 2.682566907483890113e-12 -4.815229178022263301e-12 -2.459558282151062008e-13 4.127508250677465212e-13 2.066257163508276722e-12 -3.135377769440477343e-13 -5.061408061714205308e-13 -1.177922560793865022e-12 -2.229314099205362829e-12 -1.072707516319821678e-12 3.965783579345848949e-13 -4.744178946423598678e-13 -6.848758546506954973e-13 4.480703110994965334e-12 1.187258334308834396e-11
