2.740881869847040663e-09 1.513218390352003697e-10 2.317351696959189552e-10 -1.140969233561779874e-10 8.309496952411191440e-12 1.459792353146997661e-11 1.676356867768177919e-11 1.252213684496725543e-11 1.213152459880437689e-12 -3.254058876295195896e-11 -6.886768997611432108e-11 3.528572365195781383e-11 -1.786961994390069724e-11 1.018668542631218257e-11 7.918758674034641570e-12 9.079906552813267373e-12 -2.044679837381547287e-11 -2.434348712625061556e-11 -1.976440737502634406e-11 -1.778055804949569731e-11 -2.977657929841127516e-12 -2.487311397720520686e-12 2.399356814777541413e-12 2.199020481649448799e-12 6.195639540994808582e-13 -1.465847881354274889e-12
1.513218390352003697e-10 2.062317702359929805e-09 -5.341598776654537686e-11 -5.403249955276111271e-11 3.612831470550800370e-11 6.471299816406460604e-11 3.574673102148085871e-11 -1.595457643128979213e-12 1.864714413160874982e-11 -6.752593058807190852e-12 -2.505979868430088217e-12 1.698223015362757686e-11 -7.428289836603441990e-12 7.095018162145952504e-12 2.909223707773404475e-11 3.990462798784018835e-11 1.769340134534181931e-11 -1.640148352514610776e-12 2.876626467962359078e-12 -1.119625463225412792e-11 -1.136197680821372152e-11 -8.830214661292868089e-12 -2.709935383518716124e-12 -4.316585137209365879e-12 1.586287544781022164e-12 2.864652739577958762e-12
2.317351696959189552e-10 -5.341598776654537686e-11 1.195849214077780966e-09 2.660624229739421754e-11 -7.344311712441671744e-11 1.941904133409500349e-11 6.670009955471591242e-11 7.103903173875572627e-12 -1.000030519612503474e-11 3.222926948292417757e-11 2.844033410642515104e-11 2.522472681535627149e-11 2.699263275792280925e-12 1.966134115598247974e-12 8.456886583204194579e-12 -8.051022489998607266e-12 2.575128241011924887e-12 4.538987590180506694e-12 1.275941164985387721e-12 6.115154705819812707e-12 9.254307045647836350e-12 1.187718687103720792e-11 3.817521951022910195e-12 9.459933289613751347e-12 2.620033616580179201e-12 2.339878876478852804e-12
-1.140969233561779874e-10 -5.403249955276111271e-11 2.660624229739421754e-11 7.734585390703683585e-10 6.569009287413121245e-11 6.226162544402615466e-12 -7.816885450738251048e-12 -1.581272347967843427e-11 2.693429386042260793e-12 -9.174547242718324571e-12 2.663796655066202749e-11 5.979904437632439504e-12 5.764931777587810482e-13 7.700978488457518411e-13 3.276097854073836765e-12 -3.295430407581185089e-12 -3.336496196525276373e-12 8.256705377219346203e-12 -1.393700096179267438e-11 -5.754339939595428892e-12 8.866574293525223471e-12 5.928370593284840810e-12 3.470474293417901634e-12 8.484307329650383852e-12 -3.658186303362684747e-12 -2.107576043503063697e-12
8.309496952411191440e-12 3.612831470550800370e-11 -7.344311712441671744e-11 6.569009287413121245e-11 5.917285303338643119e-10 3.401223304796503442e-11 -5.592945428636702085e-12 3.178894814605406041e-11 6.124086286846986433e-12 -1.142681916610917147e-11 8.850083031798743583e-12 -1.680400548920794078e-11 -2.574397029143257453e-11 -1.935680037350630295e-13 1.347752761514809076e-12 -7.766448949399464948e-12 -6.040580236869456770e-12 -2.576791137932502995e-13 6.216034843674359310e-12 -3.164374975312439022e-12 -1.738312100924506502e-12 -1.027018277788494117e-12 -1.101722709556369774e-12 -9.568536376613885786e-12 -2.959441189570478752e-12 2.041633921924256422e-12
1.459792353146997661e-11 6.471299816406460604e-11 1.941904133409500349e-11 6.226162544402615466e-12 3.401223304796503442e-11 3.994153404898213332e-10 5.539300895272867726e-11 1.839051486936952187e-11 3.651345316241041356e-11 2.267038937260601686e-12 1.028572186351399356e-11 2.292226469806804415e-12 -9.133132427787661335e-12 -3.331668274386687877e-12 8.635781201106453902e-12 5.484205801416434226e-12 5.743946623114685390e-12 2.486123886256720615e-12 3.002488408468830963e-12 5.526240308256422767e-12 -1.093083104385964847e-12 1.922016429177477653e-12 8.184484177365346251e-13 -1.596176071992810254e-12 1.812627385337697805e-12 1.192306670666917652e-13
1.676356867768177919e-11 3.574673102148085871e-11 6.670009955471591242e-11 -7.816885450738251048e-12 -5.592945428636702085e-12 5.539300895272867726e-11 2.788500833859855845e-10 2.149870113574905607e-11 1.529487008010193559e-12 6.588554828193488467e-12 1.625170728372356838e-12 4.988144502624860129e-12 2.883905469427811087e-12 -4.242961023195229746e-12 5.300877333396882859e-12 1.338975075419857653e-11 1.301271866065740586e-11 7.373453734028881948e-12 1.198183742257419137e-11 4.367594095118686759e-12 6.291141657763913325e-13 -1.298792827324969813e-12 -5.555622158317358553e-13 -3.943842413075166856e-12 -7.808235585357766332e-13 -2.193529900038181360e-12
1.252213684496725543e-11 -1.595457643128979213e-12 7.103903173875572627e-12 -1.581272347967843427e-11 3.178894814605406041e-11 1.839051486936952187e-11 2.149870113574905607e-11 1.600553780226390757e-10 1.503660666649380508e-11 9.416418052919243230e-12 -7.071108652083603113e-12 -2.184900198111131278e-12 3.189716323802067750e-12 8.800449706425623773e-12 9.369227795039288810e-12 2.954107330476934382e-12 -5.942912086634600818e-12 1.709683896516999895e-13 4.572118548541878571e-12 -6.087606453188429385e-13 -1.381506349075449365e-13 -1.635034084104852007e-12 1.139835724066203434e-12 1.684799487212596901e-12 1.737286293783761170e-12 1.523437227797953500e-13
1.213152459880437689e-12 1.864714413160874982e-11 -1.000030519612503474e-11 2.693429386042260793e-12 6.124086286846986433e-12 3.651345316241041356e-11 1.529487008010193559e-12 1.503660666649380508e-11 1.203299592613095303e-10 1.941058313299475279e-11 8.233170892768383451e-12 8.258970573969992344e-12 -4.520790988220303799e-12 -2.624447816460291305e-12 -4.999307825330900505e-12 -3.290484673975149276e-12 -1.739140611390483569e-12 -6.365374849590209898e-12 -1.035633049595181165e-12 -2.107516666648962644e-12 -1.469567597730146520e-12 5.660223324004381695e-13 -3.298381503060862389e-13 1.545532709134542148e-13 2.089379387329517368e-12 2.054450621505341598e-12
-3.254058876295195896e-11 -6.752593058807190852e-12 3.222926948292417757e-11 -9.174547242718324571e-12 -1.142681916610917147e-11 2.267038937260601686e-12 6.588554828193488467e-12 9.416418052919243230e-12 1.941058313299475279e-11 9.264234885729438227e-11 1.160832373251114094e-11 1.056071008449340708e-11 4.984497074427232299e-12 3.662631487394232524e-12 1.630259556969354418e-12 3.860278137288632252e-12 -2.403119366590777693e-12 -3.341921721878115100e-12 1.247472248049632884e-14 -3.427556215264397695e-14 1.470856402856662184e-12 3.370213035218667548e-12 2.720821405840087089e-12 1.326881076809162858e-12 1.463536816770203812e-12 9.237802404251068020e-13
-6.886768997611432108e-11 -2.505979868430088217e-12 2.844033410642515104e-11 2.663796655066202749e-11 8.850083031798743583e-12 1.028572186351399356e-11 1.625170728372356838e-12 -7.071108652083603113e-12 8.233170892768383451e-12 1.160832373251114094e-11 7.064121888716296180e-11 1.998412712653674198e-11 1.042334386967402325e-11 -5.139686677709002454e-14 6.604690518465587092e-13 7.427652985548095354e-14 1.459389607215178289e-12 -1.255271406022826604e-12 1.044864457296994773e-12 -3.330442567289532215e-13 -8.128308083318521863e-13 -6.778998550311107823e-13 8.680788229533610932e-13 1.519900674444245096e-12 3.794086547129258345e-13 6.493290132709093657e-13
3.528572365195781383e-11 1.698223015362757686e-11 2.522472681535627149e-11 5.979904437632439504e-12 -1.680400548920794078e-11 2.292226469806804415e-12 4.988144502624860129e-12 -2.184900198111131278e-12 8.258970573969992344e-12 1.056071008449340708e-11 1.998412712653674198e-11 4.769016131461195000e-11 1.129865825225604631e-11 5.605452184825728473e-12 4.530814089698506011e-12 1.319448383708750014e-12 1.084717959775855219e-12 -4.204826945188360880e-13 8.957329275460336863e-13 -1.334024533623947769e-12 -5.736232310218828132e-13 7.727588433321437056e-13 -1.002395183689129338e-12 1.459682380284339394e-12 1.978323627466739089e-12 3.337101354645965186e-13
-1.786961994390069724e-11 -7.428289836603441990e-12 2.699263275792280925e-12 5.764931777587810482e-13 -2.574397029143257453e-11 -9.133132427787661335e-12 2.883905469427811087e-12 3.189716323802067750e-12 -4.520790988220303799e-12 4.984497074427232299e-12 1.042334386967402325e-11 1.129865825225604631e-11 3.980500393834641052e-11 1.303814781024063783e-11 3.777305589577150346e-12 3.375573186011769748e-12 1.601518032041023621e-13 2.517049079951681603e-12 2.439039811919322813e-12 2.174481360926526597e-12 -6.562710160261653004e-13 -1.005931156672018216e-12 1.248627134093828328e-13 3.064375692686006578e-13 4.836654844995367430e-13 -1.415938145591581583e-12
1.018668542631218257e-11 7.095018162145952504e-12 1.966134115598247974e-12 7.700978488457518411e-13 -1.935680037350630295e-13 -3.331668274386687877e-12 -4.242961023195229746e-12 8.800449706425623773e-12 -2.624447816460291305e-12 3.662631487394232524e-12 -5.139686677709002454e-14 5.605452184825728473e-12 1.303814781024063783e-11 3.121468553838914363e-11 1.066493560059514785e-11 4.908269982129673700e-12 -3.816221283300602248e-13 1.991270356467999916e-12 1.598809902220615502e-12 4.178215634335737140e-13 -3.131729528794221281e-13 -1.178738181291484081e-12 -7.640464587566689985e-13 -8.436722281659315590e-13 3.658989667923530299e-13 4.649007848945275395e-15
7.918758674034641570e-12 2.909223707773404475e-11 8.456886583204194579e-12 3.276097854073836765e-12 1.347752761514809076e-12 8.635781201106453902e-12 5.300877333396882859e-12 9.369227795039288810e-12 -4.999307825330900505e-12 1.630259556969354418e-12 6.604690518465587092e-13 4.530814089698506011e-12 3.777305589577150346e-12 1.066493560059514785e-11 2.510739919350434671e-11 1.068786069366666262e-11 4.978220669120256169e-12 1.581456704362445862e-12 8.948042916736397806e-13 -1.662132215898804481e-13 -3.848492434342207604e-13 -6.615586214752472706e-13 7.073246660827133303e-13 9.051931637992494288e-13 1.133289324583482780e-12 -1.905037994366604361e-13
9.079906552813267373e-12 3.990462798784018835e-11 -8.051022489998607266e-12 -3.295430407581185089e-12 -7.766448949399464948e-12 5.484205801416434226e-12 1.338975075419857653e-11 2.954107330476934382e-12 -3.290484673975149276e-12 3.860278137288632252e-12 7.427652985548095354e-14 1.319448383708750014e-12 3.375573186011769748e-12 4.908269982129673700e-12 1.068786069366666262e-11 2.226090790396274757e-11 9.316941688711153012e-12 3.354618088259027276e-12 1.531405127345994731e-12 7.958962774601711962e-13 4.667292358087297129e-13 -8.442666574091828443e-13 -6.252096702370319165e-14 5.120124920313204154e-13 7.554264229279828429e-13 -3.151677675472945187e-13
-2.044679837381547287e-11 1.769340134534181931e-11 2.575128241011924887e-12 -3.336496196525276373e-12 -6.040580236869456770e-12 5.743946623114685390e-12 1.301271866065740586e-11 -5.942912086634600818e-12 -1.739140611390483569e-12 -2.403119366590777693e-12 1.459389607215178289e-12 1.084717959775855219e-12 1.601518032041023621e-13 -3.816221283300602248e-13 4.978220669120256169e-12 9.316941688711153012e-12 2.145261253233502656e-11 8.001707559806298903e-12 3.538410602692520966e-12 1.617418657964179167e-12 7.173985124441443083e-13 7.082689504572038078e-14 -6.164702376340536790e-14 2.239084577988479055e-14 1.571171873616649812e-13 -2.655311391777873706e-13
-2.434348712625061556e-11 -1.640148352514610776e-12 4.538987590180506694e-12 8.256705377219346203e-12 -2.576791137932502995e-13 2.486123886256720615e-12 7.373453734028881948e-12 1.709683896516999895e-13 -6.365374849590209898e-12 -3.341921721878115100e-12 -1.255271406022826604e-12 -4.204826945188360880e-13 2.517049079951681603e-12 1.991270356467999916e-12 1.581456704362445862e-12 3.354618088259027276e-12 8.001707559806298903e-12 1.327302410390769398e-11 4.802764939318719799e-12 2.370364250283091699e-12 5.230320804669176801e-13 -8.999906164806655716e-14 -7.385079830085018672e-13 5.463722884049860077e-13 3.420680013749277796e-14 -3.068373683006123510e-13
-1.976440737502634406e-11 2.876626467962359078e-12 1.275941164985387721e-12 -1.393700096179267438e-11 6.216034843674359310e-12 3.002488408468830963e-12 1.198183742257419137e-11 4.572118548541878571e-12 -1.035633049595181165e-12 1.247472248049632884e-14 1.044864457296994773e-12 8.957329275460336863e-13 2.439039811919322813e-12 1.598809902220615502e-12 8.948042916736397806e-13 1.531405127345994731e-12 3.538410602692520966e-12 4.802764939318719799e-12 1.064094221457500575e-11 4.282337520514234972e-12 3.327434073768773282e-13 -4.271717552790584771e-13 1.170564347828788721e-13 5.245459960600585029e-13 -4.914979912936615402e-14 9.911868036670332575e-14
-1.778055804949569731e-11 -1.119625463225412792e-11 6.115154705819812707e-12 -5.754339939595428892e-12 -3.164374975312439022e-12 5.526240308256422767e-12 4.367594095118686759e-12 -6.087606453188429385e-13 -2.107516666648962644e-12 -3.427556215264397695e-14 -3.330442567289532215e-13 -1.334024533623947769e-12 2.174481360926526597e-12 4.178215634335737140e-13 -1.662132215898804481e-13 7.958962774601711962e-13 1.617418657964179167e-12 2.370364250283091699e-12 4.282337520514234972e-12 7.251332158355101749e-12 2.455371416145337174e-12 3.499429273212152553e-13 1.177580144206557855e-13 3.059906859980755650e-13 -1.332510671555363510e-14 3.178928469663687216e-13
-2.977657929841127516e-12 -1.136197680821372152e-11 9.254307045647836350e-12 8.866574293525223471e-12 -1.738312100924506502e-12 -1.093083104385964847e-12 6.291141657763913325e-13 -1.381506349075449365e-13 -1.469567597730146520e-12 1.470856402856662184e-12 -8.128308083318521863e-13 -5.736232310218828132e-13 -6.562710160261653004e-13 -3.131729528794221281e-13 -3.848492434342207604e-13 4.667292358087297129e-13 7.173985124441443083e-13 5.230320804669176801e-13 3.327434073768773282e-13 2.455371416145337174e-12 9.921455109743418206e-12 2.762076576427857446e-12 6.842171691367631467e-13 1.186648798809098481e-13 4.564809511370058798e-14 1.623030104726370634e-13
-2.487311397720520686e-12 -8.830214661292868089e-12 1.187718687103720792e-11 5.928370593284840810e-12 -1.027018277788494117e-12 1.922016429177477653e-12 -1.298792827324969813e-12 -1.635034084104852007e-12 5.660223324004381695e-13 3.370213035218667548e-12 -6.778998550311107823e-13 7.727588433321437056e-13 -1.005931156672018216e-12 -1.178738181291484081e-12 -6.615586214752472706e-13 -8.442666574091828443e-13 7.082689504572038078e-14 -8.999906164806655716e-14 -4.271717552790584771e-13 3.499429273212152553e-13 2.762076576427857446e-12 6.922658698700226593e-12 1.803316303030370438e-12 2.192630629961333212e-13 4.444910192868328865e-13 3.659487632736206308e-13
2.399356814777541413e-12 -2.709935383518716124e-12 3.817521951022910195e-12 3.470474293417901634e-12 -1.101722709556369774e-12 8.184484177365346251e-13 -5.555622158317358553e-13 1.139835724066203434e-12 -3.298381503060862389e-13 2.720821405840087089e-12 8.680788229533610932e-13 -1.002395183689129338e-12 1.248627134093828328e-13 -7.640464587566689985e-13 7.073246660827133303e-13 -6.252096702370319165e-14 -6.164702376340536790e-14 -7.385079830085018672e-13 1.170564347828788721e-13 1.177580144206557855e-13 6.842171691367631467e-13 1.803316303030370438e-12 4.568693039696089129e-12 9.990566748293373372e-13 1.419974506936461441e-13 1.365145966021628194e-13
2.199020481649448799e-12 -4.316585137209365879e-12 9.459933289613751347e-12 8.484307329650383852e-12 -9.568536376613885786e-12 -1.596176071992810254e-12 -3.943842413075166856e-12 1.684799487212596901e-12 1.545532709134542148e-13 1.326881076809162858e-12 1.519900674444245096e-12 1.459682380284339394e-12 3.064375692686006578e-13 -8.436722281659315590e-13 9.051931637992494288e-13 5.120124920313204154e-13 2.239084577988479055e-14 5.463722884049860077e-13 5.245459960600585029e-13 3.059906859980755650e-13 1.186648798809098481e-13 2.192630629961333212e-13 9.990566748293373372e-13 4.683987769337268590e-12 7.948825957199020778e-13 2.704375086889135928e-13
6.195639540994808582e-13 1.586287544781022164e-12 2.620033616580179201e-12 -3.658186303362684747e-12 -2.959441189570478752e-12 1.812627385337697805e-12 -7.808235585357766332e-13 1.737286293783761170e-12 2.089379387329517368e-12 1.463536816770203812e-12 3.794086547129258345e-13 1.978323627466739089e-12 4.836654844995367430e-13 3.658989667923530299e-13 1.133289324583482780e-12 7.554264229279828429e-13 1.571171873616649812e-13 3.420680013749277796e-14 -4.914979912936615402e-14 -1.332510671555363510e-14 4.564809511370058798e-14 4.444910192868328865e-13 1.419974506936461441e-13 7.948825957199020778e-13 2.721929943542199207e-12 4.828253347599835150e-13
-1.465847881354274889e-12 2.864652739577958762e-12 2.339878876478852804e-12 -2.107576043503063697e-12 2.041633921924256422e-12 1.192306670666917652e-13 -2.193529900038181360e-12 1.523437227797953500e-13 2.054450621505341598e-12 9.237802404251068020e-13 6.493290132709093657e-13 3.337101354645965186e-13 -1.415938145591581583e-12 4.649007848945275395e-15 -1.905037994366604361e-13 -3.151677675472945187e-13 -2.655311391777873706e-13 -3.068373683006123510e-13 9.911868036670332575e-14 3.178928469663687216e-13 1.623030104726370634e-13 3.659487632736206308e-13 1.365145966021628194e-13 2.704375086889135928e-13 4.828253347599835150e-13 1.725750914113752952e-12
