2.869019157800767528e-09 4.611235026213169668e-11 -1.782117872344843280e-10 7.654212332124897675e-12 -1.281651819460381289e-10 4.971827867739766026e-11 -4.489709639884976552e-11 -3.749997594888501910e-11 4.659274626643873925e-11 4.516906576092652222e-11 -2.680985509455875688e-12 -1.791718581622866840e-11 1.316431609143249131e-11 1.993169142982076567e-11 1.836551161162919398e-11 1.046293463519562504e-11 -5.472261799323717022e-12 1.299949859478844881e-11 8.170565220555240359e-12 3.226652077104686928e-12 -1.330333775242582231e-12 -2.914832454762839134e-12 4.420794788103915886e-12 4.333099981327552599e-12 3.556800694826116889e-12 2.359315739759428143e-12
4.611235026213169668e-11 2.095429285321388299e-09 2.880487831451297611e-11 1.081346085159258119e-10 -3.919881595585492096e-11 3.376624007716127285e-11 -2.728170969455462147e-11 3.371604038357303599e-11 -2.029119267033463230e-12 -9.553267189849249220e-12 -4.654492119307766214e-12 1.837359486988436154e-11 -5.393998908191032432e-12 2.827142712953997956e-11 6.858459410392374398e-12 1.769420470949927083e-11 -4.597259851763925151e-12 1.013211437359141505e-12 -1.163193020754747279e-11 -5.087524766011648310e-12 -1.331799160982491810e-11 5.475637995164340850e-12 1.613901474721123511e-11 4.414008697067627509e-12 9.318843754397745760e-12 1.116035757382534267e-11
-1.782117872344843280e-10 2.880487831451297611e-11 1.480194522765793674e-09 4.332891459255755960e-11 1.223676956217166326e-10 7.960787913423428222e-11 1.461039419579972862e-11 1.154524781582380825e-11 5.172117248581147279e-11 1.241654481313973158e-11 3.941525112967528535e-11 2.092098640890432590e-11 6.093446044061795381e-12 2.540328911672104207e-12 -5.496967887807910051e-12 -8.966798946327661716e-12 -4.745045283096212766e-12 1.693863487835384871e-11 -4.227874465689921855e-12 -2.074094724517720585e-12 7.122691266470654487e-12 4.141137850010285467e-12 1.040011485683848001e-12 4.926863686821772865e-12 5.795062818890335915e-12 4.175582681508686598e-12
7.654212332124897675e-12 1.081346085159258119e-10 4.332891459255755960e-11 9.386355038216583783e-10 -1.600977483605836103e-11 -9.788164923190688401e-12 -6.869093848031821442e-12 1.836832020326135338e-11 7.669245891813684604e-12 1.618888802474893914e-11 1.339974186149868926e-11 9.386941609976585484e-13 -1.228005486928871404e-11 9.090697028136000360e-12 2.645452909492425684e-12 3.291645910662078670e-12 1.004770913087840275e-11 -6.278345223843241501e-12 -1.152647781505931128e-11 -9.514732895807459145e-12 -1.822259600025049238e-11 -1.731618379818972008e-12 -2.031186104162352367e-12 1.645408960921410983e-12 -6.477564317162499431e-12 2.884123868801889473e-12
-1.281651819460381289e-10 -3.919881595585492096e-11 1.223676956217166326e-10 -1.600977483605836103e-11 5.469074816810775764e-10 3.717731726695225420e-11 -5.816647182458092082e-12 1.079607488198051504e-11 5.477422763203366739e-12 -2.180621403038645933e-11 -1.106205826047259852e-11 -1.790376800030677234e-11 -2.780603461207304177e-12 8.575980680861101081e-13 -7.273952606541065601e-12 -7.720195994656789952e-12 -2.331808983035397413e-12 -7.346677329600670145e-13 -1.505551356738135957e-11 -8.022347641587763706e-12 1.084247447232130776e-12 5.211520275757897117e-12 1.870323175116956257e-12 -3.065507593843582436e-12 -1.542063450404854187e-12 -1.344453116768559246e-13
4.971827867739766026e-11 3.376624007716127285e-11 7.960787913423428222e-11 -9.788164923190688401e-12 3.717731726695225420e-11 3.591042445699240042e-10 1.735149635121949004e-11 2.663960089810934322e-11 -9.727115950414772453e-13 5.404467103848922114e-12 -1.118253127473410378e-11 4.170906263821645100e-12 2.414147342415747523e-13 4.084808569535881380e-12 5.211463639957973016e-12 -1.931100276024062955e-13 -1.048752838515931890e-11 9.496958589181977767e-14 -5.537558806353412522e-12 -3.592254237582638280e-12 -5.603135302753219178e-13 -6.797974666831628645e-13 7.089262596820262707e-12 1.967169434030084026e-12 -1.099532720499053832e-12 -2.771621417559489259e-12
-4.489709639884976552e-11 -2.728170969455462147e-11 1.461039419579972862e-11 -6.869093848031821442e-12 -5.816647182458092082e-12 1.735149635121949004e-11 2.616002359849017960e-10 8.520361005705562314e-12 3.181831322859275983e-11 1.382774246802631371e-11 7.534349945188441507e-12 1.796458638054957434e-12 -1.725948666138265438e-12 2.834243746150933115e-12 1.849664817219571445e-12 -2.585212670557893069e-12 -5.719549313781814310e-12 -6.396004363271058653e-12 -7.607497654250307537e-12 -1.537282310124134172e-11 -1.259467598036886656e-11 3.550455561894003326e-13 2.013416237655968748e-12 1.754061671813850588e-12 -2.464452164678768794e-12 -1.168499844518993050e-12
-3.749997594888501910e-11 3.371604038357303599e-11 1.154524781582380825e-11 1.836832020326135338e-11 1.079607488198051504e-11 2.663960089810934322e-11 8.520361005705562314e-12 2.025701597465457534e-10 2.922293968211416211e-11 2.374163734408236634e-11 7.391730468110926354e-13 1.476475893077146771e-13 -2.664440460285386447e-12 3.190265757975217716e-12 3.652602051230245751e-12 2.723354307927088057e-12 2.088372414312624237e-12 1.168357834282688121e-12 5.133742906004785332e-13 -2.683657218757360723e-12 -8.610045071623397885e-12 -3.739773292958593344e-12 1.327876387382741420e-12 -1.450292208613197893e-14 -1.928519244395193722e-12 -2.315754121301652925e-12
4.659274626643873925e-11 -2.029119267033463230e-12 5.172117248581147279e-11 7.669245891813684604e-12 5.477422763203366739e-12 -9.727115950414772453e-13 3.181831322859275983e-11 2.922293968211416211e-11 1.314056878993378650e-10 2.871066402749439693e-11 1.506387707349372728e-11 -5.195681528241213125e-12 -6.864080927733551720e-13 -4.009146480154690009e-12 5.210349570663783787e-13 1.859740694081825549e-12 -1.601649456804194688e-12 -3.757418924360233698e-12 8.883695880141155147e-13 -3.084503540575317422e-12 -1.107993628208961237e-12 2.887835396122927841e-12 -1.110745566442332652e-12 -3.409437965534278317e-12 -1.857018377293572282e-12 -1.926448819883800532e-12
4.516906576092652222e-11 -9.553267189849249220e-12 1.241654481313973158e-11 1.618888802474893914e-11 -2.180621403038645933e-11 5.404467103848922114e-12 1.382774246802631371e-11 2.374163734408236634e-11 2.871066402749439693e-11 9.678121997981236702e-11 2.326383065106288691e-11 8.161884140615061939e-12 2.324030203007518704e-12 -7.169637775393967850e-12 -2.390443489328490069e-12 2.195200947839999099e-12 1.600656019357762565e-12 1.542644733799668808e-12 1.301038673259019394e-12 2.021558743847003894e-12 -1.253663471292749684e-12 7.107994420607514001e-14 1.645336072311909680e-13 -9.558112693218807565e-13 -3.461673736159828334e-12 -2.126592064472011614e-12
-2.680985509455875688e-12 -4.654492119307766214e-12 3.941525112967528535e-11 1.339974186149868926e-11 -1.106205826047259852e-11 -1.118253127473410378e-11 7.534349945188441507e-12 7.391730468110926354e-13 1.506387707349372728e-11 2.326383065106288691e-11 7.898644594453553040e-11 1.443176108102699961e-11 6.384160531065921451e-12 -4.835683000970076432e-12 -1.519239630307806836e-12 -6.717076182055366458e-13 -2.736444958827583882e-12 -2.335995287793090375e-12 -2.070059697462962739e-12 -1.288722164482427016e-12 -1.781118616893018499e-12 6.150597133925733619e-13 -2.511996087327202417e-12 -1.073921215550890319e-12 -1.124641406513939425e-12 -2.194908870633970021e-12
-1.791718581622866840e-11 1.837359486988436154e-11 2.092098640890432590e-11 9.386941609976585484e-13 -1.790376800030677234e-11 4.170906263821645100e-12 1.796458638054957434e-12 1.476475893077146771e-13 -5.195681528241213125e-12 8.161884140615061939e-12 1.443176108102699961e-11 5.404687532823938968e-11 1.222153543165646883e-11 4.038474171768520632e-12 4.729537390748768179e-12 3.987951564598441174e-12 -1.488706636498218748e-12 -1.035026988307383774e-12 8.008280779524649198e-13 8.099279316919574723e-13 -6.091623862696962343e-13 -5.615022957862866212e-13 2.793975460881497924e-12 1.939992607088899058e-12 2.819089706704080039e-12 -5.624206983072674605e-14
1.316431609143249131e-11 -5.393998908191032432e-12 6.093446044061795381e-12 -1.228005486928871404e-11 -2.780603461207304177e-12 2.414147342415747523e-13 -1.725948666138265438e-12 -2.664440460285386447e-12 -6.864080927733551720e-13 2.324030203007518704e-12 6.384160531065921451e-12 1.222153543165646883e-11 4.124302357155683741e-11 1.010260103016913806e-11 7.327136460202143751e-12 3.445579309656188549e-12 1.023379178980289261e-12 -1.135113025046559127e-12 -5.140313758825950169e-13 9.410840769272462052e-13 2.159670455102237510e-12 9.298175552567588134e-13 1.618746190592791520e-12 2.053298865452624019e-13 2.249593976857518664e-12 5.530042681346893086e-13
1.993169142982076567e-11 2.827142712953997956e-11 2.540328911672104207e-12 9.090697028136000360e-12 8.575980680861101081e-13 4.084808569535881380e-12 2.834243746150933115e-12 3.190265757975217716e-12 -4.009146480154690009e-12 -7.169637775393967850e-12 -4.835683000970076432e-12 4.038474171768520632e-12 1.010260103016913806e-11 3.266561070187948177e-11 1.448571913978744773e-11 5.252038587081247789e-12 3.847409686827722975e-12 -1.245522399193843730e-12 -1.568048459878346862e-12 -2.053301468968370820e-12 -1.647119443001252644e-13 1.438357683057665315e-12 2.264863828368510373e-12 2.119866522164012024e-12 2.207424911536664073e-12 7.653345905628974928e-13
1.836551161162919398e-11 6.858459410392374398e-12 -5.496967887807910051e-12 2.645452909492425684e-12 -7.273952606541065601e-12 5.211463639957973016e-12 1.849664817219571445e-12 3.652602051230245751e-12 5.210349570663783787e-13 -2.390443489328490069e-12 -1.519239630307806836e-12 4.729537390748768179e-12 7.327136460202143751e-12 1.448571913978744773e-11 3.076483521895285178e-11 1.080186842957106246e-11 7.439887831216533393e-12 3.132168291657173270e-12 1.773801570227641308e-12 2.576900349613778099e-13 -7.542093176087280287e-13 4.592529790007249564e-13 3.318639489028223341e-13 8.441647567519221580e-13 2.348888608269041554e-12 4.111771715163279978e-13
1.046293463519562504e-11 1.769420470949927083e-11 -8.966798946327661716e-12 3.291645910662078670e-12 -7.720195994656789952e-12 -1.931100276024062955e-13 -2.585212670557893069e-12 2.723354307927088057e-12 1.859740694081825549e-12 2.195200947839999099e-12 -6.717076182055366458e-13 3.987951564598441174e-12 3.445579309656188549e-12 5.252038587081247789e-12 1.080186842957106246e-11 2.180161558587549728e-11 1.153144488618323548e-11 5.720689285904267548e-12 1.159858261873048667e-12 2.264190747474012449e-12 1.434064314445237708e-12 4.747897524918655369e-13 5.637094896576269522e-13 1.494228455234140523e-12 2.097307390752854420e-12 4.850401055935019090e-13
-5.472261799323717022e-12 -4.597259851763925151e-12 -4.745045283096212766e-12 1.004770913087840275e-11 -2.331808983035397413e-12 -1.048752838515931890e-11 -5.719549313781814310e-12 2.088372414312624237e-12 -1.601649456804194688e-12 1.600656019357762565e-12 -2.736444958827583882e-12 -1.488706636498218748e-12 1.023379178980289261e-12 3.847409686827722975e-12 7.439887831216533393e-12 1.153144488618323548e-11 2.282536047766460226e-11 1.156793872074752763e-11 4.124535434854698115e-12 1.691490266409270161e-12 1.705644600571199131e-12 2.115564169197284696e-12 -2.688651829656766338e-13 6.097485197345027567e-15 1.476174540094380051e-12 8.471033255699511671e-13
1.299949859478844881e-11 1.013211437359141505e-12 1.693863487835384871e-11 -6.278345223843241501e-12 -7.346677329600670145e-13 9.496958589181977767e-14 -6.396004363271058653e-12 1.168357834282688121e-12 -3.757418924360233698e-12 1.542644733799668808e-12 -2.335995287793090375e-12 -1.035026988307383774e-12 -1.135113025046559127e-12 -1.245522399193843730e-12 3.132168291657173270e-12 5.720689285904267548e-12 1.156793872074752763e-11 2.084592716621491841e-11 9.894522166299673699e-12 4.032029350240045314e-12 2.983270257204942067e-12 1.477377216626418070e-12 3.534314274710897000e-13 2.576971297691292682e-13 3.359660734563700945e-13 1.682659214852594883e-13
8.170565220555240359e-12 -1.163193020754747279e-11 -4.227874465689921855e-12 -1.152647781505931128e-11 -1.505551356738135957e-11 -5.537558806353412522e-12 -7.607497654250307537e-12 5.133742906004785332e-13 8.883695880141155147e-13 1.301038673259019394e-12 -2.070059697462962739e-12 8.008280779524649198e-13 -5.140313758825950169e-13 -1.568048459878346862e-12 1.773801570227641308e-12 1.159858261873048667e-12 4.124535434854698115e-12 9.894522166299673699e-12 1.846118196117731581e-11 6.963295616831584508e-12 2.723270121291686749e-12 1.124263241456909689e-12 -5.846816248838135545e-13 -1.524709926203098082e-13 1.211325396895046829e-13 2.886738544406764790e-13
3.226652077104686928e-12 -5.087524766011648310e-12 -2.074094724517720585e-12 -9.514732895807459145e-12 -8.022347641587763706e-12 -3.592254237582638280e-12 -1.537282310124134172e-11 -2.683657218757360723e-12 -3.084503540575317422e-12 2.021558743847003894e-12 -1.288722164482427016e-12 8.099279316919574723e-13 9.410840769272462052e-13 -2.053301468968370820e-12 2.576900349613778099e-13 2.264190747474012449e-12 1.691490266409270161e-12 4.032029350240045314e-12 6.963295616831584508e-12 1.695816763722961016e-11 8.986204220508877627e-12 3.482629939603926657e-12 3.402535512571680869e-13 8.401805983204763118e-13 -3.648501997691495821e-13 -1.060399671157181427e-12
-1.330333775242582231e-12 -1.331799160982491810e-11 7.122691266470654487e-12 -1.822259600025049238e-11 1.084247447232130776e-12 -5.603135302753219178e-13 -1.259467598036886656e-11 -8.610045071623397885e-12 -1.107993628208961237e-12 -1.253663471292749684e-12 -1.781118616893018499e-12 -6.091623862696962343e-13 2.159670455102237510e-12 -1.647119443001252644e-13 -7.542093176087280287e-13 1.434064314445237708e-12 1.705644600571199131e-12 2.983270257204942067e-12 2.723270121291686749e-12 8.986204220508877627e-12 1.754252002250151537e-11 6.536464310303610770e-12 1.563096326462844854e-12 -8.000878059282096493e-14 -6.094750295379373771e-13 -1.118486445002655965e-12
-2.914832454762839134e-12 5.475637995164340850e-12 4.141137850010285467e-12 -1.731618379818972008e-12 5.211520275757897117e-12 -6.797974666831628645e-13 3.550455561894003326e-13 -3.739773292958593344e-12 2.887835396122927841e-12 7.107994420607514001e-14 6.150597133925733619e-13 -5.615022957862866212e-13 9.298175552567588134e-13 1.438357683057665315e-12 4.592529790007249564e-13 4.747897524918655369e-13 2.115564169197284696e-12 1.477377216626418070e-12 1.124263241456909689e-12 3.482629939603926657e-12 6.536464310303610770e-12 1.134827274123832649e-11 3.621301257186371328e-12 6.229016128151270592e-13 -1.497154692973751853e-13 -3.560856185706883020e-13
4.420794788103915886e-12 1.613901474721123511e-11 1.040011485683848001e-12 -2.031186104162352367e-12 1.870323175116956257e-12 7.089262596820262707e-12 2.013416237655968748e-12 1.327876387382741420e-12 -1.110745566442332652e-12 1.645336072311909680e-13 -2.511996087327202417e-12 2.793975460881497924e-12 1.618746190592791520e-12 2.264863828368510373e-12 3.318639489028223341e-13 5.637094896576269522e-13 -2.688651829656766338e-13 3.534314274710897000e-13 -5.846816248838135545e-13 3.402535512571680869e-13 1.563096326462844854e-12 3.621301257186371328e-12 8.602498450734693966e-12 2.977547350602050217e-12 1.111330180461439341e-13 1.963656223401228127e-13
4.333099981327552599e-12 4.414008697067627509e-12 4.926863686821772865e-12 1.645408960921410983e-12 -3.065507593843582436e-12 1.967169434030084026e-12 1.754061671813850588e-12 -1.450292208613197893e-14 -3.409437965534278317e-12 -9.558112693218807565e-13 -1.073921215550890319e-12 1.939992607088899058e-12 2.053298865452624019e-13 2.119866522164012024e-12 8.441647567519221580e-13 1.494228455234140523e-12 6.097485197345027567e-15 2.576971297691292682e-13 -1.524709926203098082e-13 8.401805983204763118e-13 -8.000878059282096493e-14 6.229016128151270592e-13 2.977547350602050217e-12 5.995569397875590287e-12 8.593438504370959406e-13 -6.592586997768597921e-14
3.556800694826116889e-12 9.318843754397745760e-12 5.795062818890335915e-12 -6.477564317162499431e-12 -1.542063450404854187e-12 -1.099532720499053832e-12 -2.464452164678768794e-12 -1.928519244395193722e-12 -1.857018377293572282e-12 -3.461673736159828334e-12 -1.124641406513939425e-12 2.819089706704080039e-12 2.249593976857518664e-12 2.207424911536664073e-12 2.348888608269041554e-12 2.097307390752854420e-12 1.476174540094380051e-12 3.359660734563700945e-13 1.211325396895046829e-13 -3.648501997691495821e-13 -6.094750295379373771e-13 -1.497154692973751853e-13 1.111330180461439341e-13 8.593438504370959406e-13 5.139653011984399036e-12 1.437252329728715588e-12
2.359315739759428143e-12 1.116035757382534267e-11 4.175582681508686598e-12 2.884123868801889473e-12 -1.344453116768559246e-13 -2.771621417559489259e-12 -1.168499844518993050e-12 -2.315754121301652925e-12 -1.926448819883800532e-12 -2.126592064472011614e-12 -2.194908870633970021e-12 -5.624206983072674605e-14 5.530042681346893086e-13 7.653345905628974928e-13 4.111771715163279978e-13 4.850401055935019090e-13 8.471033255699511671e-13 1.682659214852594883e-13 2.886738544406764790e-13 -1.060399671157181427e-12 -1.118486445002655965e-12 -3.560856185706883020e-13 1.963656223401228127e-13 -6.592586997768597921e-14 1.437252329728715588e-12 3.960323208240976746e-12
