3.165895122946450607e-09 -1.605145591610907085e-10 -1.093337929064576319e-10 1.043039730024301310e-10 -3.636266377554082893e-11 1.332563588384888032e-11 -5.584442818644688633e-11 4.363735709792511448e-11 3.675690735746172248e-11 -3.577895588293284998e-12 3.803785027657955882e-11 2.371572632642602773e-11 -6.111216486153910851e-12 -4.579230599938387737e-11 -3.490425299957598244e-11 -1.587578289736465395e-11 1.022331243140903070e-11 3.082198799473529880e-12 4.207746955526046296e-12 2.066568572810711790e-11 6.523073117142581250e-12 1.066374556930090162e-11 2.948855303896134878e-11 4.341223538833312938e-12 -1.902641470967953444e-12 -3.966628474613625027e-12
-1.605145591610907085e-10 2.120836338578845102e-09 6.071640322201710786e-11 1.820668778189506288e-10 1.032247991994150004e-10 1.110017407932775916e-11 -2.767486421359127527e-11 3.471176084279182778e-11 1.693770558401932497e-11 1.033585289766586139e-11 -6.780754623798296406e-12 3.343752406900492067e-12 -4.038423193224308442e-13 1.650575705142921104e-11 1.627250442637329401e-11 1.488079016084328137e-11 1.608190471855712360e-11 1.889697329403325694e-11 4.310712461153323128e-13 -2.151184115707558503e-12 -4.093988949532876615e-12 -1.999404681212968944e-11 -2.577208122146600703e-11 -4.538437191536934001e-12 4.424701506992349948e-12 -5.592037809938938377e-13
-1.093337929064576319e-10 6.071640322201710786e-11 1.581278164609551868e-09 4.658054969839019636e-11 -3.216647450146210407e-12 5.536533128320000201e-11 1.897547569002165987e-11 1.395121457940628136e-11 -1.690716304623961610e-11 -1.716634108031491246e-11 -1.548215285566767823e-11 2.223472400754944509e-11 1.607317425867003653e-11 6.945493157565183376e-12 -2.423376735743083338e-11 -3.686033705368220898e-11 -2.695225538500100302e-13 3.160576865735902339e-12 -1.299823466568044837e-11 -6.919191408065996203e-12 -9.042552965958132120e-12 -6.152147698309431931e-12 3.196239361027180035e-12 -3.269648552025691688e-12 -1.968191020133768131e-11 -7.264691904420766721e-12
1.043039730024301310e-10 1.820668778189506288e-10 4.658054969839019636e-11 1.035573992813040426e-09 1.272508791422941650e-10 7.407173025531715374e-11 -4.405346048121147436e-11 -9.229706860936808038e-12 1.816504033294478150e-11 1.936263631377103033e-11 2.019229369501179667e-11 -6.181128410433544330e-12 -2.080815898897461694e-11 1.016873588734103733e-11 4.922960941533551976e-12 -1.407258799037708156e-12 9.199232382786758328e-12 3.517819713849150446e-12 -1.971175064163056381e-12 3.480405668771104651e-12 1.739275864206308280e-12 -8.712691368626295592e-12 -9.237297653652481513e-12 -6.008142920663560928e-12 -3.346474806829234966e-12 2.121329955579655257e-14
-3.636266377554082893e-11 1.032247991994150004e-10 -3.216647450146210407e-12 1.272508791422941650e-10 7.209617753850888753e-10 5.491414506843414100e-11 -1.400298616148627531e-11 2.896364738242976916e-12 4.472058842465480364e-12 1.625941137741527456e-11 4.106727951595208763e-12 -3.668144887461461939e-12 -1.571686409499845978e-11 -7.577917709758305799e-12 -2.585484593052642751e-12 -6.697896462514782161e-12 -4.505768720332593172e-12 -4.405642638626348277e-12 -3.218138412836926406e-12 2.225345426239361106e-12 -5.575108413645584516e-12 -5.884112824925202427e-12 -7.749681328257312964e-12 2.999854014557687585e-12 1.726390436529229767e-12 5.404137732615308792e-13
1.332563588384888032e-11 1.110017407932775916e-11 5.536533128320000201e-11 7.407173025531715374e-11 5.491414506843414100e-11 3.631026401485209937e-10 2.192650957806982012e-11 2.195265241769559569e-11 7.448048218055470740e-12 1.220354768586649471e-11 -4.030586113822665709e-12 8.118764274982012129e-12 -7.924429960135460163e-12 -1.903646752862354470e-13 4.204711087107392924e-12 2.241894404395522632e-12 8.999721598461909815e-12 7.403554447268732049e-12 -2.631485344377767952e-12 1.727760566722850148e-12 3.214540968169457047e-12 8.940738956928781798e-12 5.426690756012685603e-12 7.869597568249306849e-12 -9.647109438172653495e-13 1.546482972576195400e-12
-5.584442818644688633e-11 -2.767486421359127527e-11 1.897547569002165987e-11 -4.405346048121147436e-11 -1.400298616148627531e-11 2.192650957806982012e-11 2.560987710040175333e-10 3.132305366371690183e-11 1.960460586419048378e-11 2.607421298106308841e-11 -1.289951696538443111e-11 -4.979149624246508365e-12 6.480977955327232719e-12 1.442625951785458172e-11 5.108546947856940967e-12 5.452563377497500074e-12 -2.806072097397023745e-12 1.529406568713626350e-12 3.168197568835585507e-12 1.813449935696680103e-12 2.555333849173114615e-12 -7.264827173373188412e-12 -1.593881995451262133e-12 5.271227186856779568e-13 1.029387449151319897e-13 2.141106664618537224e-12
4.363735709792511448e-11 3.471176084279182778e-11 1.395121457940628136e-11 -9.229706860936808038e-12 2.896364738242976916e-12 2.195265241769559569e-11 3.132305366371690183e-11 1.831989250637630539e-10 1.057973210287174914e-11 1.630085453493939835e-11 -7.610341428224678070e-13 4.525665440799673782e-12 -7.155705653626932858e-12 7.368393387437316639e-12 5.486087148743587848e-12 1.856859977803225645e-12 3.386225165788462014e-12 5.122036377924044066e-12 1.429585076744456617e-12 -1.512128055802197242e-12 3.146174165460433865e-12 2.940998893065846566e-12 3.042366048449482488e-12 -2.382729447479719888e-13 -9.219507346207609381e-13 8.975118763440762570e-13
3.675690735746172248e-11 1.693770558401932497e-11 -1.690716304623961610e-11 1.816504033294478150e-11 4.472058842465480364e-12 7.448048218055470740e-12 1.960460586419048378e-11 1.057973210287174914e-11 1.231443631378886484e-10 2.310808372919187301e-11 8.314903938704960514e-12 8.223264494241327724e-12 8.109141390097779203e-12 1.032855771555225976e-11 6.847684442063283108e-12 1.605405462626604202e-12 1.237423617408393685e-12 3.572284398805772043e-12 8.571466367057961013e-12 2.066027932299247153e-12 2.129997086103124940e-12 1.392638173554417231e-12 4.239602247726134129e-12 3.398838924233333496e-12 -4.993476264389346261e-13 -6.140994696669607837e-13
-3.577895588293284998e-12 1.033585289766586139e-11 -1.716634108031491246e-11 1.936263631377103033e-11 1.625941137741527456e-11 1.220354768586649471e-11 2.607421298106308841e-11 1.630085453493939835e-11 2.310808372919187301e-11 1.045735954230687958e-10 1.461997719268942628e-11 1.046365425446264888e-11 5.876293143957621721e-12 1.047196508348902166e-12 3.521057796144653221e-12 5.317325882868887544e-12 -1.273869470390929031e-12 -4.124484356438550834e-12 -8.241901582008316972e-13 2.173477882589254266e-13 1.355622311302604521e-12 -1.380501353650774150e-12 -4.179107069248075492e-12 -7.089357937977649362e-13 1.060711869549922527e-12 -9.135823802402041384e-14
3.803785027657955882e-11 -6.780754623798296406e-12 -1.548215285566767823e-11 2.019229369501179667e-11 4.106727951595208763e-12 -4.030586113822665709e-12 -1.289951696538443111e-11 -7.610341428224678070e-13 8.314903938704960514e-12 1.461997719268942628e-11 7.317052793946902837e-11 2.512260976693726498e-11 1.336802396905665448e-11 8.623219166467948246e-12 9.295954551050745952e-12 1.531249819562523662e-12 2.345010058564369518e-12 2.344992523958473718e-12 1.468427769384933982e-12 2.539444368231820853e-12 -1.315854634902423810e-12 -2.556434741937268377e-12 -6.173004567285929468e-15 -1.540757595169298966e-12 -2.087974848597230131e-12 -1.095591983871363344e-12
2.371572632642602773e-11 3.343752406900492067e-12 2.223472400754944509e-11 -6.181128410433544330e-12 -3.668144887461461939e-12 8.118764274982012129e-12 -4.979149624246508365e-12 4.525665440799673782e-12 8.223264494241327724e-12 1.046365425446264888e-11 2.512260976693726498e-11 6.066198596560223364e-11 2.317870902449703030e-11 1.739071138815503648e-11 8.637552394593946018e-12 5.034820800378473303e-12 5.671119949974484370e-12 1.752535348749896303e-12 2.069199818116770425e-12 3.088926468677605164e-12 4.201355510714733623e-13 -7.557889835693989595e-13 -5.802386321426347893e-13 -6.399894615745866158e-13 -1.733325243033472896e-12 5.422087011092583151e-13
-6.111216486153910851e-12 -4.038423193224308442e-13 1.607317425867003653e-11 -2.080815898897461694e-11 -1.571686409499845978e-11 -7.924429960135460163e-12 6.480977955327232719e-12 -7.155705653626932858e-12 8.109141390097779203e-12 5.876293143957621721e-12 1.336802396905665448e-11 2.317870902449703030e-11 5.133390668925049253e-11 2.497659811136021231e-11 1.319815222716502482e-11 4.831500337625372747e-12 1.900517409227005234e-12 3.693591582114741115e-13 3.753911831340381753e-12 3.002857560789018299e-12 -4.399662589134318085e-13 8.358857055043743581e-13 -2.986772514453697554e-13 -3.760011709117256930e-13 -4.291952844927604319e-13 -1.090899246201382354e-12
-4.579230599938387737e-11 1.650575705142921104e-11 6.945493157565183376e-12 1.016873588734103733e-11 -7.577917709758305799e-12 -1.903646752862354470e-13 1.442625951785458172e-11 7.368393387437316639e-12 1.032855771555225976e-11 1.047196508348902166e-12 8.623219166467948246e-12 1.739071138815503648e-11 2.497659811136021231e-11 4.470016851510629072e-11 2.140749222404765275e-11 1.018189252591908186e-11 6.335237735453276759e-12 4.454713061091904599e-12 6.624491083573537210e-12 1.488719198045931695e-12 1.091608709456060461e-12 7.051612990977549072e-13 3.969501564661334277e-13 -2.696906162091749383e-13 -6.891163681449628405e-13 4.610815034495237445e-13
-3.490425299957598244e-11 1.627250442637329401e-11 -2.423376735743083338e-11 4.922960941533551976e-12 -2.585484593052642751e-12 4.204711087107392924e-12 5.108546947856940967e-12 5.486087148743587848e-12 6.847684442063283108e-12 3.521057796144653221e-12 9.295954551050745952e-12 8.637552394593946018e-12 1.319815222716502482e-11 2.140749222404765275e-11 4.019301966799814688e-11 2.055086293520911725e-11 1.076952109794221714e-11 5.720693727628616471e-12 5.746648647483074767e-12 3.010486913615931940e-13 9.630749348195152450e-13 2.431778924081747680e-12 5.859141032259077753e-13 -2.480577540548683109e-13 -1.189901821104621765e-12 -5.092471551608600624e-13
-1.587578289736465395e-11 1.488079016084328137e-11 -3.686033705368220898e-11 -1.407258799037708156e-12 -6.697896462514782161e-12 2.241894404395522632e-12 5.452563377497500074e-12 1.856859977803225645e-12 1.605405462626604202e-12 5.317325882868887544e-12 1.531249819562523662e-12 5.034820800378473303e-12 4.831500337625372747e-12 1.018189252591908186e-11 2.055086293520911725e-11 3.969638925253145441e-11 2.131978374130554013e-11 1.125860435790371297e-11 7.973002658411535803e-12 5.840067257282586367e-12 3.989374991438635477e-12 2.237087850123681357e-12 2.835492068796569956e-13 -1.278970024322066687e-12 -9.778218648544183871e-13 -2.316382233945250741e-13
1.022331243140903070e-11 1.608190471855712360e-11 -2.695225538500100302e-13 9.199232382786758328e-12 -4.505768720332593172e-12 8.999721598461909815e-12 -2.806072097397023745e-12 3.386225165788462014e-12 1.237423617408393685e-12 -1.273869470390929031e-12 2.345010058564369518e-12 5.671119949974484370e-12 1.900517409227005234e-12 6.335237735453276759e-12 1.076952109794221714e-11 2.131978374130554013e-11 3.622309458477631105e-11 1.721567651242121066e-11 8.261276752036186923e-12 6.167121981384477244e-12 4.909454577250326341e-12 2.039128095212793310e-12 2.099664399513355345e-12 -9.217528073281753919e-13 -1.232331464884603678e-12 4.736535504301204872e-14
3.082198799473529880e-12 1.889697329403325694e-11 3.160576865735902339e-12 3.517819713849150446e-12 -4.405642638626348277e-12 7.403554447268732049e-12 1.529406568713626350e-12 5.122036377924044066e-12 3.572284398805772043e-12 -4.124484356438550834e-12 2.344992523958473718e-12 1.752535348749896303e-12 3.693591582114741115e-13 4.454713061091904599e-12 5.720693727628616471e-12 1.125860435790371297e-11 1.721567651242121066e-11 2.434877714324784618e-11 1.258634237000220829e-11 6.343785065184476091e-12 4.064734704474586344e-12 5.624168152430403858e-13 8.018248661374125320e-13 2.032939105426639048e-13 -1.473254795597788756e-12 7.627274957720014964e-13
4.207746955526046296e-12 4.310712461153323128e-13 -1.299823466568044837e-11 -1.971175064163056381e-12 -3.218138412836926406e-12 -2.631485344377767952e-12 3.168197568835585507e-12 1.429585076744456617e-12 8.571466367057961013e-12 -8.241901582008316972e-13 1.468427769384933982e-12 2.069199818116770425e-12 3.753911831340381753e-12 6.624491083573537210e-12 5.746648647483074767e-12 7.973002658411535803e-12 8.261276752036186923e-12 1.258634237000220829e-11 2.385321084910494613e-11 1.022760689311499257e-11 3.538674252231979605e-12 2.045670415054124808e-13 -2.009206218134060401e-13 4.017893321140723329e-14 3.840156619672685575e-13 1.420740936411578744e-12
2.066568572810711790e-11 -2.151184115707558503e-12 -6.919191408065996203e-12 3.480405668771104651e-12 2.225345426239361106e-12 1.727760566722850148e-12 1.813449935696680103e-12 -1.512128055802197242e-12 2.066027932299247153e-12 2.173477882589254266e-13 2.539444368231820853e-12 3.088926468677605164e-12 3.002857560789018299e-12 1.488719198045931695e-12 3.010486913615931940e-13 5.840067257282586367e-12 6.167121981384477244e-12 6.343785065184476091e-12 1.022760689311499257e-11 1.944243185547647470e-11 8.356303868840786161e-12 3.426521555778425175e-12 1.755520964805576657e-12 9.682694626569772775e-13 8.262923706023203892e-13 -1.672686577407807154e-13
6.523073117142581250e-12 -4.093988949532876615e-12 -9.042552965958132120e-12 1.739275864206308280e-12 -5.575108413645584516e-12 3.214540968169457047e-12 2.555333849173114615e-12 3.146174165460433865e-12 2.129997086103124940e-12 1.355622311302604521e-12 -1.315854634902423810e-12 4.201355510714733623e-13 -4.399662589134318085e-13 1.091608709456060461e-12 9.630749348195152450e-13 3.989374991438635477e-12 4.909454577250326341e-12 4.064734704474586344e-12 3.538674252231979605e-12 8.356303868840786161e-12 1.784737456027145701e-11 8.842780293459564667e-12 3.404466623878751432e-12 6.458379752872610303e-13 -3.607777163511737491e-13 3.593843832119157860e-13
1.066374556930090162e-11 -1.999404681212968944e-11 -6.152147698309431931e-12 -8.712691368626295592e-12 -5.884112824925202427e-12 8.940738956928781798e-12 -7.264827173373188412e-12 2.940998893065846566e-12 1.392638173554417231e-12 -1.380501353650774150e-12 -2.556434741937268377e-12 -7.557889835693989595e-13 8.358857055043743581e-13 7.051612990977549072e-13 2.431778924081747680e-12 2.237087850123681357e-12 2.039128095212793310e-12 5.624168152430403858e-13 2.045670415054124808e-13 3.426521555778425175e-12 8.842780293459564667e-12 1.679854209195148541e-11 8.608828998060234817e-12 1.774681193749816378e-12 1.996511243526547799e-15 3.781061829348196452e-13
2.948855303896134878e-11 -2.577208122146600703e-11 3.196239361027180035e-12 -9.237297653652481513e-12 -7.749681328257312964e-12 5.426690756012685603e-12 -1.593881995451262133e-12 3.042366048449482488e-12 4.239602247726134129e-12 -4.179107069248075492e-12 -6.173004567285929468e-15 -5.802386321426347893e-13 -2.986772514453697554e-13 3.969501564661334277e-13 5.859141032259077753e-13 2.835492068796569956e-13 2.099664399513355345e-12 8.018248661374125320e-13 -2.009206218134060401e-13 1.755520964805576657e-12 3.404466623878751432e-12 8.608828998060234817e-12 1.441638204096624661e-11 3.864348211223871922e-12 -2.072763733398919334e-13 2.848675165510241585e-13
4.341223538833312938e-12 -4.538437191536934001e-12 -3.269648552025691688e-12 -6.008142920663560928e-12 2.999854014557687585e-12 7.869597568249306849e-12 5.271227186856779568e-13 -2.382729447479719888e-13 3.398838924233333496e-12 -7.089357937977649362e-13 -1.540757595169298966e-12 -6.399894615745866158e-13 -3.760011709117256930e-13 -2.696906162091749383e-13 -2.480577540548683109e-13 -1.278970024322066687e-12 -9.217528073281753919e-13 2.032939105426639048e-13 4.017893321140723329e-14 9.682694626569772775e-13 6.458379752872610303e-13 1.774681193749816378e-12 3.864348211223871922e-12 8.788757315462951935e-12 2.580962927010504497e-12 6.427281103676593945e-13
-1.902641470967953444e-12 4.424701506992349948e-12 -1.968191020133768131e-11 -3.346474806829234966e-12 1.726390436529229767e-12 -9.647109438172653495e-13 1.029387449151319897e-13 -9.219507346207609381e-13 -4.993476264389346261e-13 1.060711869549922527e-12 -2.087974848597230131e-12 -1.733325243033472896e-12 -4.291952844927604319e-13 -6.891163681449628405e-13 -1.189901821104621765e-12 -9.778218648544183871e-13 -1.232331464884603678e-12 -1.473254795597788756e-12 3.840156619672685575e-13 8.262923706023203892e-13 -3.607777163511737491e-13 1.996511243526547799e-15 -2.072763733398919334e-13 2.580962927010504497e-12 6.320472423228728643e-12 1.229093038412297521e-12
-3.966628474613625027e-12 -5.592037809938938377e-13 -7.264691904420766721e-12 2.121329955579655257e-14 5.404137732615308792e-13 1.546482972576195400e-12 2.141106664618537224e-12 8.975118763440762570e-13 -6.140994696669607837e-13 -9.135823802402041384e-14 -1.095591983871363344e-12 5.422087011092583151e-13 -1.090899246201382354e-12 4.610815034495237445e-13 -5.092471551608600624e-13 -2.316382233945250741e-13 4.736535504301204872e-14 7.627274957720014964e-13 1.420740936411578744e-12 -1.672686577407807154e-13 3.593843832119157860e-13 3.781061829348196452e-13 2.848675165510241585e-13 6.427281103676593945e-13 1.229093038412297521e-12 6.172813695916495622e-12
