3.955244111302764373e-09 -2.508638688554522342e-10 -3.057159533717456579e-10 -1.372189625249010294e-10 -5.707550113084523781e-11 -1.817363450796406399e-11 2.296694119739191343e-11 -9.758586064570651492e-11 -6.317319759140906784e-11 2.242901846619969656e-11 -6.439101589456408574e-12 5.187938667204027833e-11 -1.196871775133716031e-12 1.584512180510657737e-11 1.660219339545196299e-11 3.232399952216964535e-11 6.015577213238763272e-12 2.121838086393999301e-11 1.300857299185464011e-11 3.271529323115985638e-11 1.346266253451191077e-11 -1.023031029018873768e-11 -4.498902958643252863e-12 -3.236742422062110520e-12 -2.207960929143872616e-11 -2.045523020828132434e-12
-2.508638688554522342e-10 3.043180564855056207e-09 2.677466421977862707e-10 5.929013577985524770e-11 1.246784987291974775e-10 1.369003075970747502e-10 -2.255521935983101787e-11 -4.056196398218425147e-11 -8.638937117842017347e-11 -1.910191255253266992e-11 -2.649077067928204928e-11 -5.184190871745054999e-11 -2.058184394390439432e-11 9.404160408696172414e-13 1.930357906330959160e-11 -2.284209955672942197e-11 -8.822144396405155781e-12 -1.224870870460586512e-11 -2.241402368278809323e-11 -3.402657005180600115e-12 1.528173613067650520e-11 1.432346473070310451e-11 8.157133252586954310e-12 8.451491957367848655e-12 1.691774176387353702e-12 -1.504648272752646514e-11
-3.057159533717456579e-10 2.677466421977862707e-10 2.192626129859517469e-09 -8.258517886375156410e-11 -5.778179897151996255e-11 1.536664342482882652e-11 4.484459373798303127e-11 -1.431675394945757694e-11 1.282381699704316097e-11 5.869737259102815696e-11 6.053378207564986322e-11 1.162316113962924102e-11 2.155833156197762936e-11 6.720445149457252926e-12 2.283436267491534241e-11 -9.983523127015599683e-12 7.679656789501830980e-12 -1.155913747452877576e-11 -8.784900654776484401e-12 -7.374837562321992906e-12 -1.509774086453716727e-11 1.998186295554136726e-12 2.882763636054782796e-12 1.112710479848233891e-11 6.190537286674908790e-12 -6.142653257992675625e-12
-1.372189625249010294e-10 5.929013577985524770e-11 -8.258517886375156410e-11 1.271725763450125920e-09 8.500977244112958832e-11 7.120158991216401451e-11 2.481655560998765025e-11 7.627110151952565457e-11 1.716748856480837146e-11 -5.068338312610168851e-11 -2.917463680899197261e-11 -1.220641132307290449e-11 -1.468872935939549684e-11 -9.719961599237076366e-12 -2.412685305365966602e-11 -4.095065251999145617e-12 -5.256983649111171176e-12 -1.800354903200022778e-11 -2.058521066678154589e-11 -1.464605968070321010e-11 -6.168206608831921586e-13 -4.227005847278697566e-12 5.267117123933564497e-12 5.565364327119178668e-12 -4.481111852136102585e-12 2.141126926879969514e-12
-5.707550113084523781e-11 1.246784987291974775e-10 -5.778179897151996255e-11 8.500977244112958832e-11 8.215724698019544828e-10 9.024126238991656019e-11 2.955089841302400955e-11 2.234268333283764068e-11 5.885899933214966690e-12 9.032781260765228711e-12 -1.701226754453296943e-11 -9.400099108655018737e-12 8.422678608494040044e-12 4.486259388293809005e-12 4.591400626842692198e-12 1.174679148862703149e-11 -1.819258539812927077e-12 1.916657893843318564e-12 4.117136236860848903e-12 -5.430972934252790131e-12 -1.162691090531938193e-11 -1.137329139141806284e-11 3.751939260109355379e-12 -1.079019969391015258e-12 7.786189101475710863e-13 -4.082055251428372251e-12
-1.817363450796406399e-11 1.369003075970747502e-10 1.536664342482882652e-11 7.120158991216401451e-11 9.024126238991656019e-11 5.409815323378229481e-10 1.544097545967229046e-11 2.053956949828969221e-12 5.747969406247617114e-14 2.050335902815436909e-11 5.107085415889579738e-12 -1.646075397774843076e-11 -2.253949387149393675e-11 -7.488300834578995832e-12 -1.657976025392616892e-11 -9.876535568223759151e-12 7.440546972485009558e-12 -4.756187248353944690e-12 3.530234641616016644e-12 3.685072169511398356e-12 1.388195945445458251e-11 4.337412031411766271e-12 8.067198770098627206e-12 1.307141686768979322e-12 3.108801813693217401e-12 -4.021391001612164780e-12
2.296694119739191343e-11 -2.255521935983101787e-11 4.484459373798303127e-11 2.481655560998765025e-11 2.955089841302400955e-11 1.544097545967229046e-11 3.747328096323353960e-10 4.403711918212192733e-11 2.297494491436196281e-11 2.058523530090054054e-11 1.680783678560757087e-11 2.485689327164661484e-12 -6.668054417351178991e-12 -2.043531757013765951e-11 -1.914150477145258899e-11 -1.920784539685817190e-11 -4.026819872362562011e-12 -8.852985070961481307e-13 -1.100250640530006655e-12 -1.339149744855080237e-13 -7.647883407138236346e-13 -9.080561781988452417e-13 3.615156149338091442e-12 1.181229614530839783e-11 3.451394639178320735e-13 3.634585580303652306e-12
-9.758586064570651492e-11 -4.056196398218425147e-11 -1.431675394945757694e-11 7.627110151952565457e-11 2.234268333283764068e-11 2.053956949828969221e-12 4.403711918212192733e-11 2.556448795753287644e-10 4.713610921407308339e-11 7.041054022584339456e-12 3.766788098893752621e-12 -5.404891932105006788e-12 -2.344492290648267533e-12 -2.196381861442242632e-12 -8.747506127980269888e-12 -2.153606070144988103e-12 -1.316005705778262440e-11 -8.679001538889290384e-12 -3.313989972073817568e-12 -3.591793774552599639e-12 5.769418097687450173e-12 -2.148964945863620534e-12 -1.033103210247572598e-13 -1.201716001439069261e-12 6.376053680187398033e-12 2.109199619745715756e-12
-6.317319759140906784e-11 -8.638937117842017347e-11 1.282381699704316097e-11 1.716748856480837146e-11 5.885899933214966690e-12 5.747969406247617114e-14 2.297494491436196281e-11 4.713610921407308339e-11 1.925124294729683446e-10 2.229553381685312662e-11 -2.758497853781302266e-12 1.079401420714950578e-11 -3.235306920888175361e-12 1.093801706303053478e-11 -1.610938557069700620e-12 -2.477214532816893432e-12 -1.780442133712864088e-12 -8.535217312946471260e-13 5.149866381813061881e-12 1.587682431356426950e-12 1.251654925077559531e-12 -1.571156407696391224e-12 -6.061072736179551259e-12 -7.792042215978913701e-12 1.711285704520324361e-12 4.709129481136595933e-12
2.242901846619969656e-11 -1.910191255253266992e-11 5.869737259102815696e-11 -5.068338312610168851e-11 9.032781260765228711e-12 2.050335902815436909e-11 2.058523530090054054e-11 7.041054022584339456e-12 2.229553381685312662e-11 1.352424022238255548e-10 3.029623742071883292e-11 1.981622090180202777e-11 1.107307317049530000e-11 2.797863787402054344e-12 2.818618591308898889e-12 1.867892590083254266e-12 2.548343843836155245e-12 6.942773832752295602e-12 4.273456357677863952e-12 7.369738056050776243e-12 -2.445265423547320519e-12 -9.725742759275641183e-13 -3.675451610788490386e-12 -2.260061885427939065e-12 3.176071818660428473e-12 2.098436992480492001e-12
-6.439101589456408574e-12 -2.649077067928204928e-11 6.053378207564986322e-11 -2.917463680899197261e-11 -1.701226754453296943e-11 5.107085415889579738e-12 1.680783678560757087e-11 3.766788098893752621e-12 -2.758497853781302266e-12 3.029623742071883292e-11 1.021780994926587667e-10 2.636641523101293695e-11 1.644976048441600719e-11 5.251970861175157541e-12 4.406248722732602825e-12 3.695456451038424343e-12 -9.937757580579313208e-14 2.615912340294563505e-12 1.943979939829510572e-12 3.152829012259009574e-12 -3.465466168229220521e-12 -5.653232206811219423e-12 -6.704385273152101503e-14 -3.376046452010995127e-13 1.310851780167218591e-12 1.075792619418270958e-12
5.187938667204027833e-11 -5.184190871745054999e-11 1.162316113962924102e-11 -1.220641132307290449e-11 -9.400099108655018737e-12 -1.646075397774843076e-11 2.485689327164661484e-12 -5.404891932105006788e-12 1.079401420714950578e-11 1.981622090180202777e-11 2.636641523101293695e-11 7.698346069918991838e-11 2.643327483203735747e-11 1.129180113258471696e-11 2.179937357189193295e-12 8.893804053292716671e-12 6.958126132233293128e-12 4.630148716457808088e-12 5.390680518085302928e-12 2.326289856399745837e-12 -5.819774018999247580e-12 -5.167039731879701955e-12 -3.800982619276903875e-12 4.501294669979447942e-13 1.750854705423273213e-12 1.102428401211018735e-12
-1.196871775133716031e-12 -2.058184394390439432e-11 2.155833156197762936e-11 -1.468872935939549684e-11 8.422678608494040044e-12 -2.253949387149393675e-11 -6.668054417351178991e-12 -2.344492290648267533e-12 -3.235306920888175361e-12 1.107307317049530000e-11 1.644976048441600719e-11 2.643327483203735747e-11 5.939359427310296710e-11 2.530854366694857412e-11 8.354112438046748641e-12 9.612882375393447457e-12 4.724886925404071586e-12 1.785660239408392736e-12 3.290335282549674211e-12 2.108018464087323709e-12 -2.475397055427875621e-12 -2.582178453576927003e-12 -1.276560824751546364e-12 -3.215280177421455636e-13 3.114682983097881620e-12 1.124038443500325735e-13
1.584512180510657737e-11 9.404160408696172414e-13 6.720445149457252926e-12 -9.719961599237076366e-12 4.486259388293809005e-12 -7.488300834578995832e-12 -2.043531757013765951e-11 -2.196381861442242632e-12 1.093801706303053478e-11 2.797863787402054344e-12 5.251970861175157541e-12 1.129180113258471696e-11 2.530854366694857412e-11 5.300331227644314376e-11 2.118317285759797636e-11 1.359293609181147922e-11 5.882457355960757242e-12 1.689789622436887570e-12 1.846488926410191005e-12 -7.251456593623335075e-13 -2.320095039218831373e-12 4.626217355262484017e-13 8.381165825396796010e-13 -1.050796205299000140e-12 2.319985614399383578e-12 -3.068252021579483398e-13
1.660219339545196299e-11 1.930357906330959160e-11 2.283436267491534241e-11 -2.412685305365966602e-11 4.591400626842692198e-12 -1.657976025392616892e-11 -1.914150477145258899e-11 -8.747506127980269888e-12 -1.610938557069700620e-12 2.818618591308898889e-12 4.406248722732602825e-12 2.179937357189193295e-12 8.354112438046748641e-12 2.118317285759797636e-11 4.009946153642892929e-11 1.825115151433439125e-11 5.765729636821685748e-12 4.138460860249022047e-12 1.589633208240263798e-12 -1.378015721482004868e-12 -5.320418920537878641e-12 -1.008824536329681131e-12 1.824295129453856492e-12 1.202572536304476068e-12 -4.521377939177600373e-14 -6.481029821546125125e-13
3.232399952216964535e-11 -2.284209955672942197e-11 -9.983523127015599683e-12 -4.095065251999145617e-12 1.174679148862703149e-11 -9.876535568223759151e-12 -1.920784539685817190e-11 -2.153606070144988103e-12 -2.477214532816893432e-12 1.867892590083254266e-12 3.695456451038424343e-12 8.893804053292716671e-12 9.612882375393447457e-12 1.359293609181147922e-11 1.825115151433439125e-11 3.617169875475881160e-11 1.722434594071953708e-11 1.043943651028118716e-11 4.814068137674103383e-12 2.061084157406462428e-12 -3.091917322402278956e-12 -3.440689318423130538e-12 -1.258106421135289327e-12 -9.515807112881097992e-13 -8.698806232767368942e-13 -1.082396099761614345e-12
6.015577213238763272e-12 -8.822144396405155781e-12 7.679656789501830980e-12 -5.256983649111171176e-12 -1.819258539812927077e-12 7.440546972485009558e-12 -4.026819872362562011e-12 -1.316005705778262440e-11 -1.780442133712864088e-12 2.548343843836155245e-12 -9.937757580579313208e-14 6.958126132233293128e-12 4.724886925404071586e-12 5.882457355960757242e-12 5.765729636821685748e-12 1.722434594071953708e-11 3.146252188161253653e-11 1.600279150472821807e-11 8.336685490533068058e-12 4.737925392090152396e-12 -3.458869228162087460e-13 -6.168786143741069243e-13 -3.080057488100809358e-13 -8.709629015123502219e-13 -7.581103867166247546e-14 -4.998819204889081806e-15
2.121838086393999301e-11 -1.224870870460586512e-11 -1.155913747452877576e-11 -1.800354903200022778e-11 1.916657893843318564e-12 -4.756187248353944690e-12 -8.852985070961481307e-13 -8.679001538889290384e-12 -8.535217312946471260e-13 6.942773832752295602e-12 2.615912340294563505e-12 4.630148716457808088e-12 1.785660239408392736e-12 1.689789622436887570e-12 4.138460860249022047e-12 1.043943651028118716e-11 1.600279150472821807e-11 2.326144941759382998e-11 1.375475180265155407e-11 6.295859927940581590e-12 7.361446001990944180e-13 -1.175144135855749669e-12 -1.267403576268705708e-12 -1.123411693635677141e-12 -3.082672353257940582e-13 8.019798845976463001e-14
1.300857299185464011e-11 -2.241402368278809323e-11 -8.784900654776484401e-12 -2.058521066678154589e-11 4.117136236860848903e-12 3.530234641616016644e-12 -1.100250640530006655e-12 -3.313989972073817568e-12 5.149866381813061881e-12 4.273456357677863952e-12 1.943979939829510572e-12 5.390680518085302928e-12 3.290335282549674211e-12 1.846488926410191005e-12 1.589633208240263798e-12 4.814068137674103383e-12 8.336685490533068058e-12 1.375475180265155407e-11 2.735661888437971799e-11 1.301319830518336590e-11 4.431170646483095376e-12 3.199921904879201524e-15 -2.224280659348110134e-12 -2.581968734235991985e-12 -2.888215952182437560e-13 -1.399515575643857263e-12
3.271529323115985638e-11 -3.402657005180600115e-12 -7.374837562321992906e-12 -1.464605968070321010e-11 -5.430972934252790131e-12 3.685072169511398356e-12 -1.339149744855080237e-13 -3.591793774552599639e-12 1.587682431356426950e-12 7.369738056050776243e-12 3.152829012259009574e-12 2.326289856399745837e-12 2.108018464087323709e-12 -7.251456593623335075e-13 -1.378015721482004868e-12 2.061084157406462428e-12 4.737925392090152396e-12 6.295859927940581590e-12 1.301319830518336590e-11 2.280990013296594927e-11 1.041035780102916053e-11 2.835179057271532617e-12 -7.104955976749122629e-13 -2.377232776773885134e-12 -2.091220856433835175e-12 -1.229806886052192810e-12
1.346266253451191077e-11 1.528173613067650520e-11 -1.509774086453716727e-11 -6.168206608831921586e-13 -1.162691090531938193e-11 1.388195945445458251e-11 -7.647883407138236346e-13 5.769418097687450173e-12 1.251654925077559531e-12 -2.445265423547320519e-12 -3.465466168229220521e-12 -5.819774018999247580e-12 -2.475397055427875621e-12 -2.320095039218831373e-12 -5.320418920537878641e-12 -3.091917322402278956e-12 -3.458869228162087460e-13 7.361446001990944180e-13 4.431170646483095376e-12 1.041035780102916053e-11 2.216498737606715846e-11 1.040954435960905322e-11 1.610355953840281819e-12 -3.076594357250872194e-12 -1.211664632287263038e-12 -2.048922849482483161e-12
-1.023031029018873768e-11 1.432346473070310451e-11 1.998186295554136726e-12 -4.227005847278697566e-12 -1.137329139141806284e-11 4.337412031411766271e-12 -9.080561781988452417e-13 -2.148964945863620534e-12 -1.571156407696391224e-12 -9.725742759275641183e-13 -5.653232206811219423e-12 -5.167039731879701955e-12 -2.582178453576927003e-12 4.626217355262484017e-13 -1.008824536329681131e-12 -3.440689318423130538e-12 -6.168786143741069243e-13 -1.175144135855749669e-12 3.199921904879201524e-15 2.835179057271532617e-12 1.040954435960905322e-11 2.148172718236161258e-11 8.551035125425065313e-12 7.148648810704035955e-13 -1.244943976227149921e-12 -1.134923018451093662e-12
-4.498902958643252863e-12 8.157133252586954310e-12 2.882763636054782796e-12 5.267117123933564497e-12 3.751939260109355379e-12 8.067198770098627206e-12 3.615156149338091442e-12 -1.033103210247572598e-13 -6.061072736179551259e-12 -3.675451610788490386e-12 -6.704385273152101503e-14 -3.800982619276903875e-12 -1.276560824751546364e-12 8.381165825396796010e-13 1.824295129453856492e-12 -1.258106421135289327e-12 -3.080057488100809358e-13 -1.267403576268705708e-12 -2.224280659348110134e-12 -7.104955976749122629e-13 1.610355953840281819e-12 8.551035125425065313e-12 1.849868760917661170e-11 8.943881111692889311e-12 -1.723484250992406378e-12 -1.081757406773961306e-12
-3.236742422062110520e-12 8.451491957367848655e-12 1.112710479848233891e-11 5.565364327119178668e-12 -1.079019969391015258e-12 1.307141686768979322e-12 1.181229614530839783e-11 -1.201716001439069261e-12 -7.792042215978913701e-12 -2.260061885427939065e-12 -3.376046452010995127e-13 4.501294669979447942e-13 -3.215280177421455636e-13 -1.050796205299000140e-12 1.202572536304476068e-12 -9.515807112881097992e-13 -8.709629015123502219e-13 -1.123411693635677141e-12 -2.581968734235991985e-12 -2.377232776773885134e-12 -3.076594357250872194e-12 7.148648810704035955e-13 8.943881111692889311e-12 1.448666474709885495e-11 9.624777454472987495e-13 -5.717482555890563013e-13
-2.207960929143872616e-11 1.691774176387353702e-12 6.190537286674908790e-12 -4.481111852136102585e-12 7.786189101475710863e-13 3.108801813693217401e-12 3.451394639178320735e-13 6.376053680187398033e-12 1.711285704520324361e-12 3.176071818660428473e-12 1.310851780167218591e-12 1.750854705423273213e-12 3.114682983097881620e-12 2.319985614399383578e-12 -4.521377939177600373e-14 -8.698806232767368942e-13 -7.581103867166247546e-14 -3.082672353257940582e-13 -2.888215952182437560e-13 -2.091220856433835175e-12 -1.211664632287263038e-12 -1.244943976227149921e-12 -1.723484250992406378e-12 9.624777454472987495e-13 9.929737620715197457e-12 1.985205854227384278e-12
-2.045523020828132434e-12 -1.504648272752646514e-11 -6.142653257992675625e-12 2.141126926879969514e-12 -4.082055251428372251e-12 -4.021391001612164780e-12 3.634585580303652306e-12 2.109199619745715756e-12 4.709129481136595933e-12 2.098436992480492001e-12 1.075792619418270958e-12 1.102428401211018735e-12 1.124038443500325735e-13 -3.068252021579483398e-13 -6.481029821546125125e-13 -1.082396099761614345e-12 -4.998819204889081806e-15 8.019798845976463001e-14 -1.399515575643857263e-12 -1.229806886052192810e-12 -2.048922849482483161e-12 -1.134923018451093662e-12 -1.081757406773961306e-12 -5.717482555890563013e-13 1.985205854227384278e-12 8.287323033171576313e-12
