2.228371541597370201e-09 1.721455896242962930e-10 1.807212315773217553e-11 -8.668272104767844999e-11 7.915731958608470727e-11 8.944170479479875818e-12 3.625730032499882142e-11 -1.327229528753485832e-11 -4.641061418125296307e-11 3.994147253941429516e-12 -3.116031038816429061e-12 1.391947524942789117e-11 5.912902422270663047e-11 1.400926385921047702e-11 -2.406726058135375534e-11 1.025903279692225416e-11 1.082333051660781364e-11 1.024421212299909457e-11 1.424433702761900020e-11 6.826671346951210982e-12 1.501718829266524328e-11 -8.736782674055144248e-13 3.478746098451618933e-12 3.996895486757372638e-12 5.602296145760756984e-12 7.228426602745115371e-12
1.721455896242962930e-10 1.406754471833350686e-09 5.057211775210846632e-11 1.023716086577373318e-10 6.673698078898453504e-11 6.964207284271001441e-12 2.460186429103827799e-11 1.271815181153276063e-11 1.462300762676960282e-12 -1.074500090992046723e-11 -7.406220710825943887e-12 -3.018250756617652117e-12 2.401582146042551845e-12 5.238381107607279160e-12 -1.651979269944012613e-11 -2.927792559285385352e-12 -7.414407056967519633e-12 -8.829756476804169083e-12 -4.583382233980997458e-12 -6.267001326358947696e-12 1.170734967856016436e-11 2.151505627463784401e-11 8.626285502276911388e-12 6.670853890129831145e-13 4.032610374160562669e-12 -4.674594864913772154e-12
1.807212315773217553e-11 5.057211775210846632e-11 7.747949478423723661e-10 3.016587310550445072e-11 2.001669256804815792e-11 -1.980405888637859320e-11 1.933767391678706120e-11 -9.729120323588675015e-12 -1.947223431357074672e-11 -1.132829560216563961e-12 1.439929910415796525e-12 -1.631772535277733517e-11 -4.395012438325527124e-12 3.548285615752240627e-12 2.677575971678569024e-12 -1.621953273585168634e-11 -2.058096853740144804e-11 -1.519031372461959128e-11 -1.045797129330058067e-11 -8.674386598573964670e-12 -1.249910275312739814e-11 -9.953306383389139810e-12 -6.171600300391453782e-12 4.621427756263990324e-12 3.559868221667002588e-12 -6.316778060861289535e-12
-8.668272104767844999e-11 1.023716086577373318e-10 3.016587310550445072e-11 5.799747316897719920e-10 8.946963587504931385e-11 3.121163429725698954e-11 4.589706503837845652e-11 -1.482506601714340066e-12 -2.187816660371689198e-11 -1.598508752493462192e-11 -1.445777028322483844e-11 -5.633322354725333282e-12 8.560834932859605629e-12 1.021435875687431214e-11 8.580214040211551925e-12 -1.917479182325803878e-12 3.276676080756147818e-12 9.038068622223132311e-14 -3.757335765240937075e-12 -8.570312657978756569e-13 2.118335439353967652e-12 9.089847952428669037e-12 1.165133029276215385e-11 2.875804622280873825e-13 2.682725660196590518e-12 1.490377524523243005e-12
7.915731958608470727e-11 6.673698078898453504e-11 2.001669256804815792e-11 8.946963587504931385e-11 3.941288671184661308e-10 3.515597130060275823e-11 6.227313296087217533e-12 -8.222527661659649087e-12 1.367494412606242610e-11 1.390123741961503318e-12 -2.503924369123369452e-12 1.318334269202635107e-11 1.712431570912902315e-12 -2.163188515594690319e-13 -8.847514039802779181e-12 -4.423781070044772291e-12 -4.701355471511928279e-12 -6.697843443258037191e-13 -4.572543755289399930e-12 -3.145395224290846486e-12 3.342512489236268952e-12 6.538687191565753737e-12 2.007215210151626230e-12 -2.038121195722438309e-12 -2.571501146357162777e-12 -2.128484698624813565e-12
8.944170479479875818e-12 6.964207284271001441e-12 -1.980405888637859320e-11 3.121163429725698954e-11 3.515597130060275823e-11 2.916396108535162418e-10 7.350607977022628537e-11 3.144992655414432663e-11 6.558013399218176781e-12 1.689442926129910532e-12 1.164443228572290868e-11 1.430477854380272320e-11 1.048882832624072133e-11 1.278938660665289002e-12 7.203749650236686419e-12 6.329098052347926569e-12 -1.457349172343264675e-13 5.610509634484733891e-12 9.543198911296282316e-12 4.700707659604518015e-12 4.917482799163210850e-12 3.347689327061845682e-12 7.092617932317010828e-12 2.584948564156276286e-12 -5.740337741199056643e-13 -6.920802219274194839e-13
3.625730032499882142e-11 2.460186429103827799e-11 1.933767391678706120e-11 4.589706503837845652e-11 6.227313296087217533e-12 7.350607977022628537e-11 2.268762459322568680e-10 3.890624789331170852e-11 1.326835420138078225e-11 6.508734368402043095e-12 4.101592225059185183e-12 4.722747075463151646e-13 -3.146682306598777187e-13 -2.577759048168032809e-12 -9.300318594515420244e-12 -5.087759288843652835e-12 -6.007954404058152707e-12 -1.987566031754779713e-16 -1.022835968804372996e-12 -9.654738066618280045e-13 1.964636856097779784e-12 1.474275252416698924e-13 -3.308051000530828211e-12 -2.038850616350036119e-12 5.131729855493806548e-14 2.219379192973767654e-12
-1.327229528753485832e-11 1.271815181153276063e-11 -9.729120323588675015e-12 -1.482506601714340066e-12 -8.222527661659649087e-12 3.144992655414432663e-11 3.890624789331170852e-11 1.275865439328616441e-10 2.585444984754759838e-11 1.509201195878664482e-11 6.914992871624635637e-12 1.545824682600737278e-11 6.057717525340503917e-12 1.287408691554564424e-13 -7.227252714501353675e-12 -7.085994033209963956e-12 -1.131183907553068631e-12 -3.535556519950212151e-12 -3.618416747694746574e-13 -5.376739992536199052e-13 -5.576160338527815263e-12 -2.261478372411179586e-12 2.751643670511724335e-12 -2.682712515305530291e-12 -3.415033354102837805e-12 -1.517735915601130223e-12
-4.641061418125296307e-11 1.462300762676960282e-12 -1.947223431357074672e-11 -2.187816660371689198e-11 1.367494412606242610e-11 6.558013399218176781e-12 1.326835420138078225e-11 2.585444984754759838e-11 1.137225219421273468e-10 1.924474422190395734e-11 6.346018961318472521e-12 2.772871191685431266e-12 7.272447143255090875e-13 -2.032436625707135866e-12 3.905159225116739145e-13 -1.156935839432563448e-12 -3.463370498380085819e-12 1.536582161123973982e-13 2.490883691429584198e-12 1.739195438040810818e-12 -3.025674735714521640e-12 1.706626538896561774e-12 2.274607584645447325e-12 1.308201719156341775e-12 6.067055561775094194e-13 -5.048565228888341834e-13
3.994147253941429516e-12 -1.074500090992046723e-11 -1.132829560216563961e-12 -1.598508752493462192e-11 1.390123741961503318e-12 1.689442926129910532e-12 6.508734368402043095e-12 1.509201195878664482e-11 1.924474422190395734e-11 7.687683602667519780e-11 1.467491481797195573e-11 5.568583878792736101e-12 4.910280436398685558e-12 1.492099744354099662e-12 -1.299797853654001639e-12 -2.242343504328595671e-12 1.790792000545650448e-12 -3.080190849662155902e-13 -2.168539769803868929e-12 2.569695015810557954e-12 1.100478898431348165e-13 -1.500707069102880276e-12 -3.729743027810129590e-12 -3.116128271107121011e-12 -3.321721570890095578e-12 -1.536380524221564138e-12
-3.116031038816429061e-12 -7.406220710825943887e-12 1.439929910415796525e-12 -1.445777028322483844e-11 -2.503924369123369452e-12 1.164443228572290868e-11 4.101592225059185183e-12 6.914992871624635637e-12 6.346018961318472521e-12 1.467491481797195573e-11 6.016370303056084762e-11 1.674783863033854841e-11 1.205433866760314190e-11 1.123629852639157432e-11 7.671071050684432733e-12 4.394131418074701733e-12 -5.565261362187176727e-13 -2.713869857533112978e-13 1.356750446449478992e-12 -2.754185750042649350e-13 -2.748595185022366136e-12 1.695521238543875010e-13 -5.408780320882611048e-13 -6.768556686613435247e-14 1.370860430064937377e-13 2.108233167607708312e-13
1.391947524942789117e-11 -3.018250756617652117e-12 -1.631772535277733517e-11 -5.633322354725333282e-12 1.318334269202635107e-11 1.430477854380272320e-11 4.722747075463151646e-13 1.545824682600737278e-11 2.772871191685431266e-12 5.568583878792736101e-12 1.674783863033854841e-11 4.943526480700168915e-11 1.732000433277627302e-11 1.014243029433772152e-11 4.057688980753269426e-12 -1.348933297065164070e-12 8.662285010819077652e-14 -6.600851035669908821e-13 -9.469502683880540292e-13 -1.819372298129561131e-12 1.120338929563182881e-13 2.043225111888923124e-12 6.835162229428181153e-13 1.576935747751274683e-12 -8.655177746237627342e-13 5.840887230351887218e-13
5.912902422270663047e-11 2.401582146042551845e-12 -4.395012438325527124e-12 8.560834932859605629e-12 1.712431570912902315e-12 1.048882832624072133e-11 -3.146682306598777187e-13 6.057717525340503917e-12 7.272447143255090875e-13 4.910280436398685558e-12 1.205433866760314190e-11 1.732000433277627302e-11 4.267178182844009230e-11 1.677265819857061283e-11 7.585032968324603326e-12 6.806562051153553044e-12 3.654072705457876968e-12 -6.106471577362962418e-13 1.141373313852845315e-12 -1.134869096984026054e-12 -1.427179801188064680e-12 1.059180149132907945e-12 1.920718921647197168e-12 1.782481454405477229e-12 1.662915318610287276e-13 -1.494561357478693668e-13
1.400926385921047702e-11 5.238381107607279160e-12 3.548285615752240627e-12 1.021435875687431214e-11 -2.163188515594690319e-13 1.278938660665289002e-12 -2.577759048168032809e-12 1.287408691554564424e-13 -2.032436625707135866e-12 1.492099744354099662e-12 1.123629852639157432e-11 1.014243029433772152e-11 1.677265819857061283e-11 3.065465350604254796e-11 1.585165912309493139e-11 8.216228833883524109e-12 3.498608772553702067e-12 1.004806744208963238e-12 -4.614195345154851974e-13 -2.291714789934826402e-12 -1.404521452469259928e-13 9.780842547701458556e-13 1.463520650770408406e-13 1.208083245143866270e-12 2.577629797639261650e-13 -2.725447156180261806e-13
-2.406726058135375534e-11 -1.651979269944012613e-11 2.677575971678569024e-12 8.580214040211551925e-12 -8.847514039802779181e-12 7.203749650236686419e-12 -9.300318594515420244e-12 -7.227252714501353675e-12 3.905159225116739145e-13 -1.299797853654001639e-12 7.671071050684432733e-12 4.057688980753269426e-12 7.585032968324603326e-12 1.585165912309493139e-11 3.034513187398260565e-11 1.492960174929674292e-11 6.038673009734685410e-12 2.639818506902801509e-12 6.976753979608709289e-13 1.223439086332525405e-13 1.305070283998102378e-12 2.361539759684776731e-12 5.723205408479630787e-14 1.007433333869252450e-12 -1.190818728495447811e-12 -1.840846636954597428e-12
1.025903279692225416e-11 -2.927792559285385352e-12 -1.621953273585168634e-11 -1.917479182325803878e-12 -4.423781070044772291e-12 6.329098052347926569e-12 -5.087759288843652835e-12 -7.085994033209963956e-12 -1.156935839432563448e-12 -2.242343504328595671e-12 4.394131418074701733e-12 -1.348933297065164070e-12 6.806562051153553044e-12 8.216228833883524109e-12 1.492960174929674292e-11 2.564629602471415741e-11 1.090006289137204896e-11 4.996099535983383555e-12 2.926587406959181632e-12 1.775980923496847028e-12 2.057766094520565585e-12 1.239271807888535400e-12 1.409219071437004530e-12 1.913540081720778243e-12 4.858127015817426489e-14 -5.870244133949178184e-13
1.082333051660781364e-11 -7.414407056967519633e-12 -2.058096853740144804e-11 3.276676080756147818e-12 -4.701355471511928279e-12 -1.457349172343264675e-13 -6.007954404058152707e-12 -1.131183907553068631e-12 -3.463370498380085819e-12 1.790792000545650448e-12 -5.565261362187176727e-13 8.662285010819077652e-14 3.654072705457876968e-12 3.498608772553702067e-12 6.038673009734685410e-12 1.090006289137204896e-11 2.137775645417199240e-11 1.026270529813610168e-11 4.794011362397096455e-12 2.362553726045927066e-12 1.845112386205475837e-12 1.220394229540107846e-12 7.486008016909942780e-13 1.311051850606280384e-12 4.210534624771536670e-13 -3.471084128301609471e-13
1.024421212299909457e-11 -8.829756476804169083e-12 -1.519031372461959128e-11 9.038068622223132311e-14 -6.697843443258037191e-13 5.610509634484733891e-12 -1.987566031754779713e-16 -3.535556519950212151e-12 1.536582161123973982e-13 -3.080190849662155902e-13 -2.713869857533112978e-13 -6.600851035669908821e-13 -6.106471577362962418e-13 1.004806744208963238e-12 2.639818506902801509e-12 4.996099535983383555e-12 1.026270529813610168e-11 1.602433926287129134e-11 7.230266616642827985e-12 3.823351602789544210e-12 2.003305930570859824e-12 4.004472895162169724e-13 -3.795416475329343251e-14 1.473374595583965883e-12 7.322952179657257329e-13 1.543554731898500539e-13
1.424433702761900020e-11 -4.583382233980997458e-12 -1.045797129330058067e-11 -3.757335765240937075e-12 -4.572543755289399930e-12 9.543198911296282316e-12 -1.022835968804372996e-12 -3.618416747694746574e-13 2.490883691429584198e-12 -2.168539769803868929e-12 1.356750446449478992e-12 -9.469502683880540292e-13 1.141373313852845315e-12 -4.614195345154851974e-13 6.976753979608709289e-13 2.926587406959181632e-12 4.794011362397096455e-12 7.230266616642827985e-12 1.423336741457911088e-11 7.026409307967667552e-12 3.265387059404873521e-12 4.443820472825805654e-13 3.572489989345906599e-13 1.449112745652905816e-12 8.471677708520072382e-13 2.950081721264518768e-13
6.826671346951210982e-12 -6.267001326358947696e-12 -8.674386598573964670e-12 -8.570312657978756569e-13 -3.145395224290846486e-12 4.700707659604518015e-12 -9.654738066618280045e-13 -5.376739992536199052e-13 1.739195438040810818e-12 2.569695015810557954e-12 -2.754185750042649350e-13 -1.819372298129561131e-12 -1.134869096984026054e-12 -2.291714789934826402e-12 1.223439086332525405e-13 1.775980923496847028e-12 2.362553726045927066e-12 3.823351602789544210e-12 7.026409307967667552e-12 1.399011645994892546e-11 7.327501634325467980e-12 1.817673240134709110e-12 4.302120490185177032e-13 5.093571869397035319e-13 -1.594698686945064510e-13 1.522267411874595018e-13
1.501718829266524328e-11 1.170734967856016436e-11 -1.249910275312739814e-11 2.118335439353967652e-12 3.342512489236268952e-12 4.917482799163210850e-12 1.964636856097779784e-12 -5.576160338527815263e-12 -3.025674735714521640e-12 1.100478898431348165e-13 -2.748595185022366136e-12 1.120338929563182881e-13 -1.427179801188064680e-12 -1.404521452469259928e-13 1.305070283998102378e-12 2.057766094520565585e-12 1.845112386205475837e-12 2.003305930570859824e-12 3.265387059404873521e-12 7.327501634325467980e-12 1.206998431723730244e-11 4.910778983895263237e-12 1.188683819853658990e-12 2.186273005221580190e-13 -8.872226019997304530e-13 -6.088950042170144246e-13
-8.736782674055144248e-13 2.151505627463784401e-11 -9.953306383389139810e-12 9.089847952428669037e-12 6.538687191565753737e-12 3.347689327061845682e-12 1.474275252416698924e-13 -2.261478372411179586e-12 1.706626538896561774e-12 -1.500707069102880276e-12 1.695521238543875010e-13 2.043225111888923124e-12 1.059180149132907945e-12 9.780842547701458556e-13 2.361539759684776731e-12 1.239271807888535400e-12 1.220394229540107846e-12 4.004472895162169724e-13 4.443820472825805654e-13 1.817673240134709110e-12 4.910778983895263237e-12 9.876399612670156445e-12 5.192824059351896803e-12 2.036743088199094672e-12 2.209677762380942136e-13 -1.935850334462482293e-13
3.478746098451618933e-12 8.626285502276911388e-12 -6.171600300391453782e-12 1.165133029276215385e-11 2.007215210151626230e-12 7.092617932317010828e-12 -3.308051000530828211e-12 2.751643670511724335e-12 2.274607584645447325e-12 -3.729743027810129590e-12 -5.408780320882611048e-13 6.835162229428181153e-13 1.920718921647197168e-12 1.463520650770408406e-13 5.723205408479630787e-14 1.409219071437004530e-12 7.486008016909942780e-13 -3.795416475329343251e-14 3.572489989345906599e-13 4.302120490185177032e-13 1.188683819853658990e-12 5.192824059351896803e-12 9.285250482775066511e-12 3.738176538384321659e-12 9.779780865193625867e-13 6.904687362333023039e-13
3.996895486757372638e-12 6.670853890129831145e-13 4.621427756263990324e-12 2.875804622280873825e-13 -2.038121195722438309e-12 2.584948564156276286e-12 -2.038850616350036119e-12 -2.682712515305530291e-12 1.308201719156341775e-12 -3.116128271107121011e-12 -6.768556686613435247e-14 1.576935747751274683e-12 1.782481454405477229e-12 1.208083245143866270e-12 1.007433333869252450e-12 1.913540081720778243e-12 1.311051850606280384e-12 1.473374595583965883e-12 1.449112745652905816e-12 5.093571869397035319e-13 2.186273005221580190e-13 2.036743088199094672e-12 3.738176538384321659e-12 7.548467325192946861e-12 3.742125322465338926e-12 8.742488070745749262e-13
5.602296145760756984e-12 4.032610374160562669e-12 3.559868221667002588e-12 2.682725660196590518e-12 -2.571501146357162777e-12 -5.740337741199056643e-13 5.131729855493806548e-14 -3.415033354102837805e-12 6.067055561775094194e-13 -3.321721570890095578e-12 1.370860430064937377e-13 -8.655177746237627342e-13 1.662915318610287276e-13 2.577629797639261650e-13 -1.190818728495447811e-12 4.858127015817426489e-14 4.210534624771536670e-13 7.322952179657257329e-13 8.471677708520072382e-13 -1.594698686945064510e-13 -8.872226019997304530e-13 2.209677762380942136e-13 9.779780865193625867e-13 3.742125322465338926e-12 6.262739624296248846e-12 1.536935212098254144e-12
7.228426602745115371e-12 -4.674594864913772154e-12 -6.316778060861289535e-12 1.490377524523243005e-12 -2.128484698624813565e-12 -6.920802219274194839e-13 2.219379192973767654e-12 -1.517735915601130223e-12 -5.048565228888341834e-13 -1.536380524221564138e-12 2.108233167607708312e-13 5.840887230351887218e-13 -1.494561357478693668e-13 -2.725447156180261806e-13 -1.840846636954597428e-12 -5.870244133949178184e-13 -3.471084128301609471e-13 1.543554731898500539e-13 2.950081721264518768e-13 1.522267411874595018e-13 -6.088950042170144246e-13 -1.935850334462482293e-13 6.904687362333023039e-13 8.742488070745749262e-13 1.536935212098254144e-12 3.829412260554747496e-12
