1.045601836201899503e-08 1.178168384030761062e-09 -2.776071527396610156e-11 2.139125524674398038e-10 -3.294494029347337257e-10 -1.982495210223584999e-10 1.924486987816966161e-10 1.789546682545217358e-10 -2.171306933985287013e-10 8.002620322428615149e-11 -5.326055697822062899e-11 1.581241040872399957e-11 2.717321908815341198e-11 -4.379045965558147408e-12 -3.695240586499555998e-11 3.061548337511648489e-11 3.291245773530043628e-11 6.545367636657382712e-12 -7.619281321239408916e-12 2.704480859714857085e-11
1.178168384030761062e-09 5.184375255728831212e-09 6.579890678499983689e-10 3.411471803153966845e-10 -5.474664895249096170e-11 7.945100477206886950e-11 1.955047772595239962e-10 5.660825114601335689e-11 -5.403842049171120210e-11 -1.188411522376495000e-10 -9.014615227276773967e-11 -1.884359467272703486e-10 -1.632753730317468059e-11 -2.605529465471499210e-11 -1.291350280219599636e-11 -3.872135539693959681e-11 -2.465422424539812522e-12 1.306471293269267837e-11 -4.053571659032390022e-12 2.433302180729126538e-11
-2.776071527396610156e-11 6.579890678499983689e-10 4.853437632523992470e-09 7.307056153735677263e-11 -1.233742074111270544e-10 2.226700425300044456e-11 -2.616437661818916821e-11 -2.380829208387156388e-11 1.009788438618004549e-10 2.090191217971397285e-11 -1.825552182409182466e-10 -1.148590255828368014e-10 1.391618569848326967e-11 2.002256768084804965e-11 -1.938278359146840705e-11 -4.079714220971454042e-11 -4.371300809448926285e-11 1.553501398668138355e-11 4.676525252973683274e-11 2.689581493579419232e-11
2.139125524674398038e-10 3.411471803153966845e-10 7.307056153735677263e-11 2.471406886330201477e-09 -8.358597870953027186e-11 3.767325084628905303e-11 2.604298660193669148e-11 -1.062557755443381580e-10 -1.603456092308731004e-11 4.614500862285824714e-13 -2.774590185729942523e-11 -3.137763504824712022e-12 2.700466485875460994e-12 2.267023397759418491e-11 6.714963051220765143e-12 -1.200240080363011149e-12 2.389382564270216117e-11 4.002787002915588341e-12 1.672411579822501180e-11 1.823795513776378256e-11
-3.294494029347337257e-10 -5.474664895249096170e-11 -1.233742074111270544e-10 -8.358597870953027186e-11 1.764027259823451278e-09 1.663270666115360568e-10 -7.458548405214779394e-11 1.674711235696982491e-12 8.131879434670052555e-11 -1.173968667232948832e-11 6.006869579271225032e-11 1.609461750324045996e-11 3.077334900991908640e-11 2.065579156023547319e-11 1.160003053917346969e-11 3.691927848481637014e-11 5.484233771267582257e-11 5.822363878635522989e-11 8.448886586521294690e-12 -4.945683676479557208e-12
-1.982495210223584999e-10 7.945100477206886950e-11 2.226700425300044456e-11 3.767325084628905303e-11 1.663270666115360568e-10 1.101900824144307448e-09 1.343606002403981498e-10 3.691288925664324645e-11 -8.479357315843618722e-12 -5.378305124068936109e-11 2.543942579502908999e-11 -8.828305836319820054e-12 -3.473874160107504882e-11 4.192430067290928907e-12 -2.324045430309581962e-11 -4.412650505393273725e-11 1.098271718093982672e-11 1.103730038116964741e-11 2.047381083704533951e-11 1.151419104342335558e-12
1.924486987816966161e-10 1.955047772595239962e-10 -2.616437661818916821e-11 2.604298660193669148e-11 -7.458548405214779394e-11 1.343606002403981498e-10 7.186285385410034695e-10 1.116928463552770384e-10 -2.776770798346092420e-11 3.752753105224635106e-11 -1.057654503418245015e-11 5.339054270053425120e-11 2.802163626351173681e-11 1.042005493733585093e-11 2.055471584261980361e-11 -4.629037465213242057e-12 -9.033355343227069311e-12 -1.380258257308021620e-11 -1.724751388996810026e-11 5.485424425785790478e-12
1.789546682545217358e-10 5.660825114601335689e-11 -2.380829208387156388e-11 -1.062557755443381580e-10 1.674711235696982491e-12 3.691288925664324645e-11 1.116928463552770384e-10 4.242137933279685181e-10 1.666295810341445821e-12 3.612605430765162342e-11 -1.072104898345560022e-11 1.313253207822845076e-12 1.925070674501647977e-11 2.099323192829113891e-11 2.246523028447889018e-11 -6.009166998501333933e-12 -1.405968757944166510e-11 -6.328047785970929593e-13 -1.579867904221825451e-11 -6.804357476273533465e-12
-2.171306933985287013e-10 -5.403842049171120210e-11 1.009788438618004549e-10 -1.603456092308731004e-11 8.131879434670052555e-11 -8.479357315843618722e-12 -2.776770798346092420e-11 1.666295810341445821e-12 3.315424436751664983e-10 -1.357360248792233595e-11 2.938803411372284950e-12 1.982818734862336127e-11 1.015168503272459171e-11 1.035298376408994608e-11 1.355796043554679430e-12 -3.600530735010126407e-13 -1.086577948238777812e-12 -3.923280304396740001e-12 -2.059694586202572767e-12 -1.074033634187730627e-11
8.002620322428615149e-11 -1.188411522376495000e-10 2.090191217971397285e-11 4.614500862285824714e-13 -1.173968667232948832e-11 -5.378305124068936109e-11 3.752753105224635106e-11 3.612605430765162342e-11 -1.357360248792233595e-11 1.881622982874271890e-10 9.411868871013690732e-12 4.970792873014107078e-12 1.882376369729861701e-12 2.719942182962494965e-12 -7.530583850976667668e-13 1.448500153193815414e-11 -5.151802271353369040e-12 -1.587460254720515309e-12 2.879858351672877940e-12 3.044723010073668932e-12
-5.326055697822062899e-11 -9.014615227276773967e-11 -1.825552182409182466e-10 -2.774590185729942523e-11 6.006869579271225032e-11 2.543942579502908999e-11 -1.057654503418245015e-11 -1.072104898345560022e-11 2.938803411372284950e-12 9.411868871013690732e-12 1.709627419518971627e-10 2.755790247385382954e-11 3.000461015252133800e-12 2.587840455520738981e-12 4.456739136001341144e-12 5.485154967706347825e-12 6.024632768599364807e-12 1.752188913019932903e-12 -5.547369211030546730e-12 -5.314710295663562841e-12
1.581241040872399957e-11 -1.884359467272703486e-10 -1.148590255828368014e-10 -3.137763504824712022e-12 1.609461750324045996e-11 -8.828305836319820054e-12 5.339054270053425120e-11 1.313253207822845076e-12 1.982818734862336127e-11 4.970792873014107078e-12 2.755790247385382954e-11 1.228299715917836930e-10 3.179113790782900780e-11 6.187933473885393769e-12 6.846639182255887297e-12 6.535658779912477571e-12 -3.954955610537856334e-12 -4.998690863910290914e-12 -5.715657229080464509e-12 -5.376488993510974963e-12
2.717321908815341198e-11 -1.632753730317468059e-11 1.391618569848326967e-11 2.700466485875460994e-12 3.077334900991908640e-11 -3.473874160107504882e-11 2.802163626351173681e-11 1.925070674501647977e-11 1.015168503272459171e-11 1.882376369729861701e-12 3.000461015252133800e-12 3.179113790782900780e-11 8.744219231210463750e-11 1.936023440905913132e-11 1.148695684415802719e-11 3.197178775760846234e-12 -3.435002213184970847e-12 -3.961069975832410055e-12 -5.350180573294866988e-12 -1.265664930350279222e-12
-4.379045965558147408e-12 -2.605529465471499210e-11 2.002256768084804965e-11 2.267023397759418491e-11 2.065579156023547319e-11 4.192430067290928907e-12 1.042005493733585093e-11 2.099323192829113891e-11 1.035298376408994608e-11 2.719942182962494965e-12 2.587840455520738981e-12 6.187933473885393769e-12 1.936023440905913132e-11 6.441763536481643560e-11 2.496599067098775268e-11 9.863201535191283069e-12 4.199399517996184798e-12 -7.174639762488661482e-13 -6.358667406428063272e-13 1.132913127815639454e-12
-3.695240586499555998e-11 -1.291350280219599636e-11 -1.938278359146840705e-11 6.714963051220765143e-12 1.160003053917346969e-11 -2.324045430309581962e-11 2.055471584261980361e-11 2.246523028447889018e-11 1.355796043554679430e-12 -7.530583850976667668e-13 4.456739136001341144e-12 6.846639182255887297e-12 1.148695684415802719e-11 2.496599067098775268e-11 5.225244300509456214e-11 1.626662746628735334e-11 3.947823443668971644e-12 -7.948015558575648941e-13 -3.765642467479154633e-12 -8.290950949218781096e-13
3.061548337511648489e-11 -3.872135539693959681e-11 -4.079714220971454042e-11 -1.200240080363011149e-12 3.691927848481637014e-11 -4.412650505393273725e-11 -4.629037465213242057e-12 -6.009166998501333933e-12 -3.600530735010126407e-13 1.448500153193815414e-11 5.485154967706347825e-12 6.535658779912477571e-12 3.197178775760846234e-12 9.863201535191283069e-12 1.626662746628735334e-11 3.402327390526353978e-11 8.565825567926530523e-12 3.507251012327285863e-12 8.213703149053921898e-13 -1.028055118580705424e-12
3.291245773530043628e-11 -2.465422424539812522e-12 -4.371300809448926285e-11 2.389382564270216117e-11 5.484233771267582257e-11 1.098271718093982672e-11 -9.033355343227069311e-12 -1.405968757944166510e-11 -1.086577948238777812e-12 -5.151802271353369040e-12 6.024632768599364807e-12 -3.954955610537856334e-12 -3.435002213184970847e-12 4.199399517996184798e-12 3.947823443668971644e-12 8.565825567926530523e-12 2.600633714768418469e-11 8.541657191493704908e-12 2.785569870623394692e-13 -2.591863487866427600e-13
6.545367636657382712e-12 1.306471293269267837e-11 1.553501398668138355e-11 4.002787002915588341e-12 5.822363878635522989e-11 1.103730038116964741e-11 -1.380258257308021620e-11 -6.328047785970929593e-13 -3.923280304396740001e-12 -1.587460254720515309e-12 1.752188913019932903e-12 -4.998690863910290914e-12 -3.961069975832410055e-12 -7.174639762488661482e-13 -7.948015558575648941e-13 3.507251012327285863e-12 8.541657191493704908e-12 1.946809935081222497e-11 4.387759778567416469e-12 1.312026211092656241e-12
-7.619281321239408916e-12 -4.053571659032390022e-12 4.676525252973683274e-11 1.672411579822501180e-11 8.448886586521294690e-12 2.047381083704533951e-11 -1.724751388996810026e-11 -1.579867904221825451e-11 -2.059694586202572767e-12 2.879858351672877940e-12 -5.547369211030546730e-12 -5.715657229080464509e-12 -5.350180573294866988e-12 -6.358667406428063272e-13 -3.765642467479154633e-12 8.213703149053921898e-13 2.785569870623394692e-13 4.387759778567416469e-12 1.368395229162839924e-11 2.455409372447994307e-12
2.704480859714857085e-11 2.433302180729126538e-11 2.689581493579419232e-11 1.823795513776378256e-11 -4.945683676479557208e-12 1.151419104342335558e-12 5.485424425785790478e-12 -6.804357476273533465e-12 -1.074033634187730627e-11 3.044723010073668932e-12 -5.314710295663562841e-12 -5.376488993510974963e-12 -1.265664930350279222e-12 1.132913127815639454e-12 -8.290950949218781096e-13 -1.028055118580705424e-12 -2.591863487866427600e-13 1.312026211092656241e-12 2.455409372447994307e-12 8.558158692427970108e-12
