9.082531699207865985e-09 2.150060398029017343e-10 -2.426506684128316085e-10 -8.789889061712733377e-10 2.597043377682695928e-10 2.814615509178207178e-11 1.970212733189434087e-10 8.805956882293041662e-11 -1.902263786168626668e-10 1.217932793798977015e-10 1.204825050164291242e-10 -9.085734573501540788e-11 -5.257642142958163614e-11 9.417169292528259229e-12 4.181391016153262882e-11 -8.932453472986987193e-11 -6.128154128246164021e-11 -4.550523114540276423e-11 -5.283472880830097343e-11 2.045068881672820731e-11
2.150060398029017343e-10 5.504404727518084602e-09 6.386695212055572818e-10 3.865554789787395859e-10 4.236572642809972717e-10 2.279145926937763929e-10 -1.140276199326720108e-10 1.407886261275993378e-11 -2.148180392510960855e-12 -4.642740075562826158e-11 -5.398858735871402419e-11 5.876271870865945162e-11 6.435126508001058546e-11 6.242524511003103470e-11 -6.716290637227783156e-11 -1.117065150635856766e-10 -4.952382925528234409e-12 -1.423431457249444647e-11 -1.273897999628849099e-11 -1.808659262976528197e-12
-2.426506684128316085e-10 6.386695212055572818e-10 2.979058762802064922e-09 3.135896382160520384e-10 1.612020941016674024e-10 1.759029763181673650e-10 2.758597001329579865e-10 -2.355292818081839817e-11 1.036772565608337190e-10 -3.686757231448312019e-11 1.013848126135292037e-11 3.462065577111408684e-11 -2.430247750950738579e-13 3.850270580485111786e-11 3.071658187747214905e-11 9.018405233733566182e-12 2.732450872938997992e-11 1.984906367872595625e-12 1.637625925067376436e-11 2.858030804687388565e-11
-8.789889061712733377e-10 3.865554789787395859e-10 3.135896382160520384e-10 2.194419908232528619e-09 -1.445156351557988208e-12 1.402354360155444304e-10 -2.312725889519694297e-11 -5.909645773939061409e-11 -1.481051366490842093e-11 -1.078165269221531027e-10 1.853966663484111191e-11 -2.111874281636475316e-12 3.613795571838517153e-11 5.058684126714902492e-12 -2.132552942531311611e-11 -3.240890147093009469e-12 1.803585567249786526e-11 1.249000207098461235e-11 3.100271540474076350e-12 -9.140099179100584842e-13
2.597043377682695928e-10 4.236572642809972717e-10 1.612020941016674024e-10 -1.445156351557988208e-12 2.015884855961502428e-09 1.361705016930860064e-10 5.710493033664295859e-11 6.520787468662576055e-11 6.280263575317649334e-11 1.608006102171054164e-11 6.951627950323499719e-11 4.520198122075468162e-11 8.506501431887056593e-11 1.731791277809280817e-11 7.296233739495186979e-11 1.042884654020843485e-11 -2.266702016731023234e-11 2.620352270586632467e-11 -1.450191357106069006e-11 -6.606026600282272083e-12
2.814615509178207178e-11 2.279145926937763929e-10 1.759029763181673650e-10 1.402354360155444304e-10 1.361705016930860064e-10 8.966039055405872521e-10 1.571442995858399864e-10 7.733421331966824036e-12 1.496560162466231411e-11 -7.610384841785105459e-12 2.579116279423209679e-11 -1.988248026191642384e-13 2.532203927113522295e-11 2.231041547805145310e-11 1.749289849228080733e-11 7.205672850443014148e-12 -5.148008773677063240e-12 -7.455421737770998531e-12 -3.309140619688153200e-12 2.013937708934774589e-11
1.970212733189434087e-10 -1.140276199326720108e-10 2.758597001329579865e-10 -2.312725889519694297e-11 5.710493033664295859e-11 1.571442995858399864e-10 5.843281039084979827e-10 7.665970501906725089e-11 1.642866344953611401e-11 1.690753172195733783e-11 9.788693749712150547e-12 5.712522692085011965e-12 -8.401874164833071403e-12 -2.088889843377052644e-11 9.294303884556268886e-12 8.724776376115963820e-12 -5.203411683434769286e-12 1.149467349270756152e-11 5.510960400442862327e-12 1.195511269681844554e-12
8.805956882293041662e-11 1.407886261275993378e-11 -2.355292818081839817e-11 -5.909645773939061409e-11 6.520787468662576055e-11 7.733421331966824036e-12 7.665970501906725089e-11 4.808150213928085196e-10 1.311607662821790551e-11 2.686877014839234147e-11 -4.233193035508027387e-11 -2.310780417531850143e-11 -2.027913241442716727e-11 -8.966942488197680379e-12 -1.477268890049153502e-11 2.037061476681520304e-11 1.361812328259441993e-11 1.104306964491990694e-11 7.016595742172328250e-12 -7.552068885120744128e-12
-1.902263786168626668e-10 -2.148180392510960855e-12 1.036772565608337190e-10 -1.481051366490842093e-11 6.280263575317649334e-11 1.496560162466231411e-11 1.642866344953611401e-11 1.311607662821790551e-11 2.906046266946892116e-10 3.377612618061599656e-11 2.570240620735881720e-11 3.281746090998645532e-11 2.350574696002800784e-11 1.869642149357629921e-11 -2.135851343225112906e-12 -4.372042085349012149e-12 -9.389011027634240249e-12 7.625078964783681957e-12 2.255162256902797111e-12 1.464108063694211365e-13
1.217932793798977015e-10 -4.642740075562826158e-11 -3.686757231448312019e-11 -1.078165269221531027e-10 1.608006102171054164e-11 -7.610384841785105459e-12 1.690753172195733783e-11 2.686877014839234147e-11 3.377612618061599656e-11 2.039328910969436893e-10 2.325241109172204788e-11 2.340759736240317891e-12 9.789563281660681257e-12 6.870264848533574193e-12 -4.931708553504028524e-12 1.977754641961310564e-12 -5.618798049235869225e-12 -5.582912920824126261e-12 7.063446260414466863e-13 4.817706451162135292e-13
1.204825050164291242e-10 -5.398858735871402419e-11 1.013848126135292037e-11 1.853966663484111191e-11 6.951627950323499719e-11 2.579116279423209679e-11 9.788693749712150547e-12 -4.233193035508027387e-11 2.570240620735881720e-11 2.325241109172204788e-11 1.575873006410867537e-10 3.160841941580165708e-11 4.653983063148623981e-12 1.606966126572228241e-11 8.587771671625075663e-12 1.044698977875061549e-13 -5.640718006560409300e-12 3.922102032157489612e-13 -7.721598709372112035e-12 4.395059920923065476e-12
-9.085734573501540788e-11 5.876271870865945162e-11 3.462065577111408684e-11 -2.111874281636475316e-12 4.520198122075468162e-11 -1.988248026191642384e-13 5.712522692085011965e-12 -2.310780417531850143e-11 3.281746090998645532e-11 2.340759736240317891e-12 3.160841941580165708e-11 1.180070589163875271e-10 4.367956017040815909e-11 2.431705499399579575e-11 1.134651028930755004e-11 8.796991771911527994e-12 2.586002099183559092e-12 3.425620118367006860e-12 -2.746954645593049057e-12 -1.381786684059225130e-12
-5.257642142958163614e-11 6.435126508001058546e-11 -2.430247750950738579e-13 3.613795571838517153e-11 8.506501431887056593e-11 2.532203927113522295e-11 -8.401874164833071403e-12 -2.027913241442716727e-11 2.350574696002800784e-11 9.789563281660681257e-12 4.653983063148623981e-12 4.367956017040815909e-11 1.235885890928864532e-10 4.043508527270405562e-11 2.083910398405516212e-11 7.869814017320814932e-12 -1.612021202512228014e-12 -1.988256663832901334e-12 -2.380426117061759677e-12 4.713271923942385842e-12
9.417169292528259229e-12 6.242524511003103470e-11 3.850270580485111786e-11 5.058684126714902492e-12 1.731791277809280817e-11 2.231041547805145310e-11 -2.088889843377052644e-11 -8.966942488197680379e-12 1.869642149357629921e-11 6.870264848533574193e-12 1.606966126572228241e-11 2.431705499399579575e-11 4.043508527270405562e-11 7.111931883048261697e-11 2.540135704856257722e-11 1.000979396431166425e-11 -1.829015038608593857e-12 2.037646374850032704e-13 3.243494624709852455e-12 1.876595788895861521e-12
4.181391016153262882e-11 -6.716290637227783156e-11 3.071658187747214905e-11 -2.132552942531311611e-11 7.296233739495186979e-11 1.749289849228080733e-11 9.294303884556268886e-12 -1.477268890049153502e-11 -2.135851343225112906e-12 -4.931708553504028524e-12 8.587771671625075663e-12 1.134651028930755004e-11 2.083910398405516212e-11 2.540135704856257722e-11 6.262157319652007978e-11 2.016864538847889258e-11 3.715566379531073270e-12 6.397928641820145835e-12 3.956574069937415446e-12 2.852016607975907157e-12
-8.932453472986987193e-11 -1.117065150635856766e-10 9.018405233733566182e-12 -3.240890147093009469e-12 1.042884654020843485e-11 7.205672850443014148e-12 8.724776376115963820e-12 2.037061476681520304e-11 -4.372042085349012149e-12 1.977754641961310564e-12 1.044698977875061549e-13 8.796991771911527994e-12 7.869814017320814932e-12 1.000979396431166425e-11 2.016864538847889258e-11 3.522252218010737024e-11 1.297210769009617302e-11 1.186825466543469172e-11 4.467241413459717993e-12 -1.200737352024676895e-12
-6.128154128246164021e-11 -4.952382925528234409e-12 2.732450872938997992e-11 1.803585567249786526e-11 -2.266702016731023234e-11 -5.148008773677063240e-12 -5.203411683434769286e-12 1.361812328259441993e-11 -9.389011027634240249e-12 -5.618798049235869225e-12 -5.640718006560409300e-12 2.586002099183559092e-12 -1.612021202512228014e-12 -1.829015038608593857e-12 3.715566379531073270e-12 1.297210769009617302e-11 3.451279922531578435e-11 1.671620892883250842e-11 4.989026972260123425e-12 1.240958588814655997e-13
-4.550523114540276423e-11 -1.423431457249444647e-11 1.984906367872595625e-12 1.249000207098461235e-11 2.620352270586632467e-11 -7.455421737770998531e-12 1.149467349270756152e-11 1.104306964491990694e-11 7.625078964783681957e-12 -5.582912920824126261e-12 3.922102032157489612e-13 3.425620118367006860e-12 -1.988256663832901334e-12 2.037646374850032704e-13 6.397928641820145835e-12 1.186825466543469172e-11 1.671620892883250842e-11 3.269554478463850093e-11 1.376178239345138812e-11 2.319920244852769499e-12
-5.283472880830097343e-11 -1.273897999628849099e-11 1.637625925067376436e-11 3.100271540474076350e-12 -1.450191357106069006e-11 -3.309140619688153200e-12 5.510960400442862327e-12 7.016595742172328250e-12 2.255162256902797111e-12 7.063446260414466863e-13 -7.721598709372112035e-12 -2.746954645593049057e-12 -2.380426117061759677e-12 3.243494624709852455e-12 3.956574069937415446e-12 4.467241413459717993e-12 4.989026972260123425e-12 1.376178239345138812e-11 2.340454267262947877e-11 6.567285187458603839e-12
2.045068881672820731e-11 -1.808659262976528197e-12 2.858030804687388565e-11 -9.140099179100584842e-13 -6.606026600282272083e-12 2.013937708934774589e-11 1.195511269681844554e-12 -7.552068885120744128e-12 1.464108063694211365e-13 4.817706451162135292e-13 4.395059920923065476e-12 -1.381786684059225130e-12 4.713271923942385842e-12 1.876595788895861521e-12 2.852016607975907157e-12 -1.200737352024676895e-12 1.240958588814655997e-13 2.319920244852769499e-12 6.567285187458603839e-12 1.552620543002902520e-11
